> gi|372863074|gb|JN867588.1|
      31     24710        40
    8123     45408        20
    8378     68244        30
   38363    159914        21
   38367    103888        21
   46137     77711        22
   46195    104367        24
   53630     65570        20
   68180    137996        20
   81652     81036        21
   92890    119933        20
   93169    120119        32
   93290    120240        28
   94684    121943        21
   94708    121967        27
   95357    122901        31
   95471    123070        21
   95503    123102        74
   96143    123746        23
   96201    123804        28
   96303    123906        37
   96509    124112        29
   96548    124151        37
   96596    124199        40
   96686    124289        32
   96746    124349        22
   96817    124420        80
   96924    124527        39
   96964    124567        21
   97015    124621        33
   97170    124770        29
   97200    124800        24
   97323    124923        23
   97668    125308        31
   97771    125411        30
   97802    125442        39
   97842    125482        22
   97868    125508        20
   97970    125610        28
   98009    125649        38
   98094    125734        31
   98136    125776        26
   98209    125849        27
   98239    125879        24
   98339    125984        29
   98638    126325        20
   98659    126346        27
   98740    126427        26
   98783    126473        37
   98857    126547        25
   98911    126601        21
   98978    126668        22
   99007    126697        35
   99043    126733        20
   99198    126887        20
   99219    126908        34
   99289    126986        32
   99421    127123        20
   99442    127144        27
   99587    127277        26
   99704    127397        32
   99737    127430        59
   99800    127493        20
   99821    127514        35
   99857    127550        53
   99942    127635        23
  100630    128325        28
  101018    128675        22
  101202    128857        27
  101252    128907        21
  101442    129325        24
  101461    129352        24
  101526    129433        86
  101655    129576        20
  101733    129651        21
  101797    129715        38
  101836    129754       106
  101943    129861        40
  101984    129902        31
  102016    129934        40
  102088    130006        34
  102137    130056        61
  102199    130118        59
  102261    130180        41
  102303    130222        59
  102363    130282       234
  102598    130517       128
  102740    130659        35
  102793    130712       109
  102903    130822        59
  102983    130902        47
  103063    130982       274
  103599    131536        58
  103681    131618        24
  103718    131655        66
  103899    131841        38
  103939    131881        21
  103984    131922        54
  104056    131987        30
  104253    132175        26
  104478    132392        57
  104574    132489        53
  104695    132615        70
  104801    132721        21
  104949    132869        29
  104989    132909        20
  105010    132930        47
  105116    133037        22
  105319    133220        21
  105380    133277        25
  105421    133306        89
  105550    133438        35
  105703    133585        22
  105757    133613        20
  105778    133634        26
  105828    133684        57
  105895    133751        30
  105926    133782        98
  106025    133881        26
  106052    133908        24
  106105    133960        22
  106142    133997       106
  106249    134104        54
  106325    134181        64
  106387    134244        21
  106409    134266       117
  106527    134384        94
  106624    134482        82
  106730    134588        41
  106781    134639        50
  106838    134696        92
  106931    134789        29
  106961    134819        35
  107018    134876       134
  107153    135011        41
  107196    135054        59
  107273    135132        45
  107321    135180        58
  107395    135254        28
  107424    135283        95
  107524    135383        52
  107577    135436        50
  107628    135487        27
  107661    135520       123
  107785    135644        70
  107856    135715        21
  107888    135747        30
  107924    135783        36
  107961    135820        23
  107998    135857        94
  108096    135955       159
  108256    136115        54
  108318    136177        86
  108405    136264       141
  108638    136503        20
  108674    136539        30
  108705    136570        31
  108737    136602        27
  108770    136635        28
  108988    136877        22
  109011    136900        68
  109082    136971        44
  109292    137112        22
  109363    137176        81
  110030    138022        46
  130641      1044        46
  131273      1855        81
  131403      1978        22
  131591      2097        44
  131638      2144        68
  131707      2213        22
  131919      2449        28
  131953      2483        27
  131981      2511        31
  132013      2543        30
  132059      2589        20
  132171      2707       141
  132313      2849        86
  132407      2943        54
  132462      2998       159
  132625      3161        94
  132733      3269        23
  132757      3293        36
  132799      3335        30
  132840      3376        21
  132862      3398        70
  132933      3469       123
  133062      3598        27
  133090      3626        50
  133141      3677        52
  133198      3734        95
  133294      3830        28
  133338      3874        58
  133399      3935        45
  133462      3999        59
  133523      4060        41
  133565      4102       134
  133721      4258        35
  133757      4294        29
  133787      4324        92
  133886      4423        50
  133946      4483        41
  134011      4548        82
  134096      4634        94
  134191      4729       117
  134309      4847        21
  134328      4867        64
  134414      4954        54
  134469      5009       106
  134590      5130        22
  134641      5180        24
  134666      5205        26
  134693      5232        98
  134792      5331        30
  134832      5371        57
  134913      5452        26
  134940      5479        20
  134992      5505        22
  135132      5639        35
  135207      5717        89
  135312      5810        25
  135377      5871        21
  135579      6053        22
  135660      6135        47
  135708      6183        20
  135739      6214        29
  135895      6370        21
  135952      6427        70
  136090      6570        53
  136182      6663        57
  136438      6911        26
  136631      7095        30
  136679      7136        54
  136757      7210        21
  136780      7233        38
  136933      7391        66
  137012      7470        24
  137060      7518        58
  137380      7856       274
  137687      8163        47
  137755      8231        59
  137815      8291       109
  137942      8418        35
  137991      8467       128
  138120      8596       234
  138355      8831        59
  138415      8891        41
  138459      8935        59
  138519      8995        61
  138595      9072        34
  138661      9138        40
  138702      9179        31
  138734      9211        40
  138775      9252       106
  138882      9359        38
  138963      9440        21
  139042      9516        20
  139105      9593        86
  139232      9736        24
  139251      9763        24
  139444     10184        21
  139488     10228        27
  139677     10415        22
  140059     10759        28
  140697     11399        32
  140752     11454        23
  140807     11509        53
  140861     11563        35
  140897     11599        20
  140921     11623        59
  140981     11683        32
  141104     11809        26
  141248     11941        27
  141276     11969        20
  141396     12094        32
  141464     12170        34
  141499     12205        20
  141654     12359        20
  141675     12380        35
  141717     12422        22
  141785     12490        21
  141835     12540        25
  141897     12602        37
  141951     12659        26
  142031     12739        27
  142059     12767        20
  142349     13099        29
  142454     13209        24
  142481     13236        27
  142555     13310        26
  142592     13347        31
  142670     13425        38
  142719     13474        28
  142829     13584        20
  142853     13608        22
  142876     13631        39
  142916     13671        30
  143018     13773        31
  143371     14166        23
  143493     14288        24
  143518     14313        29
  143669     14458        33
  143732     14524        21
  143754     14546        39
  143820     14612        80
  143949     14741        22
  143999     14791        32
  144081     14873        40
  144132     14924        37
  144179     14971        29
  144377     15169        37
  144488     15280        28
  144551     15343        23
  145140     15936        74
  145225     16021        21
  145329     16180        31
  145982     17118        27
  146012     17148        21
  147399     18844        28
  147516     18961        32
  147807     19159        20
  152824     25075        34
  154638     26988        51
  154699     27049        21
