> gi|630056833|gb|KJ477692.1|
    1146     22541        20
    1188     22583        27
    2097     24502        20
    2211     24616        20
    2241     24646        43
    2355     24760        29
    2439     24844        29
    3091     25556        32
    3377     25847        24
    3663     26133        26
    3718     26188        21
    3765     26235        26
    3831     26301        20
    3899     26369        21
    4879     27262        21
    5455     27926        29
    5820     28320        21
    5884     28384        26
    5983     28483        41
    6151     28651        20
    6592     29092        35
    6841     29341        50
   24697      5228        24
   27928      8380        24
   27991      8443        20
   28674      9239        36
   29121      9696        32
   29527      9948        64
   29778     10206        34
   29813     10241        26
   30197     10609        20
   30266     10678        23
   30413     10825        23
   30659     11071        20
   30739     11151        24
   30884     11296        20
   30953     11365        29
   31337     11749        26
   32633     13100        24
   33171     13739        22
   46641     57305        26
   61453    142885        25
   62784     44680        68
   63323     45278        23
   72168     53635        21
   72424     53891        27
   72817     54284        20
   72943     54410        20
   72991     54458        20
   73060     54527        27
   73096     54563        20
   73186     54653        30
   73246     54713        27
   73405     54872        20
   73486     54953        23
   77109       147        25
   77510       561        23
   77617       668        21
   77644       695        24
   77933       984        20
   77966      1017        29
   78062      1113        23
   78104      1155        26
   78272      1323        20
   78401      1452        32
   91609    126696        26
   91636    126723        41
   91759    126846        29
   91822    126909        23
   92239    127326        32
   92695    127782        26
   94081    129456        29
   94166    129541        22
   94207    129582        26
   94276    129651        23
   94498    129864        21
   94853    130186        23
   95043    130376        25
  105323    158390        30
  106033    158710        69
  106225    159074        20
  106248    159097        32
  106296    159145        20
  106758    159432        21
  106798    159473        28
  106841    159577        20
  106900    159636        23
  106931    159667        52
  107015    159750        86
  107112    159847        50
  107164    159899       115
  107281    160016        45
  107332    160067        86
  107459    160194        24
  107510    160244        21
  107582    160316        53
  107636    160370        62
  108125    160963        38
  108224    161070        40
  108265    161111        42
  108308    161154        23
  108346    161192        28
  108375    161221        32
  108464    161296        60
  108636    161468        38
  108675    161507        50
  108755    161586        20
  108791    161622        39
  108844    161674        70
  108931    161761        25
  108974    161804        57
  109031    161856        22
  109074    161899        23
  109099    161924        21
  109224    162014        24
  109249    162039        34
  109284    162074        40
  109325    162115        30
  109536    162239        21
  109572    162275        44
  109617    162320        40
  109734    162437        20
  109771    162474        37
  109990    162670        35
  110125    162798        30
  110404    163112        27
  110476    163187        21
  110516    163227        22
  110592    163304        20
  110768    163489        65
  110939    163662        25
  110996    163731        36
  111035    163770        21
  111471    164196        36
  111861    164570        23
  111885    164594        22
  113103    164906        43
  113161    164964        24
  113209    165012        23
  113251    165054        41
  113293    165096        22
  113348    165151        29
  113429    165232        28
  113458    165261        21
  113480    165283        24
  113538    165338        31
  113599    165399        26
  113678    165478        54
  113733    165533        46
  113780    165580        28
  113838    165637        23
  113922    165721        23
  113969    165767        41
  114034    165832        33
  114108    165906        69
  114323    166119        28
  114437    166234        20
  114499    166273        24
  114550    166324        25
  114577    166351        49
  116258     91027        21
  116296     91065        26
  116376     91145        21
  116489     91258        25
  116776     91540        20
  117040     91805        21
  117226     91991        20
  117546     92311        25
  118249     92976        31
  118455     93182        23
  118509     93236        20
  119201     93938        21
  119268     94005        57
  119450     94187        23
  119558     94295        29
  119772     94509        25
  120622    167034        40
  120682    167094        20
  130069     15586        21
  130742     16204        21
  131050     16518        21
  132238     17620        20
  132855     18222        20
  133023     18457        24
  133823     19431        20
  133932     19532        24
  134667     20301        29
