> gi|442566390|gb|KC180772.1|
      10         1        94
     130       114        90
     221       205        35
     257       241        26
     276       263        25
     302       289        40
     343       323        23
     429       409        22
     457       437        59
     541       521        51
     593       573       290
     884       864       326
    1211      1191        67
    1279      1259       102
    1382      1362       354
    1737      1717        30
    1768      1748        31
    1788      1779        43
    1833      1824        20
    1854      1845       226
    2087      2078        80
    2192      2183        52
    2245      2236       237
    2483      2474        67
    2565      2556        57
    2623      2614        31
    2655      2646        29
    2685      2676        83
    2770      2761       261
    3068      3059       124
    3193      3184        56
    3250      3241        73
    3338      3329       116
    3454      3439        73
    3528      3513        86
    3615      3600        89
    3769      3756        63
    3833      3820        42
    3876      3863        79
    3964      3950        92
    4057      4036        38
    4100      4079       139
    4240      4219        37
    4278      4257       154
    4433      4412        71
    4498      4476        33
    4621      4599        28
    4663      4640        58
    4712      4690        40
    4753      4731        29
    4783      4761        67
    4869      4847        39
    4931      4909        33
    4965      4943        24
    4983      4960        70
    5054      5031        39
    5100      5077       212
    5306      5282       173
    5481      5458       178
    5679      5656        70
    5762      5739       146
    5909      5886        23
    5933      5910        72
    6004      5975        44
    6049      6020       191
    6241      6212        66
    6324      6296        43
    6373      6352        61
    6435      6414        87
    6514      6492        42
    6557      6535        49
    6605      6577        32
    6652      6620        21
    6686      6655        32
    6719      6688        33
    6748      6713        75
    6839      6803       144
    6984      6948        25
    7041      7006        68
    7109      7073        41
    7177      7141       147
    7325      7289        24
    7350      7314        70
    7426      7385       111
    7550      7522       111
    7662      7634        52
    7714      7695       181
    7902      7887        83
    7976      7962       247
    8214      8199        84
    8315      8304        44
    8360      8349        24
    8386      8372        58
    8457      8443        34
    8492      8478        42
    8523     52003        23
    8537      8525        62
    8600      8588        75
    8680      8668        85
    8766      8749        33
    8799      8783       160
    8978      8962        41
    9020      9004        57
    9078      9062        34
    9113      9096       120
    9248      9231        27
    9292      9275        40
    9346      9329        28
    9367      9351        33
    9392      9378        27
    9420      9406        93
    9523      9512       149
    9692      9681        57
    9750      9739        27
    9802      9791        31
    9834      9823        95
    9932      9919        21
    9954      9941       106
   10061     10048        31
   10094     10081        33
   10128     10115        22
   10151     10138       116
   10275     10260        50
   10326     10311        49
   10376     10361        76
   10453     10438        74
   10536     10521        27
   10583     10568        37
   10630     10615        64
   10687     10673        64
   10763     10750        99
   10880     10867        54
   10940     10928        54
   10996     10994        23
   11021     11018        62
   11096     11090       138
   11235     11229       149
   11385     11379        43
   11429     11423       369
   11799     11793       467
   12270     12264       185
   12456     12450       258
   12715     12709        25
   12731     12726        92
   12824     12819       191
   13016     13011       155
   13172     13167       102
   13283     13284        54
   13339     13340       163
   13499     13493       154
   13653     13641        56
   13710     13698        57
   13768     13756        58
   13827     13802        97
   13925     13900       249
   14167     14148        28
   14196     14177       233
   14421     14399        26
   14448     14426        36
   14491     14469        30
   14522     14500        65
   14588     14566        24
   14606     14582       227
   14834     14810        73
   14912     14883        95
   15008     14979        24
   15047     15018        32
   15075     15045        95
   15189     15159       198
   15389     15360        41
   15436     15407       101
   15538     15509        36
   15575     15546        56
   15651     15622        25
   15706     15666        21
   15734     15693        32
   15770     15729        85
   15872     15825       169
   16042     15995        71
   16114     16067       122
   16237     16190       146
   16399     16352       155
   16555     16508       289
   16845     16798       282
   17128     17081        53
   17182     17135       160
   17343     17296        36
   17380     17333       317
   17701      8513        20
   17713     17667        64
   17788     17742        33
   17822     17776        44
   17896     17848        28
   17925     17877       206
   18132     18084       173
   18306     18258       209
   18516     18468        21
   18538     18490       175
   18714     18666        37
   18752     18704       106
   18859     18811        28
   18888     18840       140
   19048     19000        46
   19095     19047        34
   19130     19082        36
   19167     19119        25
   19193     19145        90
   19284     19236        90
   19375     19327        76
   19452     19404       172
   19625     19577       109
   19735     19687        86
   19822     19774       383
   20206     20158        55
   20262     20214        77
   20360     20312        34
   20398     20350        25
   20424     20376       208
   20633     20585       264
   20898     20850       542
   21441     21393       278
   21720     21672        51
   21772     21724        76
   21849     21801       127
   21977     21929       247
   22225     22177        38
   22264     22216        79
   22344     22296        56
   22401     22353       113
   22515     22467        77
   22593     22545       104
   22698     22650       275
   22974     22926       636
   23611     23563        23
   23635     23587       279
   23907     23860        25
   23933     23886        41
   23968     23923        89
   24058     24013        28
   24087     24042       254
   24349     24304        58
   24407     24356       367
   24775     24724        40
   24816     24765        78
   24895     24844       246
   25142     25091        50
   25193     25142       144
   25353     25302       282
   25636     25585       444
   26081     26030       267
   26349     26298       472
   26822     26771       129
   26952     26901        68
   27021     26970       443
   27465     27414       119
   27585     27534        62
   27648     27597        41
   27690     27639       267
   27958     27907       321
   28278     28224        39
   28322     28268        91
   28414     28360        78
   28502     28448        57
   28577     28522        73
   28651     28596       140
   28783     28736        49
   28833     28786        46
   28880     28833        91
   28975     28928        22
   28997     28947       107
   29096     29047        25
   29122     29073        33
   29156     29107       117
   29274     29225        59
   29350     29296        65
   29408     29355        67
   29503     29450       169
   29673     29620        64
   29738     29685        85
   29841     29788        64
   29917     29864        72
   29990     29937        28
   30041     29989        41
   30083     30031        46
   30130     30078       131
   30286     30235        46
   30333     30282       133
   30461     30415        42
   30504     30458        89
   30594     30548        46
   30641     30595        24
   30666     30620        21
   30684     30648        38
   30721     30679        49
   30789     30747        72
   30865     30828        79
   30945     30913        71
   31015     30989        46
   31058     31030        26
   31085     31057        22
   31108     31080        81
   31189     31156        60
   31250     31217        51
   31279     31268        32
   31331     31322        50
   31401     31392        44
   31446     31437        38
   31485     31476        53
   31539     31530       135
   31666     31656        47
   31719     31709       178
   31940     31929        20
   31967     31957        33
   32001     31991        84
   32094     32084        22
   32104     32617        29
   32134     32647        91
   32226     32739       147
   32376     32889       139
   32539     33057        37
   32587     33104        87
   32686     33203       397
   33089     33606        42
   33131     33644        23
   33155     33668        27
   33183     33696        35
   33196     33730        42
   33234     33765        27
   33263     33788        27
   33291     33816        61
   33353     33878        62
   33423     33948        21
   33445     33970        67
   33523     34048        61
   33625     34117        34
   33660     34152        28
   33699     34196        51
   33751     34248        68
   33820     34317       132
   33945     34440        93
   34041     34536        26
   34078     34556        46
   34154     34637        69
   34226     34709        49
   34276     34759        34
   34311     34794        34
   34347     34823       144
   34482     34961       186
   34670     35151        25
   34688     35168        40
   34722     35201        69
   34792     35271        93
   34922     35374        24
   34956     35386        47
   35004     35434        24
   35031     35461        48
   35080     35510       214
   35337     35743       203
   35541     35947        71
   35613     36019       143
   35757     36163       620
   36378     36784       602
   36981     37387       504
   37486     37892        68
   37555     37961        53
   37609     38015       437
   38049     38455        47
   38091     38502       103
   38195     38606        32
   38227     38632        99
   38327     38737        26
   38354     38764        86
   38456     38866        21
   38474     38891        44
   38519     38936        29
   38549     38966        59
   38609     39026        39
   38649     39066        91
   38741     39158       110
   38844     39260        29
   38908     39321        20
   38984     39337        20
   38999     39369        22
   39029     39400        31
   39062     39423        39
   39111     39474        23
   39187     39539        23
   39245     39667        46
   39393     39710        40
   39426     39750        36
   39485     39815        35
   39521     39851        78
   39591     39920       137
   39729     40058        30
   39757     40083        26
   39788     40114        46
   39829     40154       135
   39973     40307        48
   40022     40356        32
   40067     40401       373
   40441     40775        34
   40496     40830       807
   41304     41638       464
   41769     42103        91
   41861     42195      1378
   43240     43574       146
   43399     43733        57
   43457     43791        48
   43506     43840        57
   43564     43898       233
   43798     44132       214
   44013     44347       528
   44542     44876       182
   44725     45059       205
   44931     45265        82
   45014     45348        30
   45045     45379        20
   45084     45401        55
   45153     45470        56
   45210     45527        77
   45289     45607        62
   45352     45670        26
   45473     45749        48
   45521     45785        31
   45553     45817        97
   45653     45917       100
   45753     46010        26
   45797     46053        88
   45886     46142        83
   45990     46246        88
   46074     46326        76
   46161     46414        55
   46217     46470       355
   46565     46823        78
   46644     46902       153
   46798     47056       247
   47046     47304       294
   47342     47600        94
   47449     47707        52
   47502     47760        42
   47537     47793       142
   47669     47928       265
   47924     48184        25
   47945     48213        89
   48033     48299        68
   48102     48368        55
   48158     48424        64
   48223     48489        23
   48247     48513        33
   48271     48538        66
   48338     48605        53
   48392     48659        49
   48450     48719        76
   48524     48790        41
   48567     48832        83
   48655     48920       139
   48795     49060        65
   48861     49126        27
   48889     49154        43
   48933     49198        29
   48963     49227       247
   49211     49475        21
   49233     49497       686
   49917     50175        58
   49976     50234       224
   50201     50459        20
   50225     50480       106
   50345     50576        48
   50394     50625        39
   50458     50683        45
   50510     50741        28
   50525     50782        44
   50585     50842        31
   50632     50889        21
   50655     50912        88
   50744     51001        37
   50800     51057        21
   50822     51079        36
   50872     51125       118
   50993     51234        22
   51016     51257        32
   51058     51299        31
   51090     51331        57
   51148     51389        61
   51210     51451       210
   51421     51662       111
   51558     51766        37
   51596     51804        93
   51690     51898        21
   51712     51920        47
   51760     51968        44
   51810     52018        28
   51839     52047       401
   52277     52480        46
   52338     52541        72
   52411     52614        44
   52456     52659        44
   52503     52706        44
   52550     52753       107
   52658     52861        22
   52690     52893        39
   52730     52933        87
   52818     53021        87
   52906     53109        24
   52946     53149       215
   53162     53365        51
   53214     53417        55
   53300     53471       224
   53525     53696        77
   53603     53774       681
   54297     54468       134
   54432     54603       152
   54585     54756        55
   54655     54828        29
   54695     54868        32
   54728     54901        21
   54789     54969        66
   54891     55067        34
   54947     55123       109
   55050     55224       216
   55265     55440        69
   55335     55510        72
   55408     55583        89
   55522     55697       418
   55941     56116       116
   56058     56233        40
   56099     56274       186
   56286     56461       207
   56494     56669       296
   56791     56966        77
   56869     57044       263
   57133     57308        74
   57208     57383        95
   57304     57479       658
   57963     58138        74
   58038     58213        52
   58082     58258        95
   58178     58354        25
   58190     58379        23
   58214     58403       100
   58313     58501        63
   58388     58576        67
   58456     58644        36
   58506     58687        35
   58542     58750        22
   58565     58783        20
   58597     58815       315
   58913     59131       377
   59291     59509        29
   59321     59539       713
   60035     60253       182
   60236     60454        60
   60297     60515        73
   60385     60603        22
   60415     60632        48
   60464     60681        45
   60510     60727        37
   60555     60772        72
   60627     60839        30
   60661     60878        31
   60721     60939        24
   60733     60987        44
   60771     61019        27
   60799     61047        53
   60853     61101        38
   60915     61163        39
   60966     61214        47
   61014     61262        90
   61105     61353        59
   61199     61447        73
   61273     61521       102
   61376     61624       136
   61525     61773        55
   61581     61829        73
   61655     61903        56
   61712     61960       181
   61894     62142        41
   61943     62191       219
   62163     62411       304
   62468     62716        90
   62576     62824        28
   62615     62859        44
   62660     62905        36
   62708     62951       115
   62824     63067        27
   62849     63097        53
   62908     63233        64
   62973     63298        33
   63007     63332        22
   63056     63381       260
   63347     63672        72
   63427     63752        42
   63470     63795        35
   63506     63831        32
   63555     63880        35
   63583     63907       319
   63903     64227       217
   64121     64445        63
   64185     64509        54
   64245     64569        56
   64335     64659        24
   64360     64684        24
   64385     64709        77
   64461     64779        80
   64542     64860        22
   64565     64883        31
   64597     64915        51
   64662     64980        51
   64733     65067        53
   64793     65128        23
   64806     65142        36
   64847     65183        45
   64922     65253       108
   65031     65362        37
   65097     65429       126
   65224     65556       311
   65560     65892       174
   65735     66067       141
   65883     66215        88
   65982     66314        55
   66038     66370       104
   66143     66475       105
   66249     66581       188
   66438     66770       177
   66616     66948        72
   66689     67021        75
   66765     67097       230
   66996     67328        98
   67095     67427        23
   67125     67462        29
   67154     67486        24
   67179     67511        46
   67237     67569        21
   67251     67582        36
   67288     67619        53
   67357     67688        26
   67384     67715        37
   67422     67753        36
   67474     67793        86
   67581     67900        45
   67627     67946        22
   67650     67969        48
   67699     68018        49
   67749     68068        62
   67812     68131        89
   67894     68214       166
   68061     68381        56
   68118     68438       246
   68365     68685       842
   69208     69528        20
   69231     69551       100
   69332     69652        22
   69355     69675        24
   69393     69713        36
   69430     69750        49
   69475     69791        29
   69505     69821        80
   69595     69911       136
   69747     70062        23
   69805     70120        77
   69883     70198       175
   70072     70387        21
   70098     70413       154
   70253     70568        58
   70312     70627        58
   70373     70688       143
   70508     70822        23
   70529     70838        44
   70574     70883       169
   70734     71044        25
   70760     71070        21
   70782     71092        32
   70824     71127       215
   71045     71342        52
   71098     71395        31
   71142     71433        61
   71281     71509        94
   71369     71593       162
   71550     71774        63
   71615     71833        25
   71638     71958       154
   71807     72115        71
   71879     72187        31
   71904     72218       220
   72125     72439        47
   72163     72478        36
   72200     72515        43
   72244     72559       282
   72527     72842       132
   72653     72967        62
   72716     73030        73
   72790     73104       195
   72986     73300       378
   73367     73686        52
   73420     73739       118
   73571     73890        68
   73655     73974       166
   73812     74151        65
   73878     74217        24
   73914     74255        22
   73937     74278       203
   74141     74482        43
   74198     74539       182
   74381     74722       121
   74503     74844        99
   74618     74959        23
   74642     74983        27
   74670     75011       117
   74775     75117        23
   74799     75141        80
   74880     75222       172
   75042     75385       131
   75174     75517       203
   75385     75728       104
   75513     75860        35
   75539     75887        47
   75599     75947        99
   75699     76047       128
   75832     76173        56
   75909     76249        31
   75941     76281       142
   76084     76424        72
   76157     76497        68
   76226     76566       224
   76451     76791       145
   76590     76929        35
   76626     76965       239
   76866     77205       191
   77058     77397       821
   77886     78225       131
   78037     78376       175
   78213     78552        66
   78280     78619        31
   78312     78651       195
   78521     78860       384
   78906     79245       118
   79025     79364        36
   79073     79412        41
   79101     79444        88
   79190     79533        51
   79242     79585       113
   79377     79716       127
   79525     79864       160
   79696     80039        70
   79771     80114        38
   79826     80176       411
   80238     80588       480
   80719     81069       197
   80919     81270       123
   81043     81394        67
   81111     81462        60
   81172     81523        50
   81223     81574        51
   81296     81659       120
   81417     81780       110
   81528     81891        62
   81591     81954       158
   81750     82113       356
   82102     82470        46
   82140     82507        34
   82165     82534        58
   82224     82593       146
   82389     82758        44
   82434     82803        41
   82476     82845       295
   82772     83141       114
   82887     83256       374
   83270     83639       239
   83510     83879       133
   83644     84013        59
   83704     84073       124
   83853     84222        40
   83894     84263       105
   84000     84369        28
   84029     84398        23
   84053     84422        22
   84078     84447       118
   84197     84566        34
   84246     84615       566
   84813     85182        45
   84876     85250        24
   84901     85275        23
   84927     85301        34
   84962     85336        26
   84989     85363       415
   85394     85769        43
   85438     85811       148
   85587     85960       391
   85980     86353       119
   86100     86473        34
   86152     86525        50
   86227     86580        44
   86272     86625       131
   86404     86757        49
   86454     86807        20
   86473     86825        32
   86535     86891       123
   86670     87026        21
   86696     87057       116
   86813     87174        55
   86864     87220        66
   86950     87306        25
   86976     87332        29
   87025     87383        22
   87048     87406        22
   87087     87445        62
   87150     87508        26
   87177     87535        68
   87246     87604       212
   87459     87817        26
   87486     87844       128
   87638     87996        85
   87724     88082       153
   87878     88236        50
   87929     88287        85
   88015     88373        42
   88061     88419        32
   88094     88452        81
   88176     88534        67
   88236     88600        76
   88313     88677        35
   88349     88713        29
   88379     88743       150
   88562     88920      1266
   89829     90187       257
   90087     90445      1183
   91271     91629        84
   91356     91714      1668
   93025     93383       228
   93254     93612       270
   93525     93883        52
   93578     93936       268
   93847     94205       294
   94142     94500        26
   94169     94527       643
   94813     95171       145
   94959     95317        84
   95044     95402       726
   95743     96083       303
   96047     96387       146
   96194     96534        98
   96293     96633       421
   96715     97055       122
   96838     97178       180
   97019     97359       265
   97285     97625       186
   97472     97812       578
   98051     98391       291
   98343     98683        39
   98383     98723       898
   99282     99622      2327
  101610    101950      1579
  103188    103529       155
  103344    103685        81
  103421    103756        72
  103494    103829       517
  104012    104347       177
  104190    104525        55
  104246    104581      2352
  106599    106934       578
  107178    107513       295
  107465    107801        38
  107504    107840       569
  108074    108410       714
  108789    109125       640
  109430    109766      1836
  111267    111603      2104
  113373    113707       403
  113777    114111       107
  113885    114219       140
  114026    114360       201
  114228    114562       122
  114351    114685       357
  114713    115041        64
  114778    115106        99
  114878    115206        20
  114917    115245        20
  114972    115365        24
  115054    115462        57
  115112    115520       144
  115257    115665        37
  115295    115703        79
  115375    115783        56
  115432    115840        41
  115486    115894        60
  115547    115955        34
  115591    115999       106
  115708    116116        35
  115744    116152        52
  115828    116230        30
  115859    116261        20
  115880    116282        52
  115933    116335       281
  116221    116623        26
  116248    116650       224
  116473    116875       260
  116743    117145       405
  117149    117551       153
  117318    117720        48
  117367    117769        80
  117448    117850        40
  117511    117913        29
  117545    117946       121
  117667    118068        45
  117715    118115        24
  117740    118140        34
  117796    118195        75
  117875    118268        32
  117915    118308        27
  117980    118379        44
  118025    118424        38
  118072    118472        61
  118126    118525        77
  118195    118595        65
  118261    118661        99
  118361    118761        57
  118411    118812        24
  118434    118824        96
  118540    118933        31
  118595    118988        22
  118632    119025        34
  118667    119060        37
  118705    119098        29
  118735    119128        33
  118971    119200        53
  119025    119254        40
  119069    119299       149
  119226    119456        78
  119319    119544        53
  119373    119598       148
  119522    119747        82
  119619    119844        72
  119694    119919        67
  119762    119987        69
  119832    120057       140
  119973    120198       250
  120230    120455        44
  120275    120500        20
  120288    120519        58
  120360    120586       126
  120497    120732        77
  120578    120810        61
  120640    120872       118
  120759    120991        30
  120790    121022       115
  120906    121138        30
  120937    121169       103
  121041    121273        54
  121096    121328       262
  121359    121591        27
  121387    121619        52
  121440    121672        26
  121480    121712        32
  121513    121745       133
  121647    121879       239
  121887    122119        94
  121985    122217        21
  122007    122239        97
  122105    122337        29
  122151    122382        56
  122209    122441       109
  122319    122551        41
  122361    122593        83
  122445    122677       102
  122558    122790        50
  122613    122845        59
  122671    122908        62
  122743    122971        58
  122802    123030        22
  122828    123056        80
  122909    123137        29
  122939    123167       155
  123095    123323        42
  123138    123366        67
  123206    123434        32
  123239    123467        50
  123290    123518       118
  123409    123637       217
  123627    123855       177
  123805    124033        51
  123857    124085        60
  123918    124146        24
  123954    124182        23
  123978    124206        34
  124026    124253        23
  124067    124294        26
  124101    124328        54
  124146    124374        84
  124228    124442        26
  124259    124472        86
  124346    124559        53
  124400    124613       176
  124577    124790        41
  124619    124832        50
  124676    124889        56
  124733    124946       180
  124914    125127        44
  124959    125172        80
  125043    125256        50
  125094    125307        95
  125190    125403        59
  125250    125463        61
  125312    125525       242
  125566    125785        22
  125608    125827        46
  125650    125866        99
  125760    125976        62
  125823    126039        73
  125897    126113        86
  125984    126200        38
  126023    126239        36
  126060    126276        88
  126149    126365        68
  126227    126443        85
  126325    126541        70
  126396    126612        30
  126422    126635        21
  126454    126663       244
  126699    126908        77
  126777    126986       214
  126992    127201       361
  127354    127563        45
  127420    127629       224
  127645    127854       256
  127902    128111        45
  127948    128157       125
  128074    128283       183
  128275    128484        66
  128342    128551       128
  128477    128686        51
  128529    128738        34
  128564    128773        48
  128617    128827        75
  128714    128924        33
  128796    128972        33
  128841    129017        30
  128882    129058        53
  128936    129112        55
  128992    129168        50
  129043    129219        42
  129086    129262        51
  129150    129326        79
  129230    129406        83
  129330    129506        28
  129359    129535        20
  129385    129561       156
  129542    129718        44
  129603    129779        46
  129669    129845        22
  129716    129892        39
  129781    129957        21
  129803    129979        29
  129833    130009        41
  129875    130051        58
  129934    130110        59
  129987    130169        24
  130012    130194        30
  130043    130225        20
  130068    130235        46
  130133    130300        44
  130178    130345        22
  130218    130385        21
  130247    130414        22
  130270    130437        48
  130319    130486        48
  130368    130535        47
  130416    130583        26
  130443    130610        63
  130511    130678        30
  130542    130709        89
  130632    130799        51
  130684    130851        23
  130740    130907        58
  130835    131002        55
  130889    131050        38
  130937    131104        23
  130961    131128        30
  130992    131159        30
  131027    131194        31
  131059    131226        30
  131161    131307        25
  131187    131333        51
  131307    131453        60
  131368    131514        67
  131436    131582        21
  131458    131604        81
  131542    131688        37
  131602    131739        72
  131698    131835        65
  131764    131901        21
  131802    131939        34
  131888    132025        20
  131927    132064        47
  132010    132147        29
  132051    132188        31
  132083    132220        32
  132116    132253        51
  132171    132308        55
  132227    132364        48
  132320    132457        26
  132364    132501        55
  132420    132557        30
  132474    132611        31
  132511    132648        20
  132532    132669        27
  132560    132697        42
  132603    132740        20
  132624    132761        20
  132670    132807        37
  132740    132877        34
  132775    132912        57
  132833    132970        45
  132879    133016        52
  132982    133119        38
  133040    133177        38
  133080    133217        44
  133191    133328        42
  133238    133375        22
  133261    133398        30
  133338    133475        22
  133361    133498        40
  133428    133565        23
  133452    133589        36
  133489    133626        46
  133536    133673        20
  133557    133694        62
  133638    133775        20
  133659    133796        99
  133759    133896        64
  133828    133959       357
  134186    134317       122
  134309    134440       201
  134511    134642       140
  134652    134783       107
  134760    134891       403
  135165    135294      2104
  137270    137399      1836
  139107    139236       640
  139748    139877       714
  140463    140592       569
  141033    141162        38
  141063    141193       295
  141359    141489       578
  141938    142068      2352
  144291    144421        55
  144347    144477       177
  144525    144655       517
  145043    145173        72
  145111    145235        81
  145193    145317       155
  145347    145472      1579
  146927    147052      2327
  149255    149380       898
  150154    150279        39
  150194    150319       291
  150486    150611       578
  151065    151190       186
  151252    151377       265
  151518    151643       180
  151699    151824       122
  151822    151947       421
  152244    152369        98
  152343    152468       146
  152490    152615       303
  152766    152873       726
  153493    153600        84
  153578    153685       145
  153724    153831       643
  154368    154475        26
  154395    154502       294
  154690    154797       268
  154959    155066        52
  155012    155119       270
  155283    155390       228
  155512    155619      1668
  157181    157288        84
  157266    157373      1183
  158450    158557       257
  158708    158815      1266
