> gi|407030313|gb|JX513416.1|
     179       116        37
     247       184        20
     289       226        65
     367       304        20
     412       349        26
     439       376        23
     529       466        59
     589       526        20
     610       547        41
     667       604        41
     709       646        23
     754       691        59
     814       751        20
     835       772        50
     889       826        20
     952       889        53
    1018       955        35
    1075      1012        47
    1147      1084        26
    1174      1111        60
    1238      1175        29
    1287      1223        27
    1464      1400        35
    1527      1463        52
    1768      1724        29
    2194      2153        38
    2339      2298        24
    2416      2375        26
    2629      2582        36
    2731      2684        20
    2857      2810        26
    3531      3445        21
    3772      3718        25
    3939      3811        21
    4009      3881        59
    4695      4554        22
    4780      4639        60
    4842      4701        31
    4896      4755        38
    4935      4794        21
    5637      5482        21
    5699      5544        45
    5745      5590        21
    6789      7078        58
    7143      7443        21
    7254      7554        21
    7345      7645        47
    7698      8085        24
    7729      8116        23
    7973      8325        25
    8007      8359        44
   32893     16294        35
   33905      9342        31
   33937      9374        37
   34027      9464        23
   34060      9497        44
   34129      9566        20
   34150      9587        20
   34222      9659        20
   34255      9692        26
   34320      9757        27
   34450      9887        20
   34489      9926        20
   34534      9971        32
   34657     10094        20
   34684     10121        23
   34708     10145        23
   34744     10181        27
   34829     10266        31
   34861     10298        32
   34906     10343        20
   34948     10385        23
   34972     10409        54
   35029     10466        30
   35093     10530        23
   35123     10560        53
   35201     10638        32
   35288     10725        20
   35375     10812        29
   35405     10842       107
   35516     10953        20
   35537     10974        29
   35588     11025        23
   35612     11049        35
   35648     11085        20
   35705     11142        26
   35747     11184        23
   35771     11208        42
   35879     11316        26
   35906     11343        23
   35945     11382        20
   35969     11406        29
   36023     11460        20
   36102     11539        34
   36182     11619        32
   36215     11652        29
   36251     11688        21
   36341     11778        25
   36519     11968        40
   36566     12010        26
   36932     12409        47
   37046     12523        33
   37680     13394        28
   37711     13425        25
   37783     38650        30
   37814     38681        25
   37922     38818        20
   37943     38839        26
   37976     38872        23
   38102     39007        23
   38128     39033        37
   38331     39255        38
   38370     39294        53
   38445     39369        37
   38493     39417        45
   38556     39480        23
   38607     39531        38
   38646     39570        56
   38718     39642        32
   38751     39675        38
   38790     39714        26
   38892     39816        83
   38994     39918        32
   39120     40044        23
   39183     40107        41
   39240     40164        86
   39360     40284        20
   39384     40308        20
   39434     40358        21
   39456     40380        35
   39498     40422        28
   39589     40513        51
   39659     40583        30
   39720     40644        26
   39807     40731        26
   39903     40827        20
   39924     40848        29
   39963     40887        38
   40095     41019        21
   40134     41058        23
   40187     41111        24
   40218     41142        26
   40290     41214        29
   40338     41262        80
   40425     41349        71
   40510     41434        29
   40540     41464        20
   40561     41485        73
   40635     41559        63
   40699     41623        40
   40756     41680        71
   40873     41797        26
   40930     41854        50
   40993     41917        20
   41023     41947        29
   41083     42007        23
   41107     42031        28
   41197     42121        65
   41275     42199        38
   41335     42259        38
   41383     42307        20
   41404     42328        29
   41515     42439        29
   41551     42475        41
   41635     42559        21
   41657     42581        25
   41731     42655        20
   41797     42721        20
   41851     42775        26
   41994     42918        30
   42037     42961        20
   42061     42985        47
   42136     43060        49
   42186     43110        27
   42214     43138        20
   42338     43262        24
   42388     43312        20
   42409     43333        23
   42433     43357        23
   42457     43381        26
   42484     43408        32
   42540     43464        24
   42612     43536        66
   42679     43603        23
   42763     43687        52
   42968     43891        29
   43507     44410        23
   43570     44473        23
   43625     44523        40
   43811     44696        23
   43865     44752        31
   43943     44839        34
   44264     45158        20
   44302     45203        73
   44394     45295        23
   44430     45331        23
   44494     45395        25
   44520     45421        33
   44554     45455        31
   44614     45515        30
   44746     45647        20
   44855     45758        26
   45069     45989        25
   45101     46021        20
   45122     46042        35
   45338     46275        32
   46030     46912        31
   46062     46944        33
   46096     46978        42
   46161     47043        26
   46459     47323        20
   46625     47489        29
   46669     47533        44
   46732     47596        23
   46831     47695        20
   46852     47716        40
   46990     47854        20
   47424     48241        38
   48784     49120        23
   48808     49144        63
   48877     49213        20
   48943     49277        44
   49325     49675        20
   49351     49701        28
   49748     50079        66
   50519     50720        47
   50570     50771        41
   50615     50816        30
   50687     50888        20
   50768     50969        48
   50852     51053        27
   50911     51112        25
   50941     51142        24
   51380     51559        23
   51431     51610        20
   51473     51652        32
   51506     51685        23
   51548     51727        23
   51608     51787        92
   51701     51880        41
   51880     52056        34
   52006     52182        23
   52078     52254        26
   52198     52374        32
   53824     53076        39
   53919     53174        36
   53957     53212        49
   54007     53262        51
   54133     53380        30
   54172     53419        26
   54247     53500        31
   54483     53735        24
   54516     53768        30
   54586     53837        37
   54757     54012        73
   54974     54237        22
   55099     54362        21
   55166     54429        23
   55228     54494        29
   55258     54524        35
   55395     54661        23
   55434     54700        20
   55554     54820        41
   55623     54889        30
   55661     54927        30
   55815     55081        62
   55914     55180        20
   55980     55246        20
   56019     55285        23
   56091     55357        53
   56202     55468        20
   56229     55495        38
   56283     55549        26
   56349     55615        20
   56418     55684        29
   56493     55759        23
   56544     55810        28
   56589     55855        41
   56640     55906        28
   56691     55957        22
   57472     56547        25
   57613     56815        22
   57636     56838        62
   57699     56901        20
   57777     56979        38
   57849     57051        38
   57888     57090        38
   58011     57213        29
   58050     57252        23
   58200     57402        29
   58254     57456        29
   58299     57501        20
   58413     57615        20
   58473     57675        32
   58518     57720        23
   58581     57783        32
   58809     58011        35
   58887     58089        20
   58926     58128        20
   58986     58188        29
   59052     58254        32
   59199     58452        20
   62117     59649        33
   62474     59998        21
   62807     60344        39
   62931     60468        20
   62999     60536        20
   63019     60559        77
   63916     61039        23
   64079     61208        23
   64168     61297        20
   64218     61347        46
   64316     61445        21
   64571     61700        23
   64818     61964        37
   64865     62011        23
   64916     62062        50
   64967     62113        59
   65042     62188        21
   65072     62218        29
   65150     62296        20
   65196     62342        22
   65219     62365        21
   65241     62387        25
   65280     62426        40
   65321     62467        23
   65345     62491        26
   65466     62612        29
   65579     62725        32
   65612     62758        23
   65657     62803        35
   65693     62839        21
   65729     62875        48
   66923     63929        22
   66959     63965        44
   67004     64010        26
   67031     64037        23
   67055     64061        32
   67135     64141        26
   67162     64168        52
   67225     64231        43
   67285     64291        36
   67385     64391        25
   67411     64417        40
   67512     64518        23
   67536     64542        23
   67560     64566        38
   67608     64614        72
   67778     64781        26
   68998     65895        38
   69037     65934        27
   69080     65977        24
   69262     66155        46
   69402     66294        20
   69446     66338        20
   69501     66398        82
   69724     66594        34
   69759     66629        54
   69846     66716        22
   70092     67059        20
   70180     67147        34
   70719     67638        22
   70755     67674        21
   70831     67750        28
   71180     68300        25
   71206     68326        33
   71254     68374        31
   71788     69022        31
   71962     69196        25
   72065     69286        22
   72088     69309        22
   72113     69334        26
   72192     69409        28
   72244     69461        20
   72365     69583        40
   72406     69624        27
   72484     69696        21
   72540     69754        21
   72707     69881        34
   72742     69916        27
   72808     69982        26
   72885     70046        33
   73054     70269        41
   74089     70642        26
   75102     70784        28
   75162     70849        21
   75383     71110        24
   75562     71291        62
   75697     71426        26
   75733     71462        29
   75799     71528        35
   75841     71570        29
   75874     71603        23
   75898     71627        56
   75985     71714        26
   76019     71748        34
   76087     71816        27
   76138     71867        23
   76189     71918        50
   76240     71969        89
   76354     72083        29
   76387     72116        29
   76417     72146        28
   76477     72206        29
   76561     72290        36
   76648     72377        29
   76774     72503        20
   76847     72576        28
   76909     72638        29
   76960     72689        42
   77038     72767        30
   77231     72952        20
   77272     72997        26
   77311     73036        32
   77356     73081        28
   77453     73160        20
   77474     73181        20
   77522     73229        26
   77819     73518        20
   77997     73700        22
   78037     73740        24
   78629     74354        24
   78753     74482        38
   78792     74521        24
   78825     74554        32
   78888     74617        51
   78984     74713        23
   79011     74740        26
   79056     74785        72
   79129     74858        31
   79161     74890        29
   79224     74953        20
   79257     74986        20
   79332     75061        44
   79413     75142        29
   79443     75172        26
   79675     75394        25
   79974     75674        25
   80071     75781        27
   80192     75910        21
   80358     76078        30
   80421     76141        38
   80460     76180        20
   80535     76255        44
   80607     76327        29
   80700     76420        29
   80775     76495        29
   80844     76564        38
   81128     76859        20
   81329     77060        37
   81488     77219        20
   81524     77255        26
   81854     77570        33
   82085     77801        36
   82227     77939        33
   82356     78068        20
   82537     78240        25
   82836     78597        24
   83034     78840        22
   83061     78867        22
   83400     79237        48
   83512     79349        22
   83635     79484        20
   83973     79764        34
   84030     79821        31
   84126     79917        28
   84195     79986        23
   84306     80100        25
   84545     80315        32
   84592     80362        24
   84656     80426        47
   84704     80474        20
   84746     80516        23
   84816     80586        57
   84921     80691        32
   85241     81078        30
   85490     81373        24
   85622     81498        31
   85682     81585        24
   85802     81719        29
   86017     81921        28
   86058     81962        24
   86197     82101        20
   86221     82125        20
   86398     82296        23
   86551     82518        35
   86591     82558        55
   86920     82869        29
   87010     82959        20
   87243     83305        21
   87449     83505        27
   87508     83564        21
   87540     83597        26
   87567     83624        59
   87669     83738        48
   87718     83787        55
   87781     83850        22
   87846     83915        48
   87944     84013        30
   87975     84044        47
   88051     84120        65
   88124     84191        43
   88192     84259        63
   88250     84322        22
   88273     84345        33
   88307     84379        41
   88349     84421        41
   88435     84503        68
   88503     84578       161
   88668     84743       121
   88806     84881       133
   88940     85015        30
   88971     85046        25
   88997     85072        20
   89018     85093        21
   89051     85126        33
   89185     85260        25
   89211     85286        37
   89249     85324        27
   89310     85385        39
   89405     85480        21
   89427     85502        22
   89463     85543        25
   89504     85584        49
   89595     85690        25
   89630     85725        66
   94380     85961        33
   94543     86130        35
   94579     86166        21
   94612     86199        24
   94662     86240        58
   95219     86365        25
   95371     86517        25
   95398     86544        22
   95585     86731        30
   95744     86896        28
   95793     86945        22
   95847     86996        20
   96012     87151        27
   96642     87200        25
   96700     87262        48
   96771     87333        25
   96815     87377        37
   97180     88231        22
   97203     88254       111
   97347     88398        20
   97488     88546        28
   97539     88602        23
   97645     88709        28
   97687     88740        73
   97762     88817        86
   97849     88904        35
   97885     88940        83
   97969     89024        20
   97992     89047        22
   98015     89070        45
   98061     89116        45
   98107     89162        35
   98170     89225        21
   98192     89247        46
   98239     89294       155
   98398     89453        49
   98448     89503        86
   98535     89590        69
   98605     89660        27
   98648     89703        62
   98711     89766        44
   98781     89848        64
   98854     89921        27
   98882     89949        33
   98935     90002        67
   99034     90101        23
   99058     90125        27
   99086     90153       107
   99205     90272        43
   99262     90329        41
   99317     90384        49
   99367     90434        41
   99409     90476        27
   99443     90510        30
   99474     90541        68
   99543     90610        21
   99565     90632        21
   99587     90654        80
   99668     90735        88
   99769     90836       105
   99875     90942       239
  100138     91196        58
  100197     91255        61
  100292     91349        21
  100334     91381        32
  100408     91445        22
  100431     91468        31
  100463     91500        20
  100486     91523        52
  100565     91602        26
  100680     91720        21
  100703     91743        51
  100755     91795        29
  100785     91825        20
  100806     91846        22
  100829     91869        23
  100866     91906        39
  100906     91946        40
  100955     91998        32
  100988     92031        35
  101025     92068        28
  101056     92099        67
  101156     92194        23
  101180     92218        21
  101202     92240       109
  101342     92379       118
  101477     92514        55
  101541     92578        24
  101571     92608        82
  101654     92691        68
  101752     92789        24
  101785     92822        53
  101933     92965        24
  101976     93007        30
  102098     93127        30
  102409     93264        21
  102462     93317        34
  102497     93352        22
  102520     93375        20
  102556     93405        59
  102616     93465        28
  102677     93521        29
  102740     93662        21
  102787     93704        22
  102874     93772        22
  102914     93812        24
  102961     93859        21
  103079     93974        20
  103100     93995        20
  103163     94054        33
  103197     94088        46
  103247     94138        42
  103290     94181        40
  103340     94210        24
  103379     94248        33
  103426     94295        21
  103630     94479        94
  103904     94756        94
  103999     94851        25
  104025     94877        83
  104128     94980       187
  104334     95186        22
  104357     95209       223
  104583     95435        90
  104674     95526        37
  104722     95574       188
  104911     95763        67
  104979     95831        34
  105016     95867        23
  105075     95926        48
  105124     95975        20
  105145     95996        71
  105217     96068        36
  105259     96110        37
  105363     96215        86
  105450     96302        29
  105512     96364        27
  105545     96393        48
  105722     96581       116
  105839     96698        47
  105887     96746        22
  105904     96767        46
  105951     96814        52
  105995     96859        61
  106089     96953       112
  106197     97058        21
  106219     97080        28
  106268     97129        66
  106395     97255        25
  106421     97281        35
  106450     97315        65
  106576     97443        29
  106626     97493        23
  106653     97520        35
  106689     97556       120
  106803     97671        65
  106869     97737        81
  106951     97819        38
  107008     97872        82
  107091     97955       128
  107220     98084        48
  107269     98133        46
  107324     98188        71
  107397     98267        24
  107430     98299        29
  107460     98329        39
  107506     98378       106
  107615     98487        85
  107729     98601        25
  107755     98627        34
  107790     98662        33
  107855     98722        94
  107987     98855       142
  108130     98998        20
  108175     99043       161
  108364     99235        22
  108391     99262        70
  108456     99332       103
  108572     99448       156
  108733     99609        53
  108787     99663       112
  108909     99785        37
  108947     99823        32
  108988     99864        43
  109032     99908        34
  109092     99968        36
  109129    100005        38
  109168    100044        79
  109248    100124        27
  109278    100154        39
  109341    100217        28
  109394    100335        25
  109416    100361       166
  109592    100538       121
  109727    100673       249
  109991    100937        49
  110067    101012        89
  110170    101115        39
  110225    101170       102
  110328    101273        50
  110389    101334        30
  110420    101365        55
  110476    101421        82
  110559    101504        30
  110610    101555        34
  110668    101612        32
  110708    101652        23
  110779    101713        50
  110838    101771        33
  110941    120765        28
  110976    101911        43
  111068    102001        53
  111122    102055        51
  111187    102120        34
  111252    102195        29
  111298    102241        47
  111374    102317        20
  111445    102386        76
  111559    102500        32
  111988    102587        39
  112034    102637        21
  112066    102669        20
  112105    102709        52
  112158    102762        31
  112225    102829        32
  112288    102892        29
  112429    103000        20
  112602    103188        56
  118066    103870        28
  118110    103914        25
  118581    104374        20
  118606    104399        48
  118748    104541        34
  118784    104577        20
  118944    104754        33
  119002    104812        44
  133010    119441        56
  133219    119665        20
  133351    119764        29
  133411    119824        32
  133479    119892        31
  133511    119924        52
  133582    119996        20
  133613    120027        21
  133641    120059        39
  134077    120153        32
  134147    120223        76
  134274    120348        20
  134323    120397        47
  134387    120461        29
  134447    120531        34
  134495    120579        51
  134547    120631        53
  134649    120731        43
  134699    101892        28
  134797    120881        33
  134839    120922        50
  134937    121010        23
  134968    121041        32
  135024    121096        34
  135079    121151        30
  135110    121182        82
  135193    121265        55
  135249    121321        30
  135290    121362        50
  135341    121413       102
  135459    121531        39
  135512    121584        89
  135628    121699        49
  135692    121763       249
  135955    122026       121
  136086    122158       166
  136249    122325        25
  136299    122440        28
  136351    122492        39
  136393    122534        27
  136421    122562        79
  136501    122642        38
  136540    122681        36
  136602    122743        34
  136637    122778        43
  136689    122830        32
  136722    122863        37
  136769    122910       112
  136882    123023        53
  136940    123081       156
  137109    123250       103
  137207    123353        70
  137282    123428        22
  137332    123481       161
  137518    123667        20
  137539    123688       142
  137719    123869        94
  137845    123990        33
  137879    124024        34
  137914    124059        25
  137968    124113        85
  138056    124201       106
  138169    124317        39
  138209    124357        29
  138247    124394        24
  138273    124426        71
  138353    124506        46
  138400    124553        48
  138449    124602       128
  138578    124731        82
  138679    124828        38
  138718    124867        81
  138800    124949        65
  138859    125009       120
  138980    125130        35
  139019    125169        23
  139063    125213        29
  139153    125305        65
  139212    125369        35
  139248    125405        25
  139334    125490        66
  139421    125577        28
  139450    125606        21
  139467    125620       112
  139612    125765        61
  139665    125819        52
  139718    125872        46
  139759    125917        22
  139782    125940        47
  139830    125988       116
  140075    126244        48
  140129    126294        27
  140189    126354        29
  140219    126384        86
  140372    126538        37
  140415    126581        36
  140452    126618        71
  140524    126690        20
  140545    126711        48
  140629    126795        23
  140655    126820        34
  140690    126855        67
  140758    126923       188
  140957    127122        37
  140995    127160        90
  141088    127253       223
  141312    127477        22
  141353    127518       187
  141560    127725        83
  141644    127809        25
  141670    127835        94
  141944    128112        94
  142221    128369        21
  142256    128404        33
  142304    128451        24
  142338    128464        40
  142379    128505        42
  142425    128551        46
  142472    128598        33
  142548    128670        20
  142569    128691        20
  142686    128805        21
  142730    128849        24
  142772    128891        22
  142859    128959        22
  142907    129002        21
  142962    129135        29
  143024    129192        28
  143053    129221        59
  143128    129290        20
  143149    129311        22
  143172    129334        34
  143238    129400        21
  143540    129528        30
  143662    129648        30
  143711    129696        24
  143830    129810        53
  143892    129872        24
  143946    129926        68
  144015    129995        82
  144103    130083        24
  144136    130116        55
  144208    130188       118
  144357    130336       109
  144467    130446        21
  144489    130468        23
  144545    130519        67
  144615    130589        28
  144645    130619        35
  144681    130655        32
  144722    130699        40
  144763    130740        39
  144816    130793        23
  144840    130817        22
  144863    130840        20
  144884    130861        29
  144914    130891        51
  144967    130944        21
  145077    131057        26
  145130    131110        52
  145185    131165        20
  145206    131186        31
  145238    131218        22
  145302    131272        32
  145355    131315        21
  145410    131369        61
  145472    131431        58
  145554    131504       239
  145794    131744       105
  145912    131862        88
  146001    131951        80
  146082    132032        21
  146104    132054        21
  146126    132076        68
  146195    132145        30
  146232    132182        27
  146260    132210        41
  146302    132252        49
  146365    132315        41
  146420    132370        43
  146475    132425       107
  146583    132533        27
  146611    132561        23
  146666    132616        67
  146753    132703        33
  146787    132737        27
  146823    132773        64
  146913    132875        44
  146958    132920        62
  147036    132998        27
  147064    133026        69
  147134    133096        86
  147221    133183        49
  147274    133236       155
  147430    133392        46
  147477    133439        21
  147526    133488        35
  147562    133524        45
  147608    133570        45
  147654    133616        22
  147679    133641        20
  147700    133662        83
  147784    133746        35
  147820    133782        86
  147908    133872        73
  147995    133948        28
  148106    134060        23
  148152    134111        28
  148301    134267        20
  148354    134320       111
  148466    134432        22
  148816    135271        37
  148872    135327        25
  148920    135375        48
  149001    135460        25
  149629    135507        27
  149801    135669        20
  149853    135718        22
  149896    135761        28
  150053    135924        30
  150248    136119        22
  150272    136143        25
  150424    136295        25
  150948    136387        58
  151032    136462        24
  151068    136498        21
  151090    136520        35
  151255    136691        33
  155972    136894        66
  156048    136970        25
  156115    137052        49
  156180    137117        25
  156219    137161        22
  156242    137184        21
  156319    137261        39
  156392    137334        27
  156420    137362        37
  156458    137400        25
  156584    137526        33
  156629    137571        21
  156651    137593        20
  156672    137614        25
  156698    137640        30
  156729    137671       133
  156879    137821       121
  157004    137946       161
  157165    138114        68
  157278    138223        41
  157320    138265        41
  157362    138307        33
  157396    138341        22
  157413    138363        63
  157501    138451        43
  157552    138500        65
  157646    138594        47
  157694    138642        30
  157774    138722        48
  157865    138813        22
  157895    138843        55
  157951    138899        48
  158042    139002        59
  158102    139062        26
  158139    139100        21
  158192    139153        27
  158404    139359        21
