> gi|290775771|gb|GU907100.1|
     145       440        24
     177       472        24
     202       497        20
     223       518        23
     319       614        20
     340       635       122
     463       758        45
     523       818       101
     625       920        20
     652       947        32
     694       989        32
     754      1049        29
     793      1088        20
     814      1109        49
     873      1168        27
     937      1232        41
    1006      1301        53
    1060      1355        53
    1123      1418        23
    1159      1454        21
    1183      1478        34
    1464      1833        36
    1539      1926        26
    1774      2193        20
    2011      2436        23
    2551      2970        22
    3958      4298        22
    4038      4378        46
    4270      4733        26
    4705      5305        20
    4791      5391        20
    4812      5412        20
    4841      5441        30
    4875      5475        20
    5578      6207        26
    5700      6325        74
    5807      6419        24
    6790      6980        27
    7008      7206        29
    7333      7526        51
    7686      7983        27
    7738      8035        33
    7973      8189        22
    8029      8245        22
    9138      9158        37
    9227      9247        21
    9493      9533        20
    9684      9729        21
    9829      9851        60
    9904      9926        65
   10065     10190        81
   10613     10600        51
   10812     10799        32
   10884     10871        20
   10905     10892        20
   10962     10949        41
   11015     11002        27
   11086     11073        27
   11231     11218        56
   11337     11324        26
   11421     11408        23
   11517     11504        35
   11569     11556        24
   11631     11618        23
   11670     11657        35
   11706     11693        23
   11769     11756        26
   11796     11783        40
   11922     11909        22
   12098     12085        25
   12161     12148        32
   12275     12262        22
   12311     12298        22
   12334     12321        21
   12383     12381        20
   12404     12402        35
   12578     12697        22
   12947     12982        20
   12982     13018        21
   13103     13118        28
   13149     13164        46
   13200     13215        23
   13224     13239        38
   13831     13916        26
   13860     13945        27
   13924     14009        53
   13987     14072        42
   14056     14135        25
   14783     15374        43
   14827     15418        29
   14857     15448        20
   14878     15469        20
   14903     15494        43
   14947     15538        29
   15104     15695        37
   15169     15760        20
   15190     15781        35
   15226     15817        26
   15253     15844        29
   15337     15928        26
   15373     15964        32
   15558     16144        26
   15785     16368        21
   15843     16426        20
   15867     16450        26
   15954     16537        50
   16122     16705        20
   16167     16750        59
   16285     16868        25
   16344     16927        20
   16389     16972        21
   16411     16994        25
   16964     17544        26
   17139     17719        25
   17213     17793        23
   17237     17817        37
   17384     17964        29
   17414     17994        32
   17453     18033        32
   17638     18215        20
   18394     18998        31
   18551     19155        26
   18776     19380        29
   18863     19467        23
   18962     19566        20
   19034     19638        23
   19349     19965        31
   19481     20097        23
   19514     20130        20
   19580     20196        23
   19811     20427        38
   19874     20490        32
   20237     20856        20
   20357     20976        53
   20414     21033        23
   20482     21101        23
   20546     21165        30
   20648     21267        29
   20729     21348        23
   20753     21372        23
   20795     21414        20
   21076     21703        37
   21230     21857        43
   21407     22028        23
   21488     22109        50
   21575     22196        50
   21842     22463        23
   21952     22573        24
   21977     22598        20
   22046     22667        41
   22088     22709        43
   22132     22753        21
   22157     22778        71
   22229     22850        23
   22313     22934        37
   22514     23135        20
   22559     23180        50
   22679     23299        39
   22877     23507        21
   22941     23562        20
   23231     23881        21
   23291     23940        25
   23336     23985        34
   23407     24056        32
   23467     24116        44
   23560     24209        20
   23581     24230        24
   23632     24281        35
   23668     24317        21
   23815     24464        52
   23907     24556        20
   23942     24591        20
   23979     24628        35
   24015     24664        44
   24108     24757        20
   24153     24802        31
   24267     24916        23
   24321     24970        29
   24465     25114        24
   24791     25440        30
   24831     25480        30
   24862     25511        22
   24930     25579        29
   24963     25612        32
   25027     25676        33
   25101     25750        20
   25159     25808        53
   25328     25977        27
   25377     26026        35
   25413     26062        26
   25440     26089        23
   25533     26182        27
   25561     26210        22
   25587     26236        22
   25719     26368        20
   25746     26395        20
   25767     26416        38
   25884     26533        20
   25968     26617        26
   26040     26689        20
   26067     26716        23
   26103     26752        41
   26171     26820        38
   26229     26878        38
   26274     26923        23
   26304     26953        31
   26336     26985        24
   26361     27010        20
   26439     27088        59
   26517     27166        26
   26559     27208        20
   26640     27289        50
   26711     27360        20
   26756     27405        23
   26780     27429        36
   26892     27541        28
   27118     27767        31
   28317     28896        24
   28345     28925        38
   28712     29537        20
   28733     29558        44
   29062     29886        27
   30077     30812        20
   30101     30836        23
   30293     31027        43
   31185     31377        77
   31642     31953        94
   31758     32069        73
   32868     33028        50
   33912     34465        39
   33953     34506        34
   33988     34541        29
   34027     34580        29
   34060     34613        20
   34240     34793        53
   34312     34865        20
   34357     34910        26
   34401     34954        39
   34441     34994        29
   34480     35033        29
   34534     35087        32
   34639     35192        44
   34702     35255        74
   34789     35342        23
   34829     35382        31
   34894     35447        59
   34954     35507        44
   34999     35552        36
   35036     35589        50
   35114     35667        59
   35222     35775        44
   35273     35826        20
   35309     35862        23
   35342     35895        26
   35378     35931        23
   35402     35955        35
   35438     35991        27
   35466     36019        26
   35493     36046        28
   35540     36093        32
   35588     36141        23
   35624     36177        29
   35654     36207        45
   35711     36264        26
   35765     36318        29
   35834     36387        38
   35882     36435        23
   35906     36459        47
   35972     36525        36
   36023     36576        23
   36074     36627        27
   36102     36655        31
   36185     36738        29
   36230     36783        47
   36323     36876        29
   36520     37184        45
   36568     37232        24
   36904     37613        23
   36928     37637        24
   36953     37662        20
   36980     37689        23
   37442     38630        36
   37479     38667        27
   37687     38868        43
   37812     38993        22
   37866     39072        25
   37922     39128        20
   37943     39149        23
   38069     39275        32
   38176     39383        29
   38373     39571        29
   38427     39625        26
   38454     39652        28
   38517     39715        20
   38556     39754        47
   38613     39811        65
   38697     39895        20
   38718     39916        32
   38751     39949        26
   38778     39976        20
   38835     40033        35
   38934     40132        32
   38967     40165        23
   39126     40324        38
   39234     40432        20
   39255     40453        77
   39375     40573        20
   39396     40594        32
   39527     40725        36
   39585     40783        26
   39621     40819        26
   39707     40905        33
   39741     40939        23
   39768     40966        29
   39813     41011        22
   39939     41137        29
   39969     41167        35
   40005     41203        20
   40038     41236        34
   40098     41296        23
   40131     41329        29
   40218     41416        38
   40380     41578        41
   40431     41629        50
   40482     41680       132
   40615     41813        65
   40681     41879        26
   40708     41906        20
   40729     41927        23
   40762     41960        22
   40789     41987        41
   40855     42053        23
   40894     42092        56
   40951     42149        26
   41014     42212        20
   41035     42233        29
   41071     42269        20
   41170     42368        23
   41194     42392        41
   41358     42556        39
   41413     42611        26
   41479     42677        23
   41503     42701        41
   41551     42749        29
   41611     42809        23
   41674     42872        39
   41733     42931        24
   41758     42956        20
   42013     43211        47
   42061     43259        20
   42199     43397        50
   42256     43454        32
   42331     43529        44
   42376     43574        29
   42463     43661        23
   42487     43685        26
   42520     43718        32
   42553     43751        20
   42619     43817        20
   42640     43838        32
   42679     43877        23
   42763     43961        30
   42794     43992        37
   42914    150764        22
   42924     44133        28
   42955     44164        41
   43577     45046        23
   43613     45082        50
   43805     45282        28
   43868     45350        32
   43962     45443        29
   44097     45581        20
   44210     45692        20
   44244     45726        34
   44306     45830        39
   44346     45870        20
   44500     46024        22
   44526     46050        45
   44805     46323        20
   44839     46358        25
   44902     46421        27
   45015     46535        21
   45068     46587        26
   45133     46652        22
   45263     46848        26
   45301     46886        55
   45357     46942        29
   46038     47268        57
   46099     47329        34
   46580     47786        21
   46629     47835        21
   46678     47884        35
   46729     47935        26
   46789     47995        31
   46861     48067        20
   46882     48088        23
   46963     48169        56
   47392     48793        78
   48767     50202        35
   48803     50238        28
   48847     50282        23
   48872     50307        25
   48944     50401        31
   49236     50724        38
   49275     50763        24
   49293     50787        52
   49346     50840        33
   49740     51264        74
   50517     52064        22
   50785     52332        21
   50857     52404        22
   50912     52459        57
   51211     52763        20
   51392     52944        23
   51434     52986        47
   51527     53079        20
   51599     53151        22
   51623     53175        20
   51644     53196        29
   51695     53247        35
   51743     53295        23
   51862     53418        54
   51964     53520        32
   51997     53553        41
   52078     53634        26
   52123     53679        28
   52174     53730        40
   53904     54662        47
   53982     54740        24
   54200     54970        21
   54304     55069        27
   54419     55184        26
   54456     55226        23
   54529     55294        32
   54601     55375        22
   54749     55530        96
   54859     55640        20
   55237     56143        20
   55261     56167        38
   55327     56233        36
   55428     56334        26
   55533     56439        32
   55617     56523        32
   55668     56574        26
   55746     56652        37
   55785     56691        20
   55842     56748        23
   55887     56793        23
   56034     56940        20
   56181     57087        20
   56202     57108        20
   56229     57135        26
   56256     57162        35
   56319     57225        29
   56349     57255        20
   56370     57276        23
   56523     57429        25
   56549     57455        31
   56598     57504        32
   56631     57537        23
   56706     57612        23
   56841     57741        22
   56911     57812        26
   57114     58008        21
   57281     58203        35
   57645     58644        92
   57741     58740        23
   57773     58772        24
   57798     58797        35
   57858     58857        26
   57990     58989        50
   58119     59118        29
   58149     59148        32
   58371     59370        20
   58392     59391        20
   58422     59421        21
   58506     59505        29
   58632     59631        53
   58713     59712        25
   58788     59787        23
   58884     59883        38
   58959     59958        29
   59062     60061        28
   59159     60202        36
   59786     60802        20
   59904     60920        20
   60179     61195        20
   60523     61557        20
   60591     61625        23
   60615     61649        32
   60816     61850        20
   60858     61892        32
   60936     61970        35
   60972     62006        23
   61134     62168        35
   61227     62261        45
   62089     63131        23
   62113     63155        39
   62450     63533        23
   62729     63819        26
   62765     63855        28
   62952     64042        33
   62999     64089        23
   63032     64122        20
   63946     65201        34
   64037     65292        32
   64352     65607        20
   64418     65673        20
   64487     65742        23
   64546     65801        21
   64580     65835        20
   64795     66074        26
   64916     66195        26
   64973     66252        26
   65036     66315        23
   65072     66351        29
   65246     66525        23
   65345     66624        20
   65512     66791        27
   65678     66957        21
   65717     66996        29
   66953     68225        26
   66991     68263        35
   67151     68438        52
   67225     68512        20
   67246     68533        32
   67273     68564        81
   67355     68646        57
   67425     68715        41
   67524     68814        26
   67554     68844        20
   67575     68865        80
   67763     69036        21
   67801     69074        34
   68990     69807        33
   69071     69888        20
   69211     70028        20
   69270     70080        59
   69345     70155        20
   69366     70176        23
   69507     70369        28
   69552     70414        34
   69721     70604        91
   69842     70722        22
   70718     71663        21
   70761     71706        24
   71122     72246        36
   71180     72304        62
   71264     72388        52
   71324     72448        20
   71669     72778        29
   71788     72897        24
   71873     72982        23
   72087     73181        23
   72196     73337        24
   72221     73362        42
   72408     73539        25
   72477     73603        22
   72500     73626        22
   72722     73832        32
   72815     73925        29
   73073     74230        22
   73140     74297        43
   73189     74346        21
   73323     74481        26
   73352     74506        23
   73502     74674        20
   73801     74974        26
   73840     75014        28
   73896     75076        40
   73966     75146        26
   74050     75230        20
   74088     75268        21
   74118     75298        59
   74447     75682        22
   74979     76178        30
   75023     76222        20
   75046     76245        45
   75383     76574        24
   75558     76727        51
   75724     76893        56
   75781     76950        23
   75871     77040        62
   75958     77127        26
   75991     77160        26
   76019     77188        37
   76057     77226        26
   76084     77253        20
   76135     77304        26
   76165     77334        26
   76195     77364        21
   76250     77419        22
   76336     77505        32
   76408     77577        29
   76495     77664        29
   76534     77703        23
   76558     77727        29
   76636     77805        41
   76738     77907        47
   76804     77973        44
   76879     78048        38
   76930     78099        23
   76966     78135        20
   76997     78166        40
   77277     78448        27
   77318     78489        43
   77368     78539        23
   77428     78593        24
   77474     78639        20
   77652     78811        20
   77721     78879        24
   77761     78919        29
   77872     79030        40
   78029     79189        47
   78226     79380        24
   78444     79632        23
   78468     79656        20
   78574     79759        33
   78783     79968        26
   78873     80058        50
   78924     80109        20
   78987     80172        35
   79035     80220        23
   79062     80247        38
   79173     80358        23
   79236     80421        41
   79311     80496        50
   79362     80547        44
   79526     80717        49
   79667     80857        43
   79827     81010        20
   80368     81562        37
   80520     81714        47
   80589     81783        20
   80628     81822        35
   80673     81867        23
   80724     81918        23
   80784     81978        20
   80862     82056        20
   81240     82376        50
   81298     82434        28
   81445     82581        27
   81506     82642        44
   81576     82712        61
   81700     82821        27
   81862     82983        24
   81947     83068        23
   81971     83092        23
   82064     83185        20
   82090     83211        25
   82178     83307        28
   82215     83344        32
   82279     83408        35
   82318     83447        26
   82495     83624        20
   82537     83666        30
   82851     83979        26
   83033     84151        20
   83431     84544        29
   83881     84958        22
   83962     85034        34
   84038     85110        39
   84081     85153        26
   84135     85207        20
   84204     85276        35
   84614     85680        23
   84665     85731        32
   84749     85815        20
   84821     85887        31
   84853     85919        31
   84921     85990        27
   85269     86437        31
   86122     87374        20
   86200     87452        20
   86581     87833        35
   86617     87869        24
   86891     88181        38
   86930     88220        22
   87134     88466        22
   87181     88513        26
   87280     88612        28
   87379     88711        29
   87732     88874        22
   87755     88897        21
   87792     88934        68
   87861     89003        26
   87928     89070        34
   88023     89165        21
   88045     89187        72
   88125     89271        50
   88224     89394        41
   88271     89441        33
   88305     89475        85
   88391     89561        32
   88436     89607        43
   88480     89651        23
   88537     89715        26
   88564     89742        23
   88588     89766        41
   88631     89809        23
   88668     89846        21
   88690     89868        27
   88718     89896        58
   88778     89956       148
   88956     90134        40
   88997     90175       113
   89111     90289        31
   89179     90357        46
   89226     90404        50
   89277     90455       110
   89425     90603        24
   89450     90628        20
   89487     90665        26
   89546     90724        26
   89587     90776        20
   89608     90797        20
   89629     90818        46
   89694     90883        39
   89726     90935        20
   89748     90957        21
   89770     90979        61
   89859     91068        30
   89899     91108        32
   89933     91142        24
   89987     91196        21
   90028     91237        28
   90058     91267        44
   90206     91418        27
   90234     91446        52
   90287     91499        46
   90333     91524        24
   90358     91549        34
   90434     91625        49
   90489     91680        21
   90511     91702        25
   90594     91785        29
   90626     91817        29
   90656     91847        20
   90687     91878        77
   90766     91957        24
   90847     92038        25
   90873     92064        21
   90906     92097        22
   90929     92120        36
   91030     92221        56
   91128     92319        38
   91167     92358        81
   91249     92440        29
   91279     92470        32
   91322     92513        49
   91376     92567        69
   91446     92637        23
   91479     92664        35
   91515     92700        32
   91556     92741        98
   91659     92844        43
   91703     92888        28
   91732     92917        23
   91786     92971        34
   91880     93065        32
   91928     93113        22
   91951     93136        25
   92000     93185        66
   92067     93252        66
   92152     93343        27
   92180     93371        46
   92259     93450        57
   92333     93524        39
   92438     93629        25
   92464     93655        41
   92506     93697        27
   92598     93789        32
   92647     93838        56
   92721     93912        26
   92748     93939        31
   92780     93971        56
   92870     94061        23
   92894     94085        20
   92920     94111        35
   93064     94255        25
   93090     94281        24
   93139     94330        23
   93195     94386        33
   93264     94455        23
   93288     94479        58
   93363     94554        34
   93399     94590        38
   93457     94648        40
   93518     94709        21
   93540     94731        77
   93660     94845        33
   93706     94891        35
   93783     94962        56
   93840     95019        26
   93867     95046        21
   93896     95075       132
   94030     95209        22
   94071     95250        73
   94136     95324        45
   94183     95371        28
   94212     95400        47
   94279     95467        32
   94340     95528       116
   94457     95645        63
   94540     95728        44
   94585     95773        29
   94620     95808        33
   94657     95845        35
   94709     95897        40
   94791     95979        39
   94940     96158        20
   94961     96179        53
   95027     96245        27
   95070     96288        73
   95155     96373        20
   95176     96394        25
   95226     96444        43
   95305     96523        25
   95347     96565        32
   95398     96616        91
   95490     96708        28
   95519     96737        40
   95562     96780        33
   95596     96814        74
   95682     96900        22
   95722     96940        87
   95873     97088        41
   95920     97135        42
   95968     97183        56
   96045     97260        24
   96082     97306        36
   96125     97349        27
   96153     97377        31
   96185     97409        58
   96257     97481        45
   96304     97528        34
   96391     97615        32
   96424     97648        52
   96495     97719        47
   96544     97768        35
   96619     98324        20
   96633     98343        23
   96683     98391        21
   96709     98417        24
   96785     98489        29
   96815     98519        23
   96839     98543        50
   96931     98635        20
   97014     98721        22
   97185     98779        98
   97284     98878        30
   97341     98935        42
   97390     98984        22
   97487     99109        21
   97599     99226        37
   97645     99272        20
   97679     99306        41
   97713    149628        42
   97741     99375        62
   97858     99510        22
   97885     99537        45
   97931     99583        37
   97969     99621        45
   98015     99667       111
   98130     99782        39
   98192     99844        25
   98218     99870        20
   98239     99891        98
   98348    100000        49
   98398    100050       143
   98554    100206       144
   98720    100375        33
   98777    100432        57
   98839    100495       118
   98958    100614        66
   99025    100681        93
   99119    100775        44
   99205    100840        31
   99237    100872        39
   99292    100927        46
   99339    100974        41
   99381    101016        27
   99409    101044        54
   99474    101109        95
   99570    101205        28
   99599    101234        53
   99653    101288        52
   99706    101341       114
   99833    101468        71
   99915    101550        76
  100022    101657        87
  100116    101752        23
  100152    101789        44
  100207    101844        28
  100236    101873        26
  100307    101944        59
  100408    102039        98
  100507    102138        31
  100539    102170        63
  100618    102249       124
  100743    102374        47
  100791    102422        74
  100866    102497        26
  100907    102538        23
  100955    102581        68
  101050    102676        68
  101124    102745        46
  101171    102792        28
  101199    102815        36
  101262    102878        31
  101313    102929       147
  101477    103093        56
  101534    103150        71
  101637    103253        40
  101678    103294        96
  101782    125504        41
  101785    103401        54
  101909    103525        43
  102002    103623        40
  102043    103664        42
  102086    103707        29
  102206    103818        21
  102255    103864        23
  102286    103895        38
  102325    103934        23
  102359    103966        20
  102384    103991        24
  102422    104030        23
  102455    104063        74
  102541    104149        39
  102598    104205        50
  102649    104256        29
  102677    104280        30
  102733    104445        21
  102781    104499        28
  102829    104547        32
  102863    104581        42
  102959    104677        34
  102994    104712        28
  103065    104786        38
  103195    104909        48
  103340    105025        20
  103452    105137        39
  103630    105312       102
  103758    105439        30
  103833    105514        21
  103855    105536        31
  103889    105570       182
  104083    105764        25
  104109    105790       236
  104346    106027        26
  104373    106054        41
  104415    106096        59
  104475    106156       185
  104661    106342       353
  105034    106715        89
  105124    106805       230
  105355    107036        88
  105443    107118        63
  105527    107202        36
  105564    107239        48
  105653    107326        45
  105725    107398       112
  105838    107511        39
  105895    107568        65
  105961    107634        24
  106003    107676        24
  106028    107701        28
  106066    107739        38
  106099    107777        21
  106121    107799        28
  106150    107828        53
  106195    107872        28
  106251    107928        77
  106355    108034        36
  106395    108073        85
  106515    108196        26
  106588    108277        37
  106626    108315        23
  106650    108339        31
  106682    108371        68
  106751    108440        28
  106804    108492        64
  106869    108557       116
  106988    108670        25
  107029    108711        34
  107097    108778        44
  107142    108823        41
  107184    108865        27
  107212    108893        55
  107294    108976        20
  107335    109017        36
  107372    109054        34
  107458    109136        24
  107478    109160        21
  107499    109179       123
  107623    109301        62
  107715    109400        25
  107754    109443        33
  107782    109476        34
  107828    109539        67
  107896    109607        35
  107932    109643        59
  107992    109703        38
  108031    109742        91
  108123    109834        28
  108175    109886       143
  108336    110047        29
  108366    110077        22
  108396    110106       102
  108499    110209       278
  108795    110505       270
  109092    110802       245
  109341    111051        28
  109390    111100        37
  109428    111138       163
  109592    111302       303
  109896    111606        30
  109927    111637        26
  109954    111664        22
  109977    111687       349
  110327    112037       148
  110476    112186       191
  110745    112455        90
  110865    112575        45
  110911    112653        24
  110940    112677        27
  111000    112737        23
  111024    112761        23
  111068    112813        34
  111103    112848        57
  111193    112938        23
  111259    113010        32
  111298    113049        29
  111385    113131        21
  111441    113189       107
  111552    113295        38
  111730    113484        29
  111760    113514        26
  111785    113531        20
  111831    113582        25
  111857    113608        28
  111901    113656        23
  111952    113732        31
  111988    113768        44
  112118    113903        39
  112170    113955        28
  112267    114052        53
  112321    114106        29
  112517    114259        24
  132467    134033        32
  132590    134174        44
  132635    134219        23
  132659    134243        21
  132681    134265        36
  132722    134306        29
  132752    134336        25
  132799    134383        43
  132843    134427        23
  132902    134486        20
  133021    134614        32
  133127    134720        24
  133318    134868        29
  133348    134898        53
  133470    135020        28
  133511    135061        39
  133636    135191        44
  133685    135240        31
  133744    135324        23
  133783    135367        28
  133812    135396        25
  133863    135452        20
  133882    135463        26
  133909    135490        29
  134078    135670        38
  134120    135707       107
  134262    135851        21
  134341    135925        29
  134377    135961        32
  134452    136042        23
  134508    136098        57
  134566    136156        34
  134621    136219        23
  134645    136243        23
  134701    136299        27
  134733    136326        24
  134758    136383        45
  134833    136458        90
  135001    136626       191
  135193    136818       148
  135342    136967       349
  135692    137317        22
  135715    137340        26
  135742    137367        30
  135773    137398       303
  136077    137702       163
  136241    137866        37
  136299    137924        28
  136331    137956       245
  136603    138228       270
  136891    138516       278
  137170    138795       102
  137280    138904        22
  137303    138927        29
  137350    138974       143
  137517    139141        28
  137546    139170        91
  137638    139262        38
  137677    139301        59
  137737    139361        35
  137773    139397        67
  137852    139493        34
  137881    139527        33
  137928    139578        25
  137983    139640        62
  138046    139701       123
  138169    139822        21
  138186    139843        24
  138262    139915        34
  138297    139950        36
  138354    140007        20
  138401    140055        55
  138457    140111        27
  138485    140139        41
  138527    140181        44
  138605    140258        34
  138655    140308        25
  138683    140330       116
  138800    140447        64
  138889    140535        28
  138918    140564        68
  138987    140633        31
  139019    140665        23
  139043    140689        37
  139127    140781        26
  139188    140845        85
  139277    140933        36
  139340    140998        77
  139445    141103        28
  139465    141122        53
  139519    141176        28
  139548    141205        21
  139564    141226        38
  139612    141274        28
  139641    141303        24
  139683    141345        24
  139708    141370        65
  139791    141453        39
  139831    141493       112
  139970    141632        45
  140056    141716        48
  140105    141765        36
  140162    141822        63
  140225    141879        88
  140314    141968       230
  140545    142199        89
  140654    142308       353
  141008    142662       185
  141194    142848        59
  141254    142908        41
  141296    142950        26
  141323    142977       236
  141560    143214        25
  141597    143251       182
  141782    143436        31
  141814    143468        21
  141880    143534        30
  141936    143589       102
  142177    143827        39
  142308    143958        20
  142425    144046        48
  142565    144179        38
  142646    144263        28
  142675    144292        34
  142763    144380        42
  142807    144424        32
  142859    144476        28
  142914    144537        21
  142961    144693        30
  142990    144718        29
  143020    144748        50
  143088    144815        39
  143139    144866        74
  143223    144950        23
  143260    144988        24
  143289    145017        20
  143320    145046        23
  143344    145070        38
  143390    145116        23
  143441    145164        21
  143553    145267        29
  143583    145297        42
  143626    145340        40
  143716    145435        43
  143829    145548        54
  143894    145613        96
  143991    145710        40
  144063    145782        71
  144135    145854        56
  144208    145927       147
  144375    146094        31
  144433    146152        36
  144469    146183        28
  144498    146212        46
  144550    146259        68
  144645    146354        68
  144738    146442        23
  144776    146480        26
  144803    146507        74
  144878    146582        47
  144926    146630       124
  145066    146770        63
  145130    146834        31
  145162    146866        98
  145302    147000        59
  145406    147104        26
  145433    147131        28
  145472    147170        44
  145529    147228        23
  145559    147259        87
  145677    147377        76
  145764    147464        71
  145848    147548       114
  145963    147663        52
  146016    147716        53
  146070    147770        28
  146099    147799        95
  146205    147905        54
  146260    147960        27
  146288    147988        41
  146330    148030        46
  146392    148092        39
  146432    148132        31
  146505    148184        44
  146550    148229        93
  146644    148323        66
  146711    148390       118
  146834    148514        57
  146915    148595        33
  146970    148653       144
  147127    148810       143
  147271    148954        49
  147331    149014        98
  147430    149113        20
  147451    149134        25
  147499    149182        39
  147542    149225       111
  147654    149337        45
  147700    149383        37
  147738    149421        45
  147788    149471        22
  147865    149566        62
  147913     99333        42
  147948    149656        41
  148003    149711        20
  148032    149740        37
  148160    149873        21
  148256    149997        22
  148285    150026        42
  148354    150095        30
  148385    150126        98
  148632    150260        22
  148717    150348        20
  148779    150410        50
  148830    150461        23
  148854    150485        29
  148935    150562        24
  148964    150591        21
  149012    150637        23
  149029    150659        20
  149089    151200        35
  149126    151237        47
  149192    151303        52
  149245    151356        32
  149330    151441        34
  149366    151477        45
  149425    151536        58
  149484    151595        31
  149516    151627        27
  149550    151661        36
  149599    151719        24
  149644    151764        56
  149706    151826        42
  149754    151874        41
  149859    151976        87
  149964    152081        22
  149998    152115        74
  150073    152190        33
  150109    152226        40
  150150    152267        28
  150179    152296        91
  150289    152406        32
  150338    152455        25
  150399    152516        43
  150467    152584        25
  150493    152610        20
  150525    152642        73
  150614    152731        27
  150654    152771        53
  150708    152825        20
  150838    152985        39
  150919    153066        40
  150976    153123        35
  151015    153162        33
  151054    153201        29
  151084    153231        44
  151148    153295        63
  151212    153359       116
  151357    153504        32
  151409    153556        47
  151457    153604        28
  151487    153634        45
  151524    153680        73
  151616    153772        22
  151640    153796       132
  151780    153936        21
  151802    153958        26
  151829    153985        56
  151927    154077        35
  151975    154125        33
  152051    154195        77
  152129    154273        21
  152171    154315        40
  152231    154375        38
  152271    154415        34
  152322    154466        58
  152381    154525        23
  152440    154584        33
  152506    154650        23
  152554    154698        24
  152579    154723        25
  152713    154857        35
  152754    154898        20
  152775    154919        23
  152832    154976        56
  152889    155033        31
  152921    155065        26
  152965    155109        56
  153038    155182        32
  153135    155279        27
  153163    155307        41
  153205    155349        25
  153296    155440        39
  153352    155496        57
  153442    155586        46
  153489    155633        27
  153535    155685        66
  153602    155752        66
  153692    155842        25
  153718    155868        22
  153756    155906        32
  153848    155998        34
  153913    156063        23
  153937    156087        28
  153966    156116        43
  154014    156164        98
  154121    156271        32
  154154    156304        35
  154199    156343        23
  154223    156367        69
  154297    156441        49
  154357    156501        32
  154390    156534        29
  154420    156564        81
  154502    156646        38
  154582    156726        56
  154703    156847        36
  154740    156884        22
  154774    156918        21
  154796    156940        25
  154878    157022        24
  154904    157048        77
  154992    157136        20
  155013    157157        29
  155045    157189        29
  155132    157276        25
  155158    157302        21
  155185    157329        49
  155276    157420        34
  155311    157455        24
  155335    157458        46
  155382    157505        52
  155435    157558        27
  155566    157692        44
  155612    157738        28
  155660    157786        21
  155711    157837        24
  155737    157863        32
  155779    157905        30
  155837    157963        61
  155899    158025        21
  155922    158048        20
  155935    158081        39
  155993    158139        46
  156040    158186        20
  156061    158207        20
  156096    158253        26
  156155    158312        26
  156198    158355        20
  156219    158376        24
  156281    158438       110
  156392    158549        50
  156443    158600        46
  156526    158683        31
  156558    158715       113
  156672    158829        40
  156742    158899       148
  156892    159049        58
  156951    159108        27
  156979    159136        21
  157014    159171        23
  157039    159196        41
  157081    159238        23
  157105    159262        26
  157165    159329        23
  157189    159353        43
  157245    159410        32
  157278    159443        85
  157364    159529        33
  157403    159568        41
  157493    159682        50
  157551    159744        72
  157624    159817        21
  157706    159899        34
  157781    159974        26
  157808    160001        68
  157892    160085        21
  157914    160107        22
  158043        13        58
  158102        72        21
