> gi|442568884|gb|KC180801.1|
      12         5        81
     585       608        98
     684       707        25
     710       733        30
     741       764        29
     783       806        38
     831       854        32
     864       887        32
     897       920        41
     939       962        35
     975       998        20
     996      1019        92
    1149      1172        41
    1191      1214        29
    1221      1244        53
    1275      1298        20
    1302      1325        20
    1323      1346        41
    1380      1403        44
    1446      1469        50
    1497      1520        29
    1527      1550        97
    1623      1639        29
    1661      1683        56
    1848      1887        53
    1963      2002        20
    2091      2133        21
    2239      2280        20
    2348      2389        23
    2400      2441        24
    2425      2466        25
    2545      2586        36
    2610      2651        23
    2810      2851        28
    2839      2880        21
    3348      3386        21
    3601      3645        24
    3638      3682        30
    3883      3938        20
    4390      4458        42
    4840      4890        22
    5454      5253        25
    5905      5692        51
    6288      6075        20
    6409      6185        23
    7926      7584        30
    7957      7615        44
    8151      7808        21
    8202      7854        29
    8330      7993        44
    8435      8098        41
    8498      8161        44
    8791      8432        26
    8863      8511        23
    8908      8560        29
    8989      8641        26
    9206      8847        37
    9244      8885        47
   10264      9712        33
   10360      9813        40
   10425      9878        23
   10509      9954        28
   10580     10025        26
   10735     10194        30
   10825     10296        38
   10933     10402        31
   10965     10434        29
   11001     10470        65
   11365     10780        52
   11418     10833        26
   11671     11209        24
   11713     11251        27
   11803     11341        21
   11825     11363        43
   11886     11424        23
   11935     11473        32
   11968     11506        20
   11989     11527        35
   12049     11587        29
   12118     11656        25
   12181     11719        23
   12241     11779        24
   12298     11836        44
   12346     11884        50
   12398     11936        30
   12451     11989        35
   12557     12095        25
   12646     12184        26
   12676     12214        50
   12751     12289        32
   12821     12359        28
   12853     12391        20
   12892     12430        41
   12982     12520        20
   13003     12541        65
   13069     12607        20
   13090     12628        22
   13113     12651        33
   13217     12753        20
   13277     12806        22
   13339     12868        21
   13361     12890        37
   13530     13059        22
   13560     13089        29
   13601     13130        21
   13623     13152        35
   13659     13188        28
   13705     13234        24
   13971     13533        22
   14224     13722        26
   14433     13947        36
   14485     13999        47
   15017     14662        23
   15074     14719        65
   15146     14791        38
   15185     14830        23
   15215     14860        59
   15313     14953        23
   15390     15032        20
   16217     15832        24
   16456     16036        41
   16498     16078        32
   16574     16154        24
   16615     16195        37
   16654     16234        20
   16678     16258        40
   16750     16330        41
   16816     16396        25
   16870     16450        26
   16978     16558        27
   17044     16624        40
   17093     16673        24
   17379    124282        20
   17412     16990        20
   17433     17011        62
   17535     17113        29
   17661     17239        52
   17715     17293        30
   17747     17325        37
   17829     17407        20
   17853     17431        29
   17936     17514        36
   18051     17629        26
   18190     17762        25
   18454     18006        36
   18624     18176        20
   18663     18215        29
   18936     18488        23
   18968     18520        21
   19056     18608        29
   19086     18638        38
   19140     18692        41
   19182     18734        23
   19248     18800        22
   19378     18942        21
   19470     19025        23
   19725     19268        26
   20024     19564        21
   20060     19600        30
   20095     19635        25
   20244     19784        20
   20279     19819        30
   20383     19920        37
   20432     19969        24
   20467     20004        21
   20624     20161        24
   20923     20469        29
   21213     20756        23
   21378     20921        37
   21528     21071        26
   21555     21098        20
   21603     21146        33
   21702     21245        27
   21741     21284        20
   21813     21356        29
   21957     21500        38
   22008     21551        20
   22056     21599        26
   22118     21661        39
   22200     21743        58
   22365     21908        26
   22392     21935        35
   22454     21997        50
   22505     22048        21
   22557     22100        24
   22604     22147        23
   22784     22322        21
   22904     22442        22
   23015     22553        38
   23143     22681        21
   23183     22721        25
   23240     22778        36
   23277     22815        31
   23309     22847        20
   23350     22888        24
   23399     22937        32
   23498     23036        29
   23639     23177        29
   23669     23207        86
   23756     23294        20
   23777     23315        26
   23804     23342        20
   23825     23363        20
   23912     23450        26
   23992     23530        41
   24053     23591        34
   24152     23690        26
   24179     23717        20
   24263     23801        23
   24287     23825        21
   24311     23849        30
   24342     23880        25
   24414     23953        33
   24760     24210        31
   25066     24504        28
   25187     24625        25
   25216     24654        31
   25248     24686        24
   25273     24711        26
   25327     24765        20
   25351     24789        26
   25399     24837        26
   25447     24885        35
   25483     24921        29
   25513     24951        26
   25558     24996        86
   25645     25083        31
   25677     25115        35
   25721     25159        27
   25794     25232        22
   25842     25280        47
   25893     25331        26
   25938     25376        44
   25995     25433        55
   26088     25526        29
   26147     25585        48
   26236     25674        25
   26370     25808        20
   26391     25829        20
   26538     25976        20
   26559     25997        34
   26643     26081        28
   26685     26123        32
   26774     26212        58
   26841     26279        20
   26946     26384        23
   27000     26438        29
   27115     26544        22
   27169     26598        28
   27243     26672        32
   27464     26893        24
   27507     26942        26
   27543     26978        26
   27579     27014        26
   27678     27113        41
   27738     27173        22
   27762     27197        47
   27831     27266        26
   27902     27337        33
   27945     27380        41
   27987     27422        58
   28048     27483        22
   28092     27527        24
   28134     27569        35
   28170     27605        62
   28248     27683        20
   28281     27716        29
   28311     27746        41
   28353     27788        32
   28386     27821        26
   28416     27851        20
   28463     27898        30
   28494     27929        58
   28565     28000        20
   28612     28047        49
   28662     28097        31
   28701     28136        46
   28758     28193        47
   28830     28265        21
   28981     28409        27
   29198     28597        27
   29684     29058        23
   29854     29247        28
   30149     29577        54
   31105     30458        20
   31155     30482        21
   31221     30542        56
   31278     30599        32
   32115     31411        40
   32284     31602        32
   32332     31650        29
   32401     31712        27
   32506     31810        28
   32558     31858        22
   33620     32252        34
   33675     32307        20
   34176     32759       100
   34310     32893        36
   34347     32930        60
   34540     33134        20
   34822     33371        26
   35072     33610        20
   35401     33892        69
   35634     34107        21
   35965     34280        34
   36598     34865        21
   37006     35290        24
   37088     35396        44
   37133     35441        53
   37190     35498        50
   37265     35573        32
   37379     35687        23
   37403     35711        56
   37460     35768       100
   37561     35869        39
   37601     35909        29
   37667     35975        50
   37718     36026        23
   37745     36053        56
   37802     36110        35
   37838     36146        29
   37868     36176        80
   37949     36257        33
   38024     36332        29
   38090     36398        99
   38196     36504        20
   38217     36525        26
   38244     36552        24
   38277     36585        71
   38349     36657        48
   38398     36706        28
   38463     36771        23
   38499     36807        20
   38565     36873        32
   38598     36906        23
   38622     36930        35
   38666     36974        27
   38697     37005        47
   38748     37056        23
   38787     37095        56
   38844     37152        20
   38865     37173        38
   38913     37221        40
   38994     37302        29
   39042     37350        20
   39156     37464        23
   39183     37491        21
   39246     37554        26
   39303     37611        38
   39354     37662        77
   39432     37740        23
   39459     37767        35
   39507     37815        26
   39804     38102        35
   39847     38145        29
   40289     38545        48
   40339     38595        21
   40361     38617        20
   40415     38671        30
   40446     38702        41
   41192     39697        33
   41226     39731        29
   41442     39924        82
   41604     40083        24
   41704     40181        26
   41788     40265        29
   41904     40381        32
   41995     40469        21
   42017     40491        25
   42110     40581        20
   42137     40608        20
   42161     40632        50
   42227     40698        23
   42260     40731        44
   42305     40776        26
   42332     40803        77
   42422     40893        22
   42445     40916        84
   42530     41001        26
   42557     41028        20
   42578     41049        20
   42608     41079        53
   42662     41133        26
   42689     41160        65
   42755     41226        26
   42794     41265        38
   42917     41388        32
   42974     41445        41
   43040     41511        35
   43085     41556        29
   43115     41586        23
   43166     41637        20
   43214     41685        53
   43268     41739        26
   43295     41766        80
   43395     41866        37
   43460     41931        26
   43477     44172        41
   43547     42018        25
   43574     42045        27
   43619     42090        32
   43685     42156        50
   43769     42240        47
   43817     42288        56
   43881     42352        22
   43955     42426        26
   44021     42492        44
   44095     42566        48
   44144     42615        23
   44171     42642        35
   44243     42714        20
   44264     42735       114
   44379     42850        20
   44417     42888        21
   44464     42935        70
   44535     43006        56
   44592     43063        20
   44613     43084        20
   44634     43105        47
   44683     43154        40
   44727     43198        53
   44787     43258        32
   44826     43297        26
   44853     43324        44
   44898     43369        26
   44925     43396        41
   44970     43441        29
   45012     43483        23
   45075     43546        22
   45129     43600        47
   45207     43678        58
   45266     43737        21
   45288     43759        29
   45333     43804        26
   45390     43861        23
   45414     43885        29
   45465     43936        23
   45489     43960        23
   45545     44016        36
   45603     44074        41
   45645     44116        38
   45692     44163        27
   45747     44218        20
   45786     44257        26
   45813     44284        20
   45834     44305        77
   45939     44410       101
   46041     44512        23
   46065     44536        29
   46107     44578        29
   46137     44608        44
   46182     44653        26
   46221     44692        26
   46248     44719        38
   46295     44766        30
   46338     44809        20
   46428     44899        53
   46485     44956        23
   46516     44987        27
   46544     45015        24
   46569     45040        54
   46752     45241        40
   46805     45294        20
   47358     45925        20
   47408     45975        59
   47469     46036        38
   47512     46079        51
   47710     46248        39
   47783     46321        24
   47858     46389        32
   47891     46422        34
   47969     46504        26
   48009     46543        22
   48123     46647        29
   48171     46689        20
   48231     46761        46
   48278     46808        26
   48328     46858        21
   48371     46901        29
   48406     46936        78
   48505     47035        46
   48604     47124        23
   48646     47166        24
   48779     47308        44
   48824     47353        20
   49058     47595        26
   49191     47764        29
   49221     47794        94
   49374     47942        22
   49411     47975        20
   49440     48022        22
   49670     48271        31
   50259     48758        72
   50623     49101        33
   50657     49135        28
   50699     49177        29
   50843     49318        34
   50879     49354        44
   50951     49426        45
   51026     49501        95
   51131     49606        27
   51159     49634        22
   51200     49675        25
   51226     49701        23
   51590     49908        70
   52152     50931        30
   52255     51028        28
   52488     51232        57
   52563     51307        33
   52597     51341        24
   52651     51400        25
   52668     51422        24
   52804     51558        24
   52941     51712        26
   53042     51813        20
   53437     51992        84
   54406     52859        44
   54491     52944        27
   54546     52999        20
   54631     53084        35
   54702     53155        49
   54752     53205        31
   54790     53243        22
   54989     53421        20
   55100     53523        20
   55216     53639        35
   55267     53690        38
   55342     53765       101
   55459     53882        35
   55504     53927        44
   55591     54014        24
   55616     54039        24
   55726     54133        21
   55751     54158        40
   55792     54199        46
   55857     54264        74
   55989     54396        22
   56066     54473        39
   56579     54945        52
   56804     55165        30
   56933     55280        21
   57028     55371        24
   57243     55580        22
   57265     55603        21
   57326     55663        20
   57440     55771        95
   57538     55869        20
   57563     55888        22
   57760     56158        53
   57858     56256        21
   57977     56375        34
   58012     56410        20
   58055     56453        25
   58081     56479        26
   58116     56514        22
   58167     56565        44
   58215     56613        53
   58305     56703        23
   58335     56733        53
   58404     56802        35
   58455     56853        29
   58497     56895        20
   58536     56934        20
   58557     56955        26
   58584     56982        38
   58644     57042        32
   58677     57075        31
   58709     57107        39
   58749     57147        29
   58806     57204        53
   58878     57276        26
   58941     57339        32
   58974     57372        56
   59061     57459        50
   59112     57510        29
   59142     57540        74
   59220     57618        29
   59283     57681        23
   59349     57747        83
   59698     58094        26
   60124     58475        28
   60145     58503        35
   60249     58610        40
   60393     58767        22
   60419     58793        96
   60540     58914        28
   60569     58943        29
   60617     58991        20
   60644     59018        20
   60773     59147        23
   60797     59171        32
   60836     59210        27
   60962     59336        26
   61004     59378        26
   61076     59450        30
   61107     59481        21
   61136     59510        23
   61160     59534        69
   61237     59611        27
   61271     59645        87
   61403     59777        29
   61442     59816        20
   61481     59855        28
   61510     59884        52
   61589     59963        38
   61628     60002        29
   61676     60050        20
   61697     60071        35
   61733     60107        53
   61814     60188        26
   61861     60235        23
   61895     60269        20
   61920     60294        26
   61945     60316        23
   62242     60596        21
   62471     60925        29
   62829     61276        20
   63202     61643        20
   63223     61664        42
   63305     61746        26
   63345     61786        20
   63430     61871        25
   63475     61916        50
   63526     61967        35
   63625     62066        29
   63670     62111        27
   63701     62142        22
   63727     62168        50
   63844     62285        31
   63899     62340        26
   64340     62804        23
   64565     62949        20
   64850     63209        21
   64872     63231        25
   65343     63669        31
   65390     63716        40
   65520     63846        23
   65568     63894        38
   65616     63942        68
   65730     64056        43
   65799     64125        23
   66545     65222        53
   66662     65339        25
   66708     65385        29
   66786     65463        32
   67020     65697        20
   67043     65720        23
   67170     65847        36
   67391     66055        20
   67425     66089        23
   67546     66207        38
   67597     66258        35
   67633     66294        20
   67657     66318        29
   67687     66348        27
   67717     66378        25
   67749     66410        33
   67801     66462        23
   67825     66486        31
   67869     66530        31
   67922     66583        37
   67964     66625        28
   68008     66669        23
   68086     66747        23
   68221     66882        23
   68263     66924        29
   68293     66954        20
   68335     66996        23
   68359     67020        47
   68538     67209        27
   68709     67378        28
   69468     68079        23
   69492     68103        32
   69525     68136        43
   69699     68319        94
   69854     68474        26
   69881     68501        25
   69920     68540        20
   69969     68589        43
   70013     68633        50
   70064     68684        23
   70094     68714        41
   70163     68783        64
   70353     68973        29
   70383     69003        22
   71568     70115        38
   71609     70156        21
   71645     70192        30
   71807     70343        21
   71845     70381        56
   71920     70456        20
   72098     70643        79
   72349     70913        89
   72813     71440        27
   72892     71519        33
   73542     71980        72
   73838     72323        40
   73882     72367        65
   73977     72462        33
   74014     72499        26
   74041     72526        30
   74367    130081        20
   74470     72944        25
   74561     73035        28
   74689     73163        51
   74758     73232        22
   74856     73323        22
   74885     73352        25
   75058     73486        20
   75127     73550        20
   75224     73647        31
   75261     73685        23
   75581     73982        27
   75645     74046        20
   75669     74070        34
   75719     74124        25
   75878     74282        49
   75937     74341        20
   76021     74425        20
   76190     74580        50
   76418     74793        25
   76483     74867        28
   76649     75023        23
   76676     75050        27
   76742     75114        26
   76841     75213        35
   76892     75264        26
   76930     75302        32
   76976     75348        36
   77013     75385        25
   77102     75475        26
   77186     75575        24
   77288     75659        33
   77339     75710        22
   77373     75746        29
   77407     75783        26
   77622     76004        22
   77850     76252        31
   77895     76297        26
   77922     76324        42
   77982     76385        23
   78207     76541        24
   78307     76626        23
   78390     76702        29
   78443     76754        39
   78531     76842        32
   78591     76902        26
   78627     76938        47
   78702     77013        26
   78738     77049        23
   78822     77133        20
   78855     77166        29
   78894     77205        26
   78924     77235        44
   78982     77293        22
   79005     77316        56
   79089     77400        32
   79140     77451        23
   79188     77499        41
   79254     77565        54
   79344     77655        26
   79386     77697        35
   79431     77739        44
   79494     77802        32
   79527     77835        44
   79665     77973        45
   79728     78036        33
   79762     78070        46
   79818     78126        20
   79960     78268        23
   80120     78362        20
   80153     78395        42
   80226     78468        27
   80307     78554        21
   80355     78602        78
   80439     78686        28
   80539     78786        27
   80609     78856        24
   80642     78889        20
   80666     78913        24
   80762     79009        29
   80881     79142        45
   80966     79227        30
   81220     79445        32
   81338     79562        20
   81359     79583        25
   81473     79704        36
   81718     79927        20
   81763     79972        41
   81847     80056        32
   81910     80119        20
   81940     80149        32
   81973     80182        20
   82009     80218        38
   82145     80354        40
   82186     80395        29
   82265     80474        40
   82389     80588        25
   82463     80656        25
   82573     80766        39
   82662     80857        20
   82723     80917        24
   82777     80971        20
   82912     81091        23
   83042     81221        20
   83158     81463        40
   83219     81524        35
   83258     81563        20
   83330     81635        30
   83375     81680        50
   83426     81731        20
   83456     81761        20
   83477     81782        23
   83549     81854        38
   83588     81893        26
   83645     81950        45
   83703     82008        37
   84158     82475        22
   84259     82576        38
   84298     82615        41
   84370     82687        26
   84616     82933        67
   84684     83001        27
   84727     83044        23
   84771     83088        24
   84851     83168        25
   85013     83322        32
   85133     83442        20
   85160     83469        29
   85232     83541        29
   85265     83574        56
   85436     83745        23
   85528     83824        32
   85564     83860        25
   85605     83901        23
   86125     84423        45
   86201     84499        26
   86228     84526        26
   86318     84616        20
   86339     84637        41
   86465     84763        23
   86560     84858        20
   86717     85020        47
   86798     85101        20
   86848     85151        21
   86870     85173        38
   86987     85290        22
   87025     85328        27
   87060     85363        25
   87119     85429        22
   87243     85533        20
   87264     85554        28
   87309     85599        23
   87344     85634        30
   87411     85701        35
   87477     85767        23
   87510     85800        27
   87546     85836        53
   87618     85908        22
   87647     85931        49
   87793     86056        20
   88026     86266        25
   88557     86757        22
   88719     86927        23
   88951     87153        46
   89049     87251        29
   89091     87293        20
   89181     87383        25
   89207     87409        21
   89307     87503        26
   89436     87632        20
   89492     87688        20
   89527     87723        29
   89734     87913        28
   89880     88058        23
   90101     88272        27
   90180     88351        26
   90282     88453        23
   90324     88495        42
   90414     88566        23
   90443     88607        42
   90486     88650        74
   90561     88725        44
   90606     88770        38
   90687     88851       113
   90801     88965       111
   90913     89077        50
   90964     89128        43
   91007     89151        27
   91043     89188        30
   91076     89221        37
   91114     89259        76
   91191     89336        27
   91263     89408        58
   91323     89467       162
   91486     89630        22
   91509     89653       146
   91656     89800        33
   91690     89834        29
   91720     89864        43
   91764     89908        81
   91846     89990        30
   91877     90021        83
   91972     90122        84
   92057     90207        52
   92110     90260        20
   92131     90281        37
   92199     90349        49
   92306     90460        31
   92339     90493        21
   92361     90515        40
   92402     90556       143
   92553     90707        20
   92576     90730        41
   92618     90772        65
   92684     90838        29
   92714     90868        27
   92760     90914        75
   92836     90990        30
   92900     91054        22
   92923     91077        30
   92963     91117        35
   92999     91153        33
   93034     91188        29
   93077     91231        74
   93169     91320        70
   93333     91490        22
   93380     91537        55
   93436     91593        35
   93497     91654        66
   93586     91743        21
   93608     91765       104
   93713     91870       147
   93861     92018        47
   93956     92104        27
   93992     92140        58
   94051     92199       162
   94214     92362        38
   94253     92401        42
   94305     92453        26
   94351     92508        69
   94498     92655        62
   94581     92738        22
   94639     92796        44
   94684     92841        21
   94729     92886        29
   94786     92943        72
   94880     93037        32
   94954     93111        25
   94980     93137        77
   95096     93247        79
   95201     93352        20
   95222     93373        46
   95269     93420        25
   95295     93446        84
   95438     93589        45
   95482     93630        51
   95534     93682        49
   95593     93741        88
   95744     93892        51
   95816     93964        37
   95854     94002        54
   95914     94059        25
   95960     94105        34
   95995     94140        36
   96098     94243        37
   96136     94281        70
   96218     94363        89
   96308     94453        25
   96334     94479        48
   96383     94528        55
   96458     94603       110
   96583     94728        49
   96639     94784        28
   96668     94813        26
   96715     94860        21
   96737     94882        26
   96776     94921        45
   96863     95008        20
   96903     95048        55
   96959     95104        21
   97004     95149        59
   97064     95209        24
   97107     95252        49
   97157     95302        45
   97203     95348       129
   97333     95478        24
   97358     95503        43
   97422     95567        43
   97466     95611        40
   97507     95652        25
   97534     95679        60
   97628     95824        34
   97666     95862        48
   97715     95911        68
   97784     95980        69
   97864     96060        21
   97886     96082        20
   97907     96103        89
   97997     96193        52
   98049     96239        73
   98123     96313        22
   98164     96354        60
   98225     96415        66
   98292     96482       118
   98411     96601        24
   98436     96626        20
   98457     96647        24
   98482     96672        69
   98607     96797        20
   98636     96826        22
   98659     96849        23
   98700     96890        24
   98733     96920        37
   98771     96958        78
   98851     97038        21
   98873     97060        36
   98915     97102        42
   98973     97160        33
   99007     97194        27
   99064     97251        52
   99149     97336        66
   99216     97403       111
   99328     97515        32
   99361     97548        26
   99441     97628        27
   99486     97673        32
   99555     97738        43
   99612     97795        23
   99675     97858        41
   99722     97905        34
   99759     97942        22
   99834     98043        32
   99886     98086        21
   99929     98130        31
   99961     98162        36
  100040     98524       107
  100153     98637        54
  100251     98748        44
  100318     98835        21
  100387     98904        37
  100425     98942        39
  100530     99042        24
  100540    149496        38
  100582     99094        57
  100652     99168        62
  100715     99231        51
  100767     99283        66
  100851     99367        24
  100876     99392        22
  100899     99415        33
  100939     99455        29
  100969     99485        40
  101029     99545        56
  101086     99602        89
  101176     99692        71
  101248     99764       104
  101353     99869       121
  101475     99991        53
  101558    100073        34
  101593    100108        57
  101679    100196       129
  101807    100325        81
  101889    100407        47
  101937    100455        42
  101980    100498        50
  102048    100566        22
  102071    100589        94
  102166    100684        22
  102214    100732        41
  102256    100774        85
  102342    100860        44
  102387    100905        23
  102411    100929        95
  102529    101047        45
  102575    101093        49
  102646    101164        31
  102678    101196        44
  102723    101241        88
  102812    101330        62
  102875    101393        38
  102914    101432        21
  102936    101454        20
  102957    101475        20
  102978    101496        47
  103026    101544        22
  103054    101572        21
  103120    101657        40
  103175    101712        22
  103195    101734        23
  103219    101758        47
  103267    101806        50
  103318    101857        23
  103357    101896        37
  103395    101934        20
  103416    101955        42
  103459    101998        35
  103495    102034        41
  103537    102076        84
  103622    102161        65
  103699    102238        83
  103776    102319        52
  103848    102391        34
  103883    102426        67
  103951    102494        27
  103980    102529        93
  104077    102626       100
  104181    102730        23
  104225    102774        20
  104246    102795       168
  104415    102964        52
  104468    103017       150
  104624    103173        42
  104667    103216        20
  104794    103708        42
  104837    103751        58
  104896    103810        59
  104975    103889        58
  105034    103948        44
  105079    103993        30
  105157    104064        33
  105375    104281        23
  105399    104305        30
  105430    104336        55
  105485    104399        26
  105527    104439        39
  105576    104488        30
  105624    104536        31
  105685    104597        39
  105737    104640        58
  105796    104699        36
  105833    104736        22
  105856    104759        21
  105904    104807        31
  105952    104851        28
  105984    104883        20
  106012    104904        25
  106049    104943        75
  106166    105060        86
  106271    105165        33
  106313    105207       229
  106543    105437        71
  106615    105509       124
  106740    105634       319
  107060    105954       260
  107321    106215       128
  107450    106344       128
  107579    106473        27
  107607    106501       140
  107748    106642       106
  107855    106749        25
  107971    106881        37
  108086    106996       201
  108304    107213        62
  108367    107276        30
  108398    107307        44
  108443    107352        24
  108468    107377        32
  108501    107410        63
  108565    107474        95
  108676    107585        47
  108741    107650        48
  108790    107699        27
  108818    107727        40
  108858    107762        45
  108920    107827        52
  108973    107879        32
  109006    107912       150
  109157    108068       133
  109292    108203        53
  109346    108257        78
  109425    108336        35
  109498    108411        21
  109520    108433        71
  109605    108518        87
  109693    108606        33
  109738    108651        63
  109823    108739        77
  109906    108819       109
  110035    108949        95
  110149    109063        21
  110242    109156       196
  110439    109353       107
  110571    109485        95
  110667    109581        24
  110697    109611        90
  110794    109711       383
  111185    110102       249
  111436    110353        49
  111486    110403        72
  111571    110507        22
  111600    110536        41
  111642    110578       114
  111757    110693       106
  111863    110812       357
  112221    111170        71
  112293    111242        49
  112357    111306        21
  112379    111328       143
  112523    111472       169
  112693    111642       323
  113027    111976        30
  113058    112007        73
  113132    112081       117
  113259    112208        28
  113295    112213        36
  113346    136321        23
  113370    112287        45
  113427    112344        25
  113453    112370       171
  113737    112663        51
  113789    112715        46
  113836    112762        78
  113947    112875        33
  113981    112909        35
  114100    113025        23
  114217    113138        24
  114268    113189        62
  114347    113274        21
  114395    113322        57
  114447    113378        31
  114509    113456        97
  114613    113560        25
  114643    113590        34
  114678    113625        20
  114704    113651        57
  114803    113751        25
  114866    113812        20
  114944    113896        29
  114992    113944        29
  115022    113974        42
  115113    114074        57
  115171    114132       130
  115302    114263        63
  115366    114327        42
  115409    114370        47
  115474    114435        37
  115535    114496        74
  115626    114587        22
  115655    114616        29
  115691    114652        34
  115726    114687        32
  115759    114720        23
  115787    114748        35
  115851    114806        21
  115947    114908        32
  116398    115420        35
  116458    115480        30
  116691    115710        22
  116942    115967        20
  117022    116047        30
  117143    116168        37
  117200    116225        26
  117233    116258        26
  117281    116306        41
  117341    116366        40
  117491    116516        20
  117536    116561        20
  117703    116728        30
  117749    116774        21
  117780    116805        37
  117823    116848        33
  117887    116912        35
  117973    116998        21
  117999    117024        22
  118061    117086        23
  118130    117155        20
  118266    117291        27
  119185    118197        20
  119256    118270        20
  120567    119154        89
  120890    119495        22
  120967    119572        20
  121066    119671        20
  121198    119803        20
  121393    120007        26
  121501    120115        29
  121606    120220        32
  122148    120759        22
  122180    120791        39
  122297    120908        20
  122351    120962        20
  122423    121034        47
  122501    121112        22
  122564    121175        26
  122591    121202        46
  122714    121325        29
  122789    121400        38
  122844    121455        49
  122998    121609        21
  123064    121675        27
  123092    121703        42
  123152    121763        47
  123205    121816        24
  123260    121871        34
  123490    122101        27
  123662    122290        41
  123749    122377        50
  123806    122434        23
  123866    122494        29
  124161    122796        53
  124248    122883        26
  124353    122988        23
  124416    123051        22
  124792    123386        20
  124813    123407        26
  124984    123578        47
  125125    123719        25
  125233    123827        20
  125708    124318        24
  125764    124374        41
  125824    124434        44
  125875    124485        29
  125934    124544        21
  125962    124572        29
  126040    124650        44
  126205    124815        28
  126320    124948        20
  126368    124996        28
  126401    125029        20
  126437    125065        23
  126506    125134        20
  126596    125224        35
  126665    125293        32
  126712    125340        30
  127147    118447        22
  127158     39391        20
  127188    125892        29
  127337    126024        30
  127557    126252        27
  127696    126358        21
  127841    126489        24
  127876    126524        38
  127966    126614        26
  128052    126700        26
  128085    126733        21
  128236    126884        26
  128409    127057        55
  128465    127113        23
  128489    127137        35
  128537    127185        23
  128645    127293        34
  128975    127623        31
  129008    127656        20
  129053    127701        41
  129101    127749        41
  129146    127794        50
  129197    127845        29
  129247    127895        21
  129272    127920        23
  129344    127992        41
  129419    128067        20
  129440    128088        32
  129509    128157        20
  129542    128190        20
  129645    128293        20
  129753    128404        25
  129910    128561        22
  130466    129120        23
  130490    129144        26
  130529    129183        29
  131050    129674        25
  131087    129711        20
  131117    129741        39
  131263    129887        22
  131538    130210        37
  131680    130352        21
  131891    130560        23
  131957    130626        20
  132313    130994        26
  132538    131237        23
  132862    131576        31
  132976    131690        25
  133258    131966        42
  133345    132047        21
  133372    132074        36
  133457    132159        21
  133539    132241        25
  133565    132267        22
  133937    132642        32
  134984    133590        21
  135064    133664        32
  135171    133777        21
  135221    133821        35
  135261    133861        23
  135285    133885        32
  135318    133918        34
  135359    133959        29
  135395    133995        22
  135434    134034        74
  135532    134132        37
  135587    134187        47
  135635    134235        42
  135678    134278        63
  135742    134342       130
  135873    134473        57
  135979    134588        42
  136022    134631        29
  136070    134679        29
  136157    134772        20
  136215    134828        25
  136282    134896        57
  136345    134959        20
  136366    134980        34
  136405    135019        25
  136437    135051        97
  136565    135195        31
  136591    135225        57
  136675    135309        21
  136713    135353        62
  136802    135442        24
  136920    135556        23
  137027    135660        35
  137063    135696        33
  137129    135764        78
  137208    135843        46
  137255    135890        51
  137419    136063       171
  137591    136235        25
  137628    136272        45
  137674    112260        23
  137712    136355        36
  137756    136368        28
  137794    136406       117
  137912    136524        73
  137986    136598        30
  138027    136639       323
  138351    136963       169
  138521    137133       143
  138665    137277        21
  138701    137313        49
  138751    137363        71
  138823    137435       357
  139180    137805       106
  139287    137912       114
  139402    138027        41
  139450    138075        22
  139485    138129        72
  139558    138202        49
  139609    138253       249
  139866    138510       383
  140256    138903        90
  140352    138999        24
  140377    139024        95
  140497    139144       107
  140605    139252       196
  140873    139520        21
  140913    139560        95
  141028    139676       109
  141143    139788        77
  141242    139890        63
  141317    139965        33
  141351    139999        87
  141452    140100        71
  141524    140172        21
  141583    140233        35
  141619    140269        78
  141698    140348        53
  141753    140403       133
  141887    140542       150
  142038    140693        32
  142071    140725        52
  142140    140797        45
  142185    140837        40
  142226    140878        27
  142254    140906        48
  142320    140972        47
  142383    141035        95
  142479    141131        63
  142543    141195        32
  142576    141228        24
  142601    141253        44
  142646    141298        30
  142677    141329        62
  142756    141407       201
  143035    141686        37
  143163    141830        25
  143189    141856       106
  143296    141963       140
  143437    142104        27
  143465    142132       128
  143594    142261       128
  143723    142390       260
  143984    142651       319
  144304    142971       124
  144429    143096        71
  144501    143168       229
  144739    143406        33
  144791    143458        86
  144919    143586        75
  145006    143675        25
  145039    143701        20
  145063    143725        28
  145108    143766        31
  145166    143824        21
  145188    143846        22
  145211    143869        36
  145248    143906        58
  145319    143968        39
  145388    144037        31
  145437    144086        30
  145477    144126        39
  145532    144179        26
  145558    144213        55
  145614    144269        30
  145645    144300        23
  145853    144507        33
  145934    144581        30
  145965    144612        44
  146010    144657        58
  146088    144735        59
  146148    144795        58
  146207    144854        42
  146356    145368        20
  146377    145389        42
  146425    145437       150
  146576    145588        52
  146629    145641       168
  146798    145810        20
  146839    145851        23
  146866    145878       100
  146970    145982        93
  147065    146083        27
  147093    146111        67
  147161    146179        34
  147215    146233        52
  147261    146283        83
  147356    146378        65
  147422    146444        84
  147507    146529        41
  147549    146571        35
  147585    146607        42
  147628    146650        20
  147649    146671        37
  147702    146724        23
  147726    146748        50
  147777    146799        47
  147825    146847        23
  147846    146870        22
  147883    146907        40
  147968    147011        21
  147995    147038        22
  148018    147061        47
  148066    147109        20
  148087    147130        20
  148108    147151        21
  148130    147173        38
  148169    147212        62
  148232    147275        88
  148321    147364        44
  148366    147409        31
  148419    147462        49
  148469    147512        45
  148537    147580        95
  148633    147676        23
  148657    147700        44
  148702    147745        85
  148788    147831        41
  148855    147898        22
  148878    147921        94
  148973    148016        22
  149013    148056        50
  149064    148107        42
  149107    148150        47
  149155    148198        81
  149235    148279       129
  149393    148439        57
  149451    148497        34
  149515    148560        53
  149569    148614       121
  149691    148736       104
  149796    148841        71
  149868    148913        89
  149958    149003        56
  150034    149079        40
  150075    149120        29
  150111    149156        33
  150145    149190        22
  150168    149213        24
  150210    149255        66
  150277    149322        51
  150329    149374        62
  150404    149453        57
  150465     99070        38
  150489    149538        24
  150579    149623        39
  150619    149663        37
  150704    149748        21
  150748    149812        44
  150836    149913        54
  150896    149973       107
  151046    150406        36
  151083    150443        31
  151136    150497        21
  151177    150529        32
  151262    150640        22
  151287    150665        34
  151327    150705        41
  151408    150786        23
  151445    150823        43
  151525    150899        32
  151575    150949        27
  151656    151030        26
  151683    151057        32
  151716    151090       111
  151828    151202        66
  151927    151301        52
  152009    151383        27
  152037    151411        33
  152086    151460        42
  152134    151508        36
  152171    151545        21
  152194    151568        78
  152273    151647        37
  152319    151690        24
  152361    151732        23
  152385    151756        22
  152416    151787        20
  152492    151863        69
  152562    151933        24
  152587    151958        20
  152608    151979        24
  152633    152004       118
  152752    152123        66
  152819    152190        60
  152898    152269        22
  152921    152292        73
  152994    152359        52
  153047    152412        89
  153137    152502        20
  153158    152523        21
  153190    152555        69
  153260    152625        68
  153329    152694        48
  153381    152746        34
  153449    152865        60
  153511    152927        25
  153537    152953        40
  153578    152994        43
  153642    153058        43
  153686    153102        24
  153711    153127       129
  153841    153257        45
  153887    153303        49
  153955    153371        24
  153980    153396        59
  154063    153479        21
  154085    153501        55
  154160    153576        20
  154222    153638        45
  154280    153696        26
  154307    153723        21
  154349    153765        26
  154376    153792        28
  154411    153827        49
  154475    153891       110
  154605    154021        55
  154661    154077        48
  154710    154126        25
  154736    154152        89
  154837    154253        70
  154908    154324        37
  155012    154428        36
  155049    154465        34
  155104    154520        25
  155135    154548        54
  155190    154603        37
  155248    154661        51
  155362    154775        88
  155460    154873        49
  155510    154923        51
  155560    154970        45
  155664    155074        84
  155749    155159        25
  155775    155185        46
  155822    155232        20
  155868    155278        79
  155986    155390        77
  156064    155468        25
  156131    155535        32
  156185    155589        72
  156285    155689        29
  156338    155742        21
  156360    155764        44
  156440    155844        22
  156483    155887        62
  156623    156027        69
  156712    156125        26
  156748    156161        42
  156791    156204        38
  156830    156243       162
  156993    156406        58
  157060    156473        27
  157135    156539        47
  157183    156587       147
  157331    156735       104
  157436    156840        21
  157480    156884        66
  157572    156976        35
  157608    157012        55
  157688    157092        22
  157804    157214        70
  157892    157299        74
  157980    157387        29
  158011    157418        33
  158045    157452        35
  158090    157497        30
  158121    157528        22
  158177    157584        30
  158208    157615        75
  158302    157709        27
  158330    157737        29
  158360    157767        65
  158426    157833        41
  158470    157877        20
  158498    157905       143
  158642    158049        40
  158683    158090        21
  158706    158113        31
  158795    158206        49
  158875    158286        37
  158913    158324        20
  158934    158345        52
  158987    158398        84
  159083    158500        83
  159167    158584        30
  159198    158615        81
  159280    158697        43
  159324    158741        29
  159354    158771        33
  159388    158805       146
  159535    158952        22
  159558    158975       162
  159722    159138        58
  159825    159241        27
  159853    159269        76
  159930    159346        37
  159970    159386        30
  160009    159426        27
  160036    159433        43
  160080    159477        50
  160131    159528       111
  160243    159640       113
  160399    159796        38
  160438    159835        44
  160483    159880        74
  160558    159955        42
  160606    160015        23
