> gi|179366234|gb|EU549769.1|
      17         1        77
     566       494        66
     684       612        25
     750       678        20
     771       699        26
     798       726        23
     822       750        26
     849       777        23
     873       801        45
     975       903        20
    1001       929        87
    1089      1017        23
    1149      1077        29
    1179      1107        23
    1221      1149        38
    1272      1200        26
    1302      1230        20
    1323      1251        38
    1380      1308        44
    1449      1377        77
    1527      1455        94
    1681      1594        34
    2816      2705        20
    2975      2864        23
    3883      3779        31
    4244      4133        21
    4390      4280        42
    5454      5322        22
    5908      5754        29
    6395      6218        37
    6479      6297        20
    7920      7206        36
    7957      7243        25
    8151      7465        30
    8341      7639        31
    8432      7724        27
    8498      7790        31
    9206      8482        33
    9244      8520        22
   30160      9335        43
   31194     10105        62
   31257     10168        20
   31332     10237        29
   32325     10762        27
   32353     10790        21
   32401     10829        27
   33611     11439        36
   33912     70563        21
   34176     11635        38
   34215     11674        30
   36818     32005        22
   37090     32261        21
   37133     32304        20
   37160     32331        26
   37187     32358        23
   37220     32391        20
   37268     32439        29
   37310     32481        23
   37346     32517        32
   37403     32574       104
   37508     32679        52
   37571     32742        20
   37601     32772        29
   37688     32859        29
   37718     32889        23
   37745     32916        62
   37808     32979        29
   37838     33009        23
   37868     33039        62
   37931     33102        50
   38000     33171        20
   38033     33204        23
   38057     33228        20
   38090     33261        99
   38196     33367        20
   38217     33388        29
   38247     33418        21
   38277     33448        34
   38340     33511        23
   38364     33535        83
   38490     33661        29
   38550     33721        56
   38622     33793        35
   38746     33917        25
   38805     33976        20
   38844     34015        26
   38871     34042        20
   39009     34180        20
   39033     34204        26
   39123     34294        21
   39195     34366        20
   39259     34430        34
   39303     34474        47
   39351     34522        32
   39384     34555        23
   39408     34579        24
   39456     34627        50
   39507     34678        26
   39772     34797        22
   39801     34948        37
   39849     34986        24
   40296     35375        41
   40361     35440        31
   40393     35472        21
   40415     35494        30
   40446     35525        39
   41192     35889        33
   41226     35923        27
   41460     36142        47
   41586     36268        38
   41704     36384        46
   41785     36465        23
   41827     36507        23
   41904     36584        24
   41929     36609        35
   42017     36694        25
   42131     36811        23
   42164     36844        20
   42185     36865        26
   42257     36937        47
   42305     36985        26
   42332     37012        38
   42386     37066        26
   42425     37105        25
   42467     37147        38
   42524     37204        74
   42599     37279        35
   42647     37327        59
   42707     37387        20
   42746     37426        23
   42794     37474        25
   42836     37516        23
   42909     37589        31
   42986     37666        35
   43040     37720        20
   43085     37765        29
   43133     37813        53
   43214     37894        26
   43283     37963        20
   43304     37984        38
   43466     38146        35
   43502     38182        20
   43574     38254        28
   43613     38293        44
   43679     38359        25
   43719     38399        25
   43745     38425        23
   43784     38464        23
   43817     38497        47
   43881     38561        21
   44024     38704        41
   44126     38806        26
   44171     38851        35
   44237     38917        26
   44264     38944       114
   44379     39059        20
   44417     39097        21
   44464     39144        73
   44546     39226        45
   44632     39312        50
   44685     39365        41
   44898     39578        26
   44928     39608        26
   44955     39635        47
   45003     39683        38
   45111     39791        23
   45135     39815        41
   45183     39863        20
   45204     39884        61
   45333     40013        44
   45378     40058        47
   45465     40145        23
   45491     40171        21
   45564     40244        32
   45606     40286        20
   45644     40324        48
   45693     40373        33
   45759     40439        74
   45834     40514        62
   45939     40619        35
   45975     40655        23
   45999     40679        35
   46071     40751        23
   46106     40786        30
   46143     40823        38
   46182     40862        23
   46215     40895        32
   46248     40928        23
   46295     40975        57
   46398     41078        20
   46428     41108        47
   46482     41162        26
   46546     41226        77
   46699     41395        52
   46752     41448        40
   46798     41494        20
   47186     41840        21
   47415     42043        23
   47439     42067        28
   47475     42103        31
   47512     42140        50
   47710     42344        45
   47776     42410        22
   47822     42460        20
   47863     42492        46
   47916     42545        22
   47966     42595        29
   48009     42636        21
   48231     42837        76
   48328     42934        24
   48380     42986        25
   48407     43013       101
   48540     43146        28
   48647     43235        23
   48692     43298        20
   48793     43407        30
   48824     43438        34
   49036     43654        21
   49058     43676        24
   49186     43798        34
   49221     43833        44
   49266     43878        23
   49290     43902        26
   49325     43937        22
   49408     44011        23
   49682     44283        21
   49860     44457        20
   50262     44863        32
   50295     44896        29
   50623     45229        57
   50681     45287        53
   50798     45401        29
   50841     45444        43
   50885     45488        32
   50969     45572        27
   51026     45629        70
   51200     45803        20
   51226     45829        23
   51591     46194        63
   52257     46605        30
   52488     46849        67
   52556     46917        39
   52592     46956        27
   52663     47023        24
   52941     47254        22
   53224     47522        21
   53457     47808        54
   54409     48153        20
   54430     48174        20
   54491     48235        27
   54533     48277        39
   54598     48342        20
   54637     48381        23
   54670     48414        26
   54702     48446        51
   54757     48501        29
   54847     48591        21
   55100     48797        20
   55216     48913        28
   55285     48982        20
   55319     49016        22
   55342     49039        56
   55423     49120        20
   55468     49165        23
   55504     49201        25
   55588     49285        27
   55616     49313        24
   55662     49353        27
   55726     49403        21
   55748     49425        24
   55857     49534        35
   55893     49570        38
   55977     49654        23
   56085     49762        20
   56579     50852        52
   56656     50929        27
   56678     50950        25
   56926     51179        28
   57237     51457        38
   57454     51669        23
   57478     51693        57
   57563     51773        20
   57598     51814        20
   57783     52006        30
   57846     52069        41
   57895     52118        23
   57940     52163        35
   57977     52200        31
   58041     52264        39
   58116     52339        22
   58146     52369        20
   58179     52402        32
   58221     52444        29
   58302     52525        56
   58536     52759        23
   58560     52783        50
   58653     52876        20
   58677     52900        53
   58731     52954        35
   58827     53050        32
   58878     53101        23
   58941     53164        26
   58968     53191        47
   59073     53296        32
   59106     53329        20
   59127     53350        50
   59178     53401        38
   59286     53509        23
   59382     53605        20
   59467     53690        31
   59822     54031        20
   60131     54267        31
   60266     54392        23
   60384     54530        31
   60450     54596        61
   60512     54658        23
   60548     54694        20
   60572     54718        29
   60737     54883        26
   60773     54919        41
   60962     55108        26
   61076     55222        30
   61139     55285        20
   61160     55306        23
   61205     55351        24
   61237     55383        22
   61271     55417        21
   61293     55439        40
   61337     55483        21
   61403     55549        23
   61434     55580        46
   61589     55735        32
   61673     55819        83
   61814     55960        26
   61920     56084        26
   62242     56392        21
   62472     56552        28
   63223     57264        47
   63305     57346        31
   63434     57475        25
   63525     57566        36
   63649     57690        48
   63698     57739        28
   63746     57787        22
   63769     57810        32
   63817     57858        20
   63838     57879        37
   63963     58004        21
   65343     59279        25
   65410     59346        25
   65457     59393        29
   65568     59504        45
   65646     59582        32
   65730     59666        20
   65793     59729        23
   65835     59771        20
   65856     59792        26
   66095     60217        23
   66547     60658        37
   66688     60799        26
   66828     60939        29
   66868     60979        22
   66901     61012        21
   67008     61119        21
   67067     61178        21
   67110     61221        20
   67139     61250        21
   67170     61281        44
   67425     61530        23
   67492     61594        33
   67546     61648        38
   67609     61711        26
   67687     61789        22
   67717     61819        26
   67749     61851        30
   67894     61996        23
   67918     62020        47
   68074     62176        32
   68179     62281        20
   68269     62371        29
   68335     62437        35
   68371     62473        32
   69340     63206        21
   69395     63260        25
   69433     63298        54
   69525     63390        20
   69546     63411        22
   69585     63450        22
   69703     63577        68
   69772     63646        21
   69837     63711        69
   69908     63782        32
   69967     63841        44
   70028     63902        20
   70106     63980        29
   70136     64010        35
   70172     64046        55
   70254     64127        26
   70311     64186        22
   70346     64221        51
   71526     65310        20
   71577     65361        27
   71609     65393        27
   71645     65429        23
   71764     65527        20
   71836     65597        29
   71878     65639        41
   72098     65844        48
   72147     65893        26
   72349     66076        81
   72440     66166        21
   72816     66487        24
   73541     67116        26
   73637     67212        20
   73838     67440        24
   73882     67484        22
   73905     67507        36
   73977     67579        33
   74014     67616        26
   74041     67643        30
   74470     68055        26
   74650     68235        38
   74689     68274        47
   74750     68335        30
   74885     68471        24
   75058     68599        29
   75224     68766        28
   75581     69088        27
   75669     69176        20
   75719     69226        25
   75904     69410        53
   76065     69571        27
   76306     69765        21
   76383     69837        22
   76673     70147        47
   76742     70216        41
   76841     70315        22
   76892     70366        28
   77013     70487        23
   77102     70573        26
   77372     70825        24
   77647     71093        20
   77850     71287        41
   77892     71329        56
   78207     71616        23
   78429     71826        47
   78502     71899        26
   78531     71928        26
   78594     71991        32
   78627     72024        38
   78666     72063        20
   78698     72095        36
   78815     72212        21
   78939     72336        23
   79008     72405        47
   79104     72501        26
   79164     72561        23
   79203     72600        26
   79251     72648        35
   79318     72715        25
   79346     72743        24
   79464     72858        29
   79500     72894        26
   79530     72924        20
   79551     72945        20
   79572     72966        20
   79611     73005        23
   79665     73059        25
   79728     73122        35
   79764     73158        44
   79887     73281        39
   80120     73521        24
   80145     73546        50
   80277     73688        45
   80332     73743        32
   80380     73791        45
   80439     73850        28
   80468     73879        20
   80548     73957        24
   80642     74051        20
   80757     74166        25
   80855     74269        38
   80894     74308        37
   81333     74720        36
   81781     75138        23
   81847     75204        23
   81958     75315        35
   82145     75502        25
   82195     75552        20
   82228     75585        23
   82306     75663        44
   82573     75920        39
   82662     76017        20
   82726     76077        23
   83089     76385        21
   83158     76571        40
   83219     76632        38
   83258     76671        20
   83279     76692        29
   83330     76743        20
   83366     76779        27
   83394     76807        28
   83456     76869        44
   83570     76983        44
   83624     77037        20
   83645     77058        20
   83666     77079        24
   83703     77116        40
   84268     77687        50
   84370     77783        25
   84503     77916        22
   84544     77957        23
   84634     78047        47
   84712     78125        32
   84855     78268        21
   85019     78439        31
   85133     78553        20
   85262     78682        32
   85436     78850        23
   85532     78923        25
   85558     78949        32
   85605     78996        23
   86005     79391        21
   86125     79499        30
   86183     79557        34
   86279     79653        25
   86339     79713        35
   86723     80117        20
   86798     80192        20
   86825     80219        22
   86848     80242        21
   86951     80345        35
   86993     80387        26
   87062     80456        25
   87302     80665        21
   87344     80707        21
   87480     80843        20
   87510     80873        20
   87554     80917        21
   87576     80939        34
   87611     80974        25
   87649     81006        27
   87677     81034        33
   88025     81371        26
   88367     81674        20
   88703     81989        35
   88904     82186        36
   88952     82234        39
   88998     82280        20
   89031     82313        29
   89100     82382        20
   89139     82421        23
   89400     82676        23
   89531     82807        21
   90099     83344        23
   90180     83425        26
   90248     83493        23
   90273     83518        29
   90304     83549        26
   90341     83586        25
   90413     83637        24
   90443     83679        61
   90505     83741        30
   90536     83772        45
   90582     83818        41
   90642     83878        44
   90687     83923        83
   90771     84007        29
   90804     84040        50
   90855     84091        43
   90913     84149        54
   90968     84204        31
   91020     84236        20
   91076     84293        37
   91114     84331        58
   91173     84390        45
   91263     84480        30
   91333     84550       152
   91486     84703        22
   91509     84726       125
   91635     84852        20
   91670     84887        33
   91704     84921       136
   91841     85058        62
   91904     85121       144
   92109     85326        21
   92131     85348        37
   92169     85386        29
   92199     85416        38
   92317     85534        20
   92339     85556        27
   92382     85599        83
   92466     85683        33
   92618     85858        47
   92666     85906        47
   92714     85954        20
   92738     85978        21
   92770     86010        49
   92836     86076        30
   92900     86140        22
   92923     86163        30
   92963     86203        61
   93042     86282        21
   93064     86304        23
   93088     86328        37
   93169     86406        27
   93338     86581        21
   93382     86625        39
   93437     86680        42
   93480     86723        83
   93586     86829        21
   93625     86868        46
   93672     86915        66
   93739     86982        35
   93788     87031        39
   93828     87071        32
   93861     87104        38
   93946     87189        44
   93999     87242        25
   94026     87269        20
   94047     87290        92
   94165     87402        24
   94214     87451        37
   94257     87494        30
   94307     87544        43
   94367     87613        53
   94425     87671        32
   94576     87831        27
   94639     87894        24
   94726     87981        28
   94777     88032        76
   94859     88114        21
   94881     88136        31
   94959     88214        35
   94995     88250        24
   95030     88285        27
   95083     88332        35
   95119     88368        49
   95222     88450        26
   95255     88483        36
   95292     88520        25
   95339     88558        68
   95417     88636        20
   95438     88657        45
   95482     88698        30
   95534     88750        28
   95598     88814        21
   95644     88860        37
   95702     88918        21
   95724     88940        71
   95800     89016        23
   95854     89070        27
   95884     89100        23
   95911     89124        32
   95952     89165        36
   95995     89208        52
   96098     89311        37
   96136     89349        70
   96207     89420        25
   96253     89466        68
   96336     89549       121
   96458     89671        47
   96506     89719        70
   96583     89790        22
   96606     89813        27
   96645     89852        21
   96698     89905        31
   96750     89957        25
   96778     89985        40
   96890     90073        26
   96917     90100        36
   96959     90151        30
   96990     90182        82
   97109     90301        21
   97134     90326        59
   97194     90386        86
   97281     90473        54
   97336     90528        21
   97358     90550        35
   97402     90594        51
   97465     90657        41
   97511     90703        21
   97559     90751        30
   97707     90929        76
   97859     91072        46
   97907     91120        35
   97943     91156       106
   98049     91256        36
   98086     91293        36
   98123     91330        22
   98201     91408        20
   98225     91432        38
   98292     91499        28
   98360     91567        50
   98411     91618        27
   98457     91664        32
   98490     91697        27
   98552     91759        21
   98636     91834        22
   98676     91874        23
   98752     91947       118
   98873     92068        99
   98973     92168        26
   99007     92202        27
   99064     92259        33
   99159     92354        25
   99185     92380        30
   99216     92411        26
   99280     92475        48
   99329     92524        21
   99361     92556        26
   99422     92617        35
  100017     93011        22
  100045     93039       102
  100153     93147        46
  100251     93248        23
  100305     93317        42
  100348     93360        26
  100375     93387        99
  100540    141680        29
  100611     93618        28
  100652     93663        28
  100689     93700        25
  100726     93737        40
  100767     93778        83
  100851     93862        24
  100876     93887        29
  100939     93950        28
  100969     93980        40
  101029     94040        83
  101113     94124        72
  101186     94197        46
  101248     94259       104
  101353     94364        94
  101448     94459        26
  101475     94486        38
  101558     94568        34
  101593     94603        23
  101617     94627        33
  101693     94702        28
  101730     94730        78
  101807     94808        52
  101860     94861        28
  101893     94894        41
  101937     94938        25
  101963     94964        47
  102048     95049       140
  102204     95205        51
  102256     95257        85
  102342     95343        68
  102411     95412        79
  102491     95492        21
  102529     95530        45
  102575     95576        49
  102625     95626        34
  102678     95679        35
  102714     95715        95
  102827     95828        96
  102927     95928        20
  102985     95978        40
  103052     96045        23
  103138     96150        26
  103187     96173        74
  103267     96253        50
  103318     96304        23
  103358     96344        36
  103395     96381        20
  103432     96418        26
  103475     96461        60
  103537     96523       161
  103699     96685        27
  103743     96729        92
  103836     96822        70
  103907     96893        43
  103951     96937        27
  103996     96982        35
  104040     97025        33
  104104     97089        73
  104181     97166        23
  104225     97210        26
  104252     97237       128
  104381     97366        33
  104432     97417        35
  104468     97453        41
  104510     97495       107
  104667     97652        20
  104837     98148        35
  104898     98209        57
  104956     98267        77
  105045     98356        32
  105078     98389        31
  105110     98421        22
  105130     98423        21
  105274     98588        42
  105323     98632        32
  105402     98711        44
  105462     98771        23
  105485     98812        27
  105533     98853        33
  105572     98892        34
  105624     98944        31
  105663     98982        35
  105728     99047        32
  105761     99080        34
  105796     99115        20
  105818     99137        58
  105952     99267        21
  105984     99291        20
  106012     99312        34
  106049     99351        83
  106169     99470        43
  106213     99514        31
  106253     99554        22
  106276     99577        36
  106313     99614       229
  106543     99844        37
  106581     99882        33
  106615     99916       124
  106740    100041       180
  106921    100222       507
  107450    100751       128
  107579    100880        27
  107607    100908        67
  107675    100976        72
  107748    101049       106
  107855    101156        27
  107916    101217        39
  107975    101292        27
  108048    101362        22
  108110    101426       107
  108218    101534        51
  108270    101586        76
  108367    101683        34
  108402    101718        40
  108443    101759        24
  108468    101784        32
  108518    101834        28
  108578    101894        21
  108591    101908        20
  108818    101966        40
  108858    102001        45
  108939    102081        25
  108982    102119        23
  109006    102143       148
  109175    102312       116
  109292    102429        53
  109346    102483        62
  109397    102543        63
  109461    102607        28
  109498    102646        21
  109520    102668        58
  109579    102727        25
  109617    102765        26
  109644    102792        31
  109676    102824        50
  109731    102879        52
  109837    102986        46
  109876    103031        24
  109908    103064       114
  110047    103204        66
  110199    103354        24
  110242    103397        88
  110331    103486        25
  110366    103521        72
  110439    103594       107
  110553    103708        20
  110574    103729        92
  110667    103822        29
  110697    103852       737
  111436    104591        29
  111487    104642        71
  111571    104745        22
  111600    104774        41
  111642    104816        67
  111717    104891        83
  111801    104975        30
  111832    105006        31
  111863    105050        97
  111961    105148       142
  112105    105292       116
  112222    105409       120
  112379    105566        51
  112431    105618        91
  112523    105710       101
  112625    105812       432
  113058    106245       186
  113259    106446        21
  113289    106477        36
  113346    128729        23
  113394    106580        21
  113453    106629       145
  113651    106830        33
  113747    106937        32
  113808    106996        24
  113834    107022        86
  113944    107133        33
  113978    107167        39
  114142    107325        29
  114276    107450        35
  114515    107559        36
  114555    107599        51
  114623    107667        38
  114702    107746        59
  114860    107907        65
  114949    107996        42
  114992    108039        29
  115037    108084        22
  115088    108144        38
  115127    108183        39
  115171    108227        57
  115247    108303        41
  115289    108345        44
  115337    108393        28
  115410    108466        29
  115440    108496        29
  115531    108581        29
  135574    126756        29
  135604    126786        29
  135678    126860        28
  135710    126892        44
  135755    126937        41
  135815    126997        57
  135877    127059        39
  135917    127099        38
  135984    127175        22
  136022    127213        29
  136052    127243        42
  136118    127309        65
  136282    127476        59
  136382    127576        38
  136437    127631        51
  136492    127686        25
  136732    127796        35
  136872    127927        29
  137026    128075        39
  137066    128115        33
  137123    128173        86
  137211    128261        24
  137264    128312        32
  137359    128418        33
  137445    128507       145
  137628    128680        21
  137674    106529        23
  137718    128768        36
  137763    128814        21
  137799    128850       186
  137986    129037       534
  138521    129572        91
  138613    129664        51
  138701    129752       120
  138822    129873       117
  138942    129993       140
  139083    130134        97
  139180    130244        31
  139212    130276        30
  139243    130307        47
  139291    130355        35
  139334    130398        67
  139402    130466        41
  139450    130514        22
  139485    130568        71
  139578    130661        29
  139609    130692       737
  140347    131430        29
  140377    131460        92
  140470    131553        20
  140497    131580       107
  140605    131688        72
  140687    131770        25
  140713    131796        88
  140820    131903        24
  140930    132011        66
  141021    132103       114
  141143    132226        24
  141160    132249        46
  141260    132350        52
  141317    132407        50
  141368    132458        31
  141400    132490        26
  141439    132529        25
  141465    132555        58
  141524    132614        21
  141554    132646        28
  141583    132675        63
  141635    132736        62
  141698    132799        53
  141752    132853       116
  141889    132990       148
  142038    133139        23
  142079    133175        25
  142140    133235        45
  142185    133275        40
  142432    133353        20
  142444    133368        21
  142497    133421        28
  142543    133467        32
  142576    133500        24
  142601    133525        40
  142642    133566        34
  142697    133621        76
  142774    133698        51
  142826    133750       107
  142973    133899        22
  143041    133964        27
  143088    134027        39
  143161    134100        27
  143189    134128       106
  143296    134235        72
  143369    134308        67
  143437    134376        27
  143465    134404       128
  143615    134554       507
  144123    135062       180
  144304    135243       124
  144429    135368        33
  144463    135402        37
  144501    135440       229
  144731    135670        36
  144768    135707        22
  144799    135738        31
  144831    135770        43
  144911    135849        83
  144997    135937        34
  145039    135972        20
  145070    135995        21
  145167    136088        58
  145227    136148        20
  145248    136169        34
  145283    136204        32
  145345    136266        35
  145388    136308        31
  145437    136357        34
  145477    136397        33
  145531    136444        27
  145558    136489        23
  145597    136528        44
  145688    136619        32
  145727    136653        42
  145892    136839        21
  145911    136840        22
  145934    136863        31
  145966    136895        32
  146010    136939        77
  146088    137017        57
  146171    137100        35
  146356    137611        20
  146426    137681       107
  146534    137789        41
  146576    137831        35
  146629    137884        33
  146663    137918       128
  146792    138047        26
  146839    138094        23
  146866    138121        73
  146970    138225        33
  147012    138266        35
  147065    138319        27
  147093    138347        43
  147137    138391        70
  147208    138462        92
  147317    138571        27
  147345    138599       161
  147508    138762        60
  147585    138839        26
  147628    138882        20
  147649    138903        36
  147702    138956        23
  147726    138980        50
  147782    139036        74
  147879    139107        26
  147968    139215        23
  148018    139265        40
  148096    139335        20
  148120    139359        96
  148234    139473        95
  148330    139569        35
  148384    139623        34
  148419    139658        49
  148469    139708        45
  148531    139770        21
  148553    139792        79
  148633    139872        68
  148702    139941        85
  148788    140027        51
  148855    140094       140
  149033    140272        47
  149081    140320        25
  149109    140348        41
  149155    140394        28
  149184    140423        52
  149235    140475        78
  149322    140553        28
  149393    140623        33
  149427    140657        23
  149451    140681        34
  149530    140759        38
  149569    140798        26
  149596    140825        94
  149691    140920       104
  149811    141040        46
  149858    141087        72
  149931    141160        83
  150034    141263        40
  150076    141305        28
  150138    141367        29
  150168    141397        24
  150193    141422        83
  150277    141506        40
  150329    141558        25
  150363    141592        28
  150404    141637        28
  150474     93574        29
  150569    141797        99
  150669    141897        26
  150696    141924        42
  150769    142012        23
  150844    142090        46
  150896    142142       102
  151004    142250        22
  151586    142631        35
  151656    142701        26
  151693    142738        21
  151715    142760        48
  151801    142846        26
  151828    142873        30
  151859    142904        25
  151946    142991        33
  152009    143054        27
  152044    143089        26
  152071    143116        99
  152173    143218       118
  152344    143386        23
  152385    143427        22
  152470    143503        21
  152526    143559        27
  152554    143587        32
  152605    143638        27
  152633    143666        50
  152723    143756        28
  152780    143813        38
  152822    143855        20
  152898    143931        22
  152921    143954        36
  152958    143991        36
  152994    144021       106
  153101    144128        35
  153138    144165        46
  153260    144278        76
  153454    144502        30
  153511    144559        21
  153537    144585        41
  153590    144638        51
  153650    144698        35
  153686    144734        21
  153708    144756        54
  153763    144811        86
  153850    144898        59
  153913    144961        21
  153971    145019        82
  154054    145102        30
  154090    145147        36
  154127    145184        26
  154225    145258        40
  154268    145301        25
  154314    145347        31
  154377    145410        21
  154410    145443        27
  154438    145471        22
  154467    145494        70
  154538    145565        47
  154586    145613       121
  154722    145749        68
  154811    145838        25
  154837    145864        70
  154908    145935        37
  154996    146023        52
  155055    146082        36
  155100    146127        32
  155136    146160        23
  155162    146186        27
  155220    146244        23
  155248    146272        71
  155320    146344        21
  155362    146386        37
  155424    146448        21
  155481    146505        28
  155531    146555        30
  155560    146581        45
  155606    146627        20
  155636    146657        68
  155726    146738        25
  155752    146764        36
  155795    146807        26
  155875    146866        49
  155925    146916        35
  155986    146971        27
  156024    147009        24
  156049    147034        35
  156131    147116        31
  156163    147148        21
  156190    147175        76
  156289    147274        28
  156380    147365        24
  156440    147425        27
  156586    147580        32
  156623    147617        53
  156693    147696        43
  156756    147759        30
  156792    147795        37
  156854    147857        24
  156904    147901        92
  156997    147994        20
  157019    148016        25
  157053    148050        44
  157144    148141        38
  157183    148180        32
  157216    148213        39
  157269    148266        35
  157305    148302        66
  157372    148369        46
  157436    148433        21
  157480    148477        83
  157564    148561        42
  157622    148619        39
  157684    148681        21
  157847    148850        27
  157918    148918        37
  157956    148956        23
  157980    148980        21
  158019    149019        61
  158090    149090        30
  158121    149121        22
  158177    149177        30
  158224    149224        49
  158284    149284        21
  158309    149309        20
  158330    149330        47
  158378    149378        47
  158544    149567        33
  158578    149601        83
  158677    149700        27
  158706    149729        20
  158806    149829        38
  158845    149868        29
  158875    149898        37
  158913    149936        21
  158995    150018       144
  159140    150163        62
  159203    150226       136
  159340    150363        33
  159388    150411        20
  159409    150432       125
  159535    150558        22
  159558    150581       152
  159750    150773        30
  159825    150848        45
  159871    150894        58
  159930    150953        37
  160003    151027        20
  160044    151048        31
  160076    151080        54
  160145    151149        43
  160189    151193        50
  160243    151247        29
  160273    151277        83
  160357    151361        44
  160420    151424        41
  160462    151466        45
  160508    151512        30
  160539    151543        61
  160606    151622        24
