> gi|705244307|gb|KM078036.1|
       2    157186        80
     511       130        20
     532       151        20
     598       217        26
     625       244        23
     673       292        23
     721       340        31
     772       391        23
     850       469        47
     898       517        25
     924       543        21
     958       577        35
    1063       682        38
    1113       732        24
    1147       766        34
    1246       865        38
    1288       907        26
    1348       967        74
    1423      1042        26
    1492      1111        34
    1742      1398        36
    1810      1472        36
    2078      1708        23
    2155      1788        30
    2354      1987        28
    3086      2713        21
    3605      3257        24
    3802      3508        20
    3957      3671        36
    4297      4069        26
    5236      4965        20
    5281      5010        30
    5312      5041        48
    5548      5271        20
    5737      5470        24
    6171      5826        39
    6211      5866        23
    6273      5932        23
    7164      6870        27
    7651      7350        22
    7737      7436        25
    8216      7943        26
    8436      8166        25
    8462      8192        29
    8499      8229        20
    8818     27186        20
    9324     27494        30
    9355     27525        21
    9918     28618        79
   10513     29721        20
   10575     29783        27
   10603     29811        25
   11265     30700        27
   11295     30730        24
   11452     31155        36
   30783     31961        26
   31084     32396        40
   31209     32506        26
   31983     33017        21
   32099     33133        23
   32126     33160        29
   32192     33226        24
   32217     33251        25
   32258     33292        20
   32279     33313        23
   32336     33370        36
   32393     33427        44
   32450     33484        25
   32555     33589        20
   32609     33643        32
   32666     33700        35
   32717     33751        29
   32759     33793        23
   32783     33817        63
   32951     33985        41
   32999     34033        29
   33038     34072        81
   33120     34154        39
   33198     34232        32
   33243     34277        32
   33279     34313        47
   33477     34511        35
   33636     34670        23
   33663     34697        23
   33699     34733        20
   33747     34781        32
   33780     34814        29
   33924     34958        29
   33957     34991        56
   34038     35072        21
   34098     35132        23
   34174     35208        34
   34215     35249        62
   34278     35312        44
   34428     35462        23
   34692     35645        34
   34727     35690        24
   35065     36036        20
   35086     36057        24
   35136     36107        20
   35181     36152        21
   35241     36212        35
   35286     36257        20
   35556     36482        20
   35618     36534        45
   35875     36803        22
   35898     36826        35
   36002     36925        25
   36028     36951        25
   36131     37066        23
   36176     37111        23
   36303     37238        61
   36377     37312        21
   36612     37550        23
   36681     37619        59
   36756     37694        38
   36813     37751        35
   36849     37787        41
   36954     37892        20
   37032     37970        20
   37071     38009        29
   37101     38039        29
   37170     38108        23
   37197     38135        23
   37221     38159        29
   37293     38231        20
   37464     38402        41
   37506     38444        44
   37566     38504        20
   37611     38549        53
   37677     38615        26
   37707     38645        26
   37740     38678        26
   37899     38837        26
   37999     38937        26
   38160     39098        32
   38232     39170        20
   38271     39209        26
   38312     39250        39
   38361     39299        53
   38448     39386        64
   38513     39451        36
   38562     39500        23
   38610     39548        50
   38664     39602        83
   38748     39686        54
   38824     39762        47
   38887     39825        23
   38911     39849        26
   38938     39876        20
   39028     39966        32
   39061     39999        23
   39085     40023        23
   39181     40119        29
   39217     40155        26
   39355     40293        20
   39403     40341        20
   39436     40374        29
   39573     40511        27
   39601     40539        32
   39634     40572        35
   39733     40671        47
   39781     40719        29
   39811     40749        26
   39970     40908        20
   40021     40959        29
   40081     41019        20
   40126     41064        24
   40222     41160        20
   40260     41198        42
   40303     41241        20
   40419     41357        39
   40530     41468        36
   40567     41505        35
   40606     41544        23
   40714     41652        26
   40804     41742        32
   40849     41787        50
   40900     41838        32
   40993     41931        30
   41027     41965        24
   41147    147821        25
   41162     42115        26
   41197     42150        33
   41778     42495        20
   41863     42580        25
   41896     42613        35
   41932     42649        54
   42307     43036        47
   42376     43105        22
   42536     43261        22
   42563     43288        22
   42630     43356        84
   42718     43444        23
   42775     43501        26
   42827     43553        52
   42935     43668        31
   43033     43778        20
   43150     43898        25
   43182     43930        22
   43209     43957        29
   43267     44021        37
   43437     44191        34
   43566     44345        37
   43611     44390        35
   43665     44444        26
   44622     45141        34
   44658     45178        31
   45057     45582        23
   45252     45777        29
   45350     45875        30
   45564     46089        23
   45963     46461        63
   46566     47423        39
   46650     47507        23
   46683     47537        20
   46746     47618        21
   46768     47640        22
   47022     47981        37
   47065     48024        33
   47465     48438        71
   48008     49277        27
   48107     49376        61
   48220     49489        24
   48273     49542        23
   48299     49568        24
   48338     49607        22
   48392     49661        53
   48853     50126        44
   48907     50180        32
   48964     50237        26
   49060     50333        22
   49083     50356        24
   49174     50447        29
   49416     50695        35
   49463     50742        30
   50443     52003        23
   50835     52377        28
   50864     52406        23
   50907     52449        30
   50940     52481        26
   51013     52567        22
   51172     52728        23
   51332     52896        21
   51445     53009        22
   51656     53226        29
   51686     53256        40
   51950     53500        28
   52111     53661        27
   52250     53800        29
   52310     53860        28
   52528     54078        29
   52570     54120        32
   52624     54174        21
   52720     54270        20
   52768     54318        41
   52876     54426        26
   52918     54468        26
   53065     54615        50
   53134     54684        22
   53173     54723        20
   53194     54744        20
   53398     54948        41
   53491     55041        23
   53575     55125        23
   53617     55167        29
   53691     55241        21
   53906     55464        21
   54241     55822        41
   54298     55847        22
   54386     55948        21
   54408     55970        27
   54551     56124        28
   54580     56153        25
   54606     56179        26
   54640     56213        27
   54668     56241        26
   54704     56277        23
   54728     56301        41
   54776     56349        20
   54797     56370        23
   54920     56493        50
   55082     56655        26
   55157     56730        23
   55232     56805        30
   55379     56952        36
   55421     56994        22
   55490     57063        32
   55538     57111        20
   55640     57213        38
   55775     57348        20
   55838     57411        20
   55886     57459        26
   56090     57681        20
   56332     58026        20
   56540     58407        31
   56603     58469        21
   56866     58738        22
   57032     58895        24
   57264     59133        22
   57339     59208        23
   57363     59232        26
   57475     59344        28
   57556     59425        25
   57582     59451        32
   57690     59559        47
   57764     59633        22
   57894     59763        23
   57977     59846        25
   58792     60895        26
   59257     61346        23
   59438     61527        23
   59471     61560        53
   59658     61747        22
   60539     62216        20
   60622     62297        21
   60690     62367        25
   60752     62429        20
   60773     62450        22
   60976     62653        24
   61075     62752        20
   61200     62877        24
   61225     62902        20
   61315     62992        20
   61666     63325        24
   61691     63350        29
   61730     63389        32
   61799     63458        21
   61829     63488        44
   61879     63538        30
   62165     63824        20
   62306     63965        20
   62357     64016        20
   62378     64037        29
   62429     64088        20
   62474     64133        26
   63358     65222        20
   63448     65312        22
   63516     65380        23
   63618     65459        52
   63683     65524        29
   63765     65609        26
   63837     65681        40
   63891     65736        44
   63951     65796        23
   63990     65835        26
   64020     65865        53
   64083     65928        38
   64220     66073        20
   64257     66110        26
   65436     66890        24
   65677     67156        37
   65715     67194        26
   65754     67233        20
   65813     67292        20
   65912     67394        50
   65963     67445        33
   66145     67647        56
   66202     67704        27
   66608     68203        22
   67090     68713        38
   67201     68824        20
   67483     69083        21
   67527     69127        23
   67556     69156        23
   67580     69180        36
   67617     69217        20
   67644     69244        33
   67678     69278        64
   68008     69592        22
   68127     69728        26
   68235     69836        21
   68286     69887        20
   68319     69920        26
   68360     69961        20
   68403     70004        22
   68868     70461        27
   68920     70528        39
   69153     71080        45
   69250     71177        33
   69477     71413        23
   69501     71437        26
   70189     72221        20
   70267     72312        47
   70350     72395        21
   70432     72477        20
   70534     72579        25
   70618     72663        21
   70897     72932        21
   71150     73180        20
   71190     73223        28
   71295     73329        25
   71336     73371        21
   71671     73749        26
   71827     73895        20
   71888     73957        34
   72043     74112        77
   72142     74211        29
   72217     74286        32
   72277     74346        38
   72355     74424        20
   72418     74487        24
   72457     74526        53
   72559     74628        20
   72580     74649        23
   72790     74859        32
   72841     74910        29
   72925     74994        20
   73057     75126        38
   73099     75168        29
   73137     75206        24
   73195     75264        32
   73282     75351        23
   73342     75411        20
   73363     75432        41
   73571     75630        30
   73602     75661        40
   73643     75702        29
   73702     75754        27
   73731     75783        22
   73821     75869        23
   73968     76022        22
   74037     76099        27
   74087     76149        23
   74189     76251        21
   74489     76563        27
   74739     76808        27
   74792     76861        23
   75092     77163        25
   75159     77242        23
   75219     77302        23
   75330     77413        23
   75375     77458        20
   75450     77533        38
   75519     77602        27
   75672     77755        32
   75705     77788        47
   75957     78054        38
   76204     78364        23
   76589     78743        38
   76677     78837        47
   76749     78909        35
   76791     78951        47
   76866     79026        21
   76902     79062        23
   76950     79110        26
   77013     79173        35
   77100     79260        55
   77730     79883        20
   78062     80221        21
   78159     80318        23
   78183     80342        23
   78370     80533        39
   78584     80732        20
   79028     81184        20
   79236     81368        23
   79308     81440        28
   79408     81540        25
   79433     81563        20
   79547     81673        25
   79983     82103        20
   80139     82313        31
   80193     82367        39
   80250     82424        41
   80328     82502        23
   80373     82547        24
   80417     82591        29
   80479     82653        27
   80825     83010        23
   80894     83079        20
   80958     83143        22
   80996     83181        25
   81064     83250        33
   82005     84269        28
   82354     84620        26
   82833     85090        21
   83454     85758        50
   83525     85829        26
   83634     85938        26
   83781     86282        47
   83850     86351        41
   83955     86456        21
   83977     86478        34
   84039     86540        29
   84072     86573        53
   84135     86636        38
   84174     86675        32
   84309     86808        46
   84365     86864        58
   84442     86941        32
   84488     86986        56
   84566     87064        21
   84596     87094        26
   84623     87121        23
   84667     87165        21
   84714     87212       121
   84837     87335        48
   84886     87384        34
   84921     87419        33
   84955     87453        30
   84986     87484        21
   85015     87513        26
   85042     87540        49
   85097     87595        22
   85120     87618        24
   85155     87653        46
   85238     87736        31
   85360     87858        86
   85447     87945        23
   85589     88082        28
   85657     88150        20
   85678     88171        20
   85717     88210        28
   85886     88336        42
   85972     88422        30
   86016     88466        27
   86062     88512        24
   86141     88591        29
   86173     88623        42
   86235     88685        22
   86258     88708        29
   86322     88772        27
   86379     88829        20
   86403     88853        32
   86521     88971        53
   86641     89091        35
   86721     89171        59
   86782     89232        77
   86863     89313        38
   86904     89354        44
   86968     89418        30
   87016     89466        48
   87129     89585        65
   87223     89679        44
   87268     89724        38
   87324     89780        82
   87436     89898        28
   87468     89930        59
   87535     89997        42
   87578     90040        64
   87647     90109        57
   87705     90167        21
   87727     90189        20
   87750     90212        25
   87870     90323        32
   87931     90384        21
   87980     90433        33
   88014     90467        29
   88075     90528        65
   88170     90623        54
   88248     90695        60
   88309     90756        37
   88370     90826        48
   88521     91019        32
   88555     91053        29
   88628     91135        21
   88674     91181        30
   88721     91228        48
   88770     91277        42
   88824     91331        23
   88848     91355        21
   88871     91378        22
   88928     91435        39
   88968     91475        20
   89000     91507        34
   89044     91551        22
   89146     91653        42
   89199     91706        45
   89263     91770        33
   89297     91804        58
   89390     91897        23
   89416     91923        39
   89525     92032        24
   89586     92093        20
   89630     92137        55
   89722     92223        30
   89756     92257        47
   89847     92360        27
   89972     92485        21
   89994     92507        24
   90082     92628        42
   90125     92671        36
   90162     92699        75
   90238     92775        22
   90263     92800        24
   90365     92902        30
   90436     92973        46
   90483     93020        63
   90553     93090        57
   90611     93148        63
   90683     93220        44
   90728     93265        20
   90762     93299        21
   91002     93497        74
   91077     93572        22
   91153     93657        72
   91226     93730        52
   91279     93783        51
   91341     93845        22
   91400     93904        29
   91473     93977        25
   91510     94014        30
   91557     94061        40
   91649     94153        66
   91735     94239        23
   91804     94308        21
   91826     94330        24
   92000     94465        38
   92039     94504        41
   92086     94551        26
   92139     94604        20
   92172     94637        30
   92243     94708        21
   92265     94730        34
   92326     94791        24
   92363     94828        25
   92459     94915        30
   92490     94946        51
   92542     94998        59
   92603     95059        21
   92690     95147        20
   92711     95168        20
   92734     95735        24
   92800     95805        32
   92833     95838        33
   92866     95861        33
   92922     95926        28
   92951     95955        36
   93001     96005        21
   93024     96028        27
   93099     96162       112
   93212     96275        56
   93315     96370        22
   93348     96403        22
   93413     96457        23
   93465     96524        21
   93526     96585        46
   93611     96670        27
   93713     96765        33
   93747     96799        35
   93832     96883        42
   93875     96926        37
   93913     96964        98
   94028     97079        42
   94074     97125        36
   94111     97162        80
   94192     97243        24
   94219     97270       120
   94342     97393        52
   94395     97446        90
   94486     97537        32
   94519     97570        34
   94554     97605        65
   94620     97671        34
   94655     97706        66
   94722     97773        54
   94797     97843        28
   94831     97885        61
   94893     97947        62
   94960     98014        28
   94989     98043        41
   95031     98085        27
   95059     98113        39
   95111     98186        29
   95151     98226        35
   95202     98277        46
   95249     98324        41
   95296     98371        77
   95383     98458        69
   95453     98528        26
   95480     98555        28
   95509     98584        53
   95583     98658        21
   95605     98680       137
   95752     98827        32
   95785     98860        29
   95825     98900        25
   95851     98926        29
   95881     98956        20
   95932     99007        83
   96069     99152        24
   96138     99220        44
   96209     99291        31
   96241     99323        26
   96268     99376        70
   96344     99452        86
   96488     99596        20
   96509     99617        27
   96552     99660        60
   96613     99721        55
   96669     99777        93
   96763     99871        37
   96797     99910        22
   96820     99933       167
   96988    100101        42
   97073    100191        30
   97103    100222        44
   97180    100299        58
   97239    100358       217
   97508    100627        77
   97586    100705        42
   97629    100748        64
   97772    100890        26
   97855    100968        29
   97878    100996        24
   97942    101060        27
   98050    101224        23
   98160    101342        21
   98240    101428        25
   98291    101484        47
   98350    101543        35
   98389    101583        48
   98471    101669        47
   98607    101763        39
   98647    101803        22
   98694    101849        24
   98720    101875        35
   98823    101978        31
   98888    102061        24
   98917    102095        24
   98942    102120        35
   99043    102228        38
   99091    102276        33
   99190    102379        25
   99216    102405        21
   99241    102431        56
   99411    102601        21
   99433    102623        20
   99456    102645        78
   99590    102779        27
   99659    102848        26
   99686    102875       211
   99909    103098        81
   99991    103180       180
  100172    103361        26
  100199    103388        41
  100241    103430        59
  100301    103490        29
  100331    103520        21
  100353    103542       133
  100487    103676       222
  100710    103899        33
  100744    103933        94
  100839    104028       245
  101085    104274        95
  101181    104370        88
  101263    104458        44
  101339    104533        23
  101363    104557        36
  101401    104595        33
  101471    104668        44
  101537    104735        24
  101560    104757        63
  101656    104853        43
  101713    104910        65
  101787    104984        40
  101828    105025        94
  101927    105119        45
  101973    105165        30
  102059    105249        29
  102106    105302        39
  102156    105352        52
  102216    105413       111
  102342    105539        37
  102405    105601        62
  102467    105662        31
  102499    105694        75
  102614    105809        94
  102709    105904        46
  102756    105951        46
  102848    106039        35
  102884    106075        33
  102922    106113        39
  102962    106153        40
  103010    106193        30
  103041    106224        26
  103068    106251        46
  103118    106308        22
  103156    106346        36
  103244    106435        33
  103278    106469        24
  103326    106489        32
  103363    106522       109
  103474    106634        24
  103499    106659        35
  103562    106715        23
  103610    106763        25
  103639    106790        33
  103679    106830        67
  103747    106898        61
  103833    106983       165
  104005    107155        20
  104026    107176       143
  104170    107320        46
  104217    107367        22
  104246    107397       102
  104349    107500        26
  104376    107527       118
  104495    107646       132
  104629    107780       258
  104888    108039        29
  104946    108097       234
  105191    108342        28
  105273    108424       236
  105510    108661       266
  105796    108947        30
  105827    108978        27
  105863    109014        51
  105915    109066        91
  106007    109158       169
  106177    109328       148
  106326    109477        20
  106347    109498       169
  106518    109669        40
  106559    109710        20
  106595    109746        32
  106628    109779        57
  106736    109865        28
  106780    109877        30
  106816    109919        24
  106841    109944        20
  106908    110031        87
  106996    110119        64
  107270    110399        40
  107311    110440        77
  107416    110550        38
  107614    110747        39
  107655    110788        38
  107706    110844        42
  107778    132419        22
  107859    111125        25
  107899    111165        35
  107989    111255        35
  108034    111300        20
  108062    111332        29
  108236    111491        50
  108287    111542        22
  108310    111565        51
  108373    111628        22
  108448    111694        23
  108472    111718        39
  108514    111760        28
  108543    111789        30
  108597    111837        42
  108640    111880        27
  108791    112031        29
  109671    113471        21
  109783    113583        25
  110080    113880        23
  110205    114005        21
  110233    114033        32
  110311    114111        35
  110613    114413        30
  110644    114444        23
  110678    114478        34
  110943    114743        20
  112107    115567        23
  113087    116592        75
  113956    117400        20
  114178    117622        50
  114229    117673        20
  114510    117898        28
  114728    118116        35
  114932    118320        27
  114971    118359        20
  115136    118524        23
  115304    118692        31
  115571    118959        97
  116160    119589        23
  116211    119640        23
  116621    120144        23
  116812    120335        21
  116945    120468        26
  117214    120711        35
  118078    121421        46
  118143    121486        35
  118638    121993        55
  118760    122115        28
  118920    122266        21
  118947    122293        29
  119085    122431        23
  119134    122480        20
  120194    123592        28
  120223    123621        32
  120260    123658        23
  120403    123801        25
  120526    123924        26
  120713    124111        31
  120762    124160        28
  120812    124210        25
  120841    124239        21
  121112    124510        24
  121289    124687        22
  121325    124723        25
  121409    124807        23
  121712    125110        26
  121871    125269        23
  122121    125548        21
  122169    125596        20
  122769    126267        20
  122790    126288        35
  124875    128430        22
  126873    130668        21
  127179    131166        20
  127337    131300        29
  127490    131453        27
  127518    131481        42
  127584    131541        30
  127615    131572        28
  127646    131603        39
  127686    131643        23
  127762    131710        22
  127796    131744        51
  127848    131796        22
  127871    131819        50
  128066    131999        29
  128103    132040        20
  128133    132070        35
  128223    132160        35
  128273    132210        25
  128357    110919        22
  128409    132474        42
  128464    132534        38
  128504    132574        39
  128703    132772        38
  128769    132843        77
  128847    132921        40
  129097    133177        64
  129162    133242        87
  129296    133396        20
  129317    133417        24
  129347    133453        30
  129393    133467        28
  129472    133524        57
  129530    133582        32
  129578    133630        20
  129599    133651        40
  129641    133693       169
  129811    133863        20
  129832    133884       148
  129981    134033       169
  130151    134203        91
  130243    134295        51
  130303    134355        27
  130331    134383        30
  130381    134433       266
  130648    134700       236
  130938    134990        28
  130977    135029       234
  131240    135292        29
  131270    135322       258
  131530    135582       132
  131663    135715       118
  131782    135834        26
  131809    135861       102
  131918    135971        22
  131941    135994        46
  131988    136041       143
  132132    136185        20
  132159    136212       165
  132349    136401        61
  132411    136463        67
  132485    136537        33
  132522    136572        25
  132572    136622        23
  132623    136666        35
  132659    136702        24
  132685    136729       109
  132799    136839        32
  132855    136867        24
  132880    136892        33
  132965    136978        36
  133017    137030        22
  133043    137063        46
  133090    137110        26
  133117    137137        30
  133155    137167        40
  133196    137208        39
  133240    137252        33
  133274    137286        35
  133355    137363        46
  133402    137410        46
  133449    137457        94
  133583    137591        75
  133659    137667        31
  133690    137697        62
  133778    137784        37
  133830    137836       111
  133949    137956        52
  134012    138019        39
  134069    138082        29
  134154    138165        30
  134185    138196        45
  134235    138241        94
  134330    138336        40
  134379    138385        65
  134458    138464        43
  134534    138540        63
  134596    138601        24
  134642    138648        44
  134723    138732        33
  134758    138767        36
  134795    138804        23
  134850    138858        44
  134888    138902        88
  134977    138991        95
  135073    139087       245
  135319    139333        94
  135414    139428        33
  135448    139462       222
  135671    139685       133
  135805    139819        21
  135827    139841        29
  135857    139871        59
  135917    139931        41
  135959    139973        26
  135986    140000       180
  136167    140181        81
  136260    140274       211
  136472    140486        26
  136540    140554        27
  136623    140637        78
  136704    140717        20
  136725    140738        21
  136860    140873        56
  136920    140934        21
  136942    140956        25
  137033    141051        33
  137076    141094        38
  137180    141205        35
  137216    141241        24
  137245    141275        24
  137303    141351        31
  137402    141450        35
  137439    141487        24
  137488    141535        22
  137511    141558        39
  137639    141644        47
  137720    141729        48
  137772    141782        35
  137819    141829        47
  137892    141907        25
  137976    141997        21
  138084    142113        23
  138188    142273        27
  138255    142340        24
  138273    142363        29
  138359    142444        26
  138464    142548        64
  138529    142613        42
  138572    142656        77
  138701    142785       217
  138919    143003        58
  139010    143094        44
  139054    143139        30
  139127    143217        42
  139170    143260       167
  139338    143428        22
  139357    143452        37
  139395    143490        93
  139489    143584        55
  139545    143640        60
  139621    143716        27
  139649    143744        20
  139727    143822        86
  139819    143914        70
  139890    144011        26
  139917    144038        31
  139975    144096        44
  140064    144184        24
  140142    144270        83
  140256    144384        20
  140277    144405        29
  140307    144435        25
  140343    144471        29
  140373    144501        32
  140415    144543       137
  140553    144681        21
  140595    144723        53
  140649    144777        28
  140678    144806        26
  140705    144833        69
  140784    144912        77
  140867    144995        41
  140909    145037        46
  140971    145099        35
  141017    145145        29
  141059    145208        39
  141099    145248        27
  141127    145276        41
  141169    145318        28
  141202    145351        62
  141265    145414        61
  141332    145489        28
  141381    145533        54
  141436    145588        66
  141503    145655        34
  141538    145690        65
  141604    145756        34
  141639    145791        32
  141672    145824        90
  141763    145915        52
  141818    145970       120
  141941    146093        24
  141966    146118        80
  142047    146199        36
  142087    146239        42
  142146    146298        98
  142245    146397        37
  142283    146435        42
  142375    146526        35
  142411    146562        33
  142519    146663        27
  142585    146729        46
  142671    146815        21
  142721    146880        23
  142787    146935        22
  142820    146968        22
  142889    147029        56
  142946    147086       112
  143106    147305        27
  143135    147334        21
  143170    147369        36
  143207    147406        28
  143258    147466        33
  143291    147489        33
  143325    147523        32
  143399    147601        24
  143426    148172        20
  143447    148193        20
  143533    148280        21
  143556    148303        59
  143616    148363        51
  143668    148415        30
  143769    148507        25
  143807    148545        24
  143858    148596        34
  143893    148631        21
  143955    148693        30
  143998    148736        20
  144045    148783        26
  144077    148815        41
  144119    148857        38
  144307    149006        24
  144332    149031        21
  144399    149098        23
  144442    149141        66
  144560    149259        40
  144617    149316        30
  144659    149358        25
  144728    149427        29
  144794    149493        22
  144827    149526        51
  144879    149578        52
  144932    149631        72
  145058    149766        22
  145081    149789        74
  145374    150040        21
  145409    150075        20
  145430    150096        44
  145483    150149        63
  145547    150213        57
  145611    150277        63
  145675    150341        46
  145762    150428        30
  145870    150536        24
  145897    150563        22
  145920    150586        75
  145996    150653        36
  146033    150690        42
  146139    150829        24
  146164    150854        21
  146283    150973        27
  146354    151056        47
  146405    151107        30
  146472    151168        55
  146551    151247        20
  146608    151304        24
  146702    151398        39
  146744    151440        23
  146802    151498        58
  146861    151557        33
  146913    151609        45
  146969    151665        42
  147091    151787        22
  147123    151819        34
  147169    151865        20
  147190    151886        39
  147264    151960        22
  147288    151984        21
  147310    152006        23
  147345    152041        42
  147388    152084        48
  147453    152149        30
  147508    152204        21
  147573    152278        29
  147604    152309        32
  147739    152486        48
  147811    152567        37
  147849    152605        60
  147933    152683        54
  148017    152767        65
  148114    152864        29
  148144    152894        33
  148205    152955        21
  148255    153005        32
  148382    153123        25
  148410    153151        20
  148431    153172        21
  148453    153194        57
  148515    153256        64
  148580    153321        42
  148630    153371        59
  148693    153434        28
  148751    153498        82
  148851    153598        38
  148890    153637        44
  148963    153710        65
  149093    153846        48
  149159    153912        30
  149209    153962        44
  149256    154009        38
  149298    154051        77
  149377    154130        59
  149481    154234        35
  149583    154336        53
  149722    154475        32
  149758    154511        20
  149808    154561        27
  149870    154623        29
  149900    154653        22
  149942    154695        42
  149987    154740        29
  150071    154824        24
  150114    154867        27
  150155    154908        30
  150229    154982        42
  150412    155122        28
  150459    155169        20
  150480    155190        20
  150540    155250        28
  150687    155392        23
  150711    155416        86
  150888    155593        31
  150956    155661        46
  151013    155718        24
  151038    155743        22
  151066    155771        49
  151116    155821        26
  151150    155855        21
  151172    155877        30
  151203    155908        33
  151237    155942        34
  151272    155977        48
  151322    156027       121
  151469    156174        21
  151511    156216        23
  151535    156240        26
  151570    156275        21
  151613    156318        56
  151683    156387        32
  151734    156438        58
  151802    156506        46
  151951    156653        32
  151984    156686        38
  152032    156734        53
  152089    156791        29
  152146    156848        34
  152181    156883        21
  152266    156968        41
  152329    157031        47
  152497    157396        26
