> gi|442566992|gb|KC180779.1|
    9976     65947        21
   10021     65992        23
   10529     66508        26
   10571     66550        35
   11009     66988        23
   11258     67237        20
   12199     68388        20
   12421     68643        24
   12461     68683        32
   12552     68765        23
   12792     68999        20
   12831     69038        26
   12864     69071        29
   14627     70906        24
   14682     70961        25
   14840     71167        26
   14869     71196        57
   24685      6084        34
   27808      8587        20
   27924     38527        25
   27928      8818        24
   28674      9692        35
   29121     10170        25
   29528     10442        63
   29778     10768        34
   29813     10803        26
   30221     11454        28
   30278     11511        20
   30320     11553        29
   30419     11652        26
   30599     11832        23
   30739     11972        21
   30884     12117        20
   30947     12180        35
   31618     12845        23
   31943     13170        21
   32633     13928        24
   33988     15994        22
   34044     16050        29
   34083     16089        23
   34158     16164        22
   34416     16422        20
   35479     17487        25
   36323     18380        23
   38738     21428        23
   38899     21589        45
   39092     21782        22
   39996     22741        24
   41455     24170        21
   41856     24583        21
   42946     25663        23
   43018     25735        20
   43069     25786        31
   43499     26213        22
   43673     26387        25
   43978     26686        28
   44242     26956        20
   45531     28194        21
   46293     29593        27
   46641     30556        26
   47323     31597        21
   48450     32772        26
   48499     32821        25
   48714     33282        30
   48759     33327        21
   48784     33352        20
   48881     33453        26
   49931     34377        58
   51133     35842        32
   51394     36103        27
   51425     36134        55
   51535     36244        23
   51559     36268        23
   51598     36307        24
   51661     36370        23
   51733     36442        26
   51844     36553        32
   51919     36628        53
   51979     36688        20
   52114     36823       103
   52218     36927        31
   52361     37070        26
   52595     37304        23
   52736     37445        20
   52820     37529        20
   52865     37574        26
   52919     37628        23
   53000     37709        20
   53096     37805        23
   53156     37865        20
   53336     38045        23
   53360     38069        26
   53438     38147        23
   53546     38255        23
   53767     38535        27
   53794     38568        40
   54621     40235        27
   54649     40263        29
   55256     40892        21
   55452     41088        23
   55478     41114        33
   55512     41148        20
   55596     41232        23
   55716     41352        26
   55776     41412        32
   55917     41553        20
   56061     41697        23
   56121     41757        20
   56232     41868        25
   56535     42171        22
   56583     42219        28
   56624     44484        33
   56766     42402        33
   56928     42564        35
   57084     42720        38
   57165     42801        65
   57354     42990        29
   57390     43026        29
   57471     43110        44
   57516     43155        21
   57538     43177        20
   57561     43200        21
   57739     43378        23
   57838     43477        31
   57931     43570        26
   58159     43798        20
   58228     43867        21
   58282     43921        25
   58504     44143        22
   58633     44272        20
   58669     44308        22
   58747     44386        23
   58978     44617        23
   59020     44659        20
   59164     44803        20
   59188     44827        26
   59215     44854        23
   59275     44914        23
   59323     44962        23
   59437     45076        20
   59554     45193        20
   59575     45214        46
   60394     46164        30
   60434     46204        22
   60516     46279        46
   61458    103381        36
   61467     47270        28
   61749     47549        24
   61976     47789        21
   62100     47975        34
   62779     48955        73
   63323     49528        23
   63428     49633        29
   64928     51423        27
   64967     51462        21
   65024     51518        23
   65443     51945        28
   65710     52156        30
   65741     52187        26
   66223     52976        20
   66331     53084        38
   67209     53920        44
   67341     54052        20
   67389     54100        20
   67553     54265        25
   67579     54291        20
   67760     54472        23
   69220     55766        28
   69420     55994        20
   72116     59047        22
   72139     59070        26
   72196     59127        53
   72424     59355        26
   72817     59748        29
   72874     59805        23
   72943     59874        20
   72985     59916        26
   73060     59991        27
   73088     60019        32
   73153     60084        23
   73186     60117        30
   73246     60177        27
   73327     60258        23
   73405     60336        20
   73453     60384        23
   73477     60408        35
   77109        28        25
   77510       588        35
   77561       639        26
   77617       695        21
   77846       924        26
   77933      1011        20
   78020      1098        65
   78110      1188        20
   78269      1347        23
   78311      1389        32
   78401      1479        38
  105323    135080        30
  106024    135784        79
  106225    136126        20
  106248    136149        41
  106296    136197        20
  106758    136494        21
  106900    136720        23
  106931    136751        52
  107015    136834        88
  107112    136931        50
  107163    136982       116
  107280    137099        40
  107332    137151        86
  107459    137278        24
  107501    137319        30
  107547    137365        34
  107582    137400        54
  107637    137455        40
  107678    137496        20
  107706    137524        50
  107839    137657        24
  107864    137682        28
  107909    137725        25
  107937    137753        61
  108029    137845        37
  108137    137932        26
  108224    138020        41
  108266    138062        41
  108308    138104        23
  108346    138142        61
  108464    138247        60
  108636    138419        38
  108675    138458        50
  108755    138537        20
  108795    138577        35
  108844    138625        70
  108931    138712        25
  108957    138738        74
  109031    138807        22
  109054    138830        43
  109099    138875        21
  109249    138993        25
  109284    139028        40
  109325    139069        30
  109392    139126        27
  109536    139193        21
  109572    139229        44
  109617    139274        40
  109734    139391        20
  109771    139428        37
  109990    139628        42
  110125    139756        30
  110404    140067        31
  110476    140142        21
  110516    140182        22
  110592    140259        20
  110713    140380        25
  110768    140435        65
  110939    140605        25
  110996    140674        38
  111035    140713        21
  111479    141170        43
  111861    141535        23
  111885    141559        38
  113103    141866        34
  113138    141901        22
  113161    141924        24
  113257    142020        30
  113293    142056        42
  113348    142111        29
  113411    142174        46
  113458    142221        21
  113480    142243        24
  113537    142303        32
  113599    142365        26
  113678    142444        54
  113733    142499        46
  113780    142546        28
  113838    142604        37
  113922    142688        23
  113969    142734        41
  114034    142799        33
  114108    142873        27
  114136    142901        41
  114261    143025        56
  114323    143087        28
  114383    143147        28
  114437    143200        20
  114479    143220        44
  114550    143291        25
  114577    143318        49
  116252    145525        70
  116347    145620        22
  116489    145762        25
  116776    146050        20
  117040    146309        21
  117226    146495        20
  117544    146813        27
  118249    147592        31
  118509    147852        20
  118861    148205        22
  119201    148564        26
  119268    148631        20
  119289    148652        36
  119418    148781        22
  119450    148813        23
  119474    148837        20
  119561    148924        26
  119951    149314        26
  120622    149999        43
  120666    150043        38
  122929    152509        23
  129032    157938        20
  130069    158870        21
  130742    159488        21
