> gi|659105120|gb|KJ676538.1|
    7420     88626        25
    9250     90144        23
   10727     90642        20
   11116     90770        74
   11220     90874        23
   11825     91423        23
   11883     91481        22
   12192     91784        28
   12245     91837        22
   12278     91870        35
   12368     91960        32
   12428     92020        22
   12535     92127        33
   12606     92198        39
   12646     92238        21
   12771     92361        23
   12855     92442        53
   13393     92941        28
   13496     93044        30
   13527     93075        39
   13567     93115        22
   13734     93282        20
   13861     93409        26
   13888     93436        20
   13934     93482        27
   13964     93512        20
   14078     93621        20
   14222     93778        25
   14418     93941        29
   14505     94028        20
   14545     94065        37
   14673     94193        21
   14740     94260        26
   14769     94289        35
   14805     94325        20
   14907     94428        24
   14959     94480        20
   14991     94512        23
   15196     94701        20
   15217     94722        27
   15291     94796        22
   15357     94867        26
   15384     94894        26
   15467     94974        42
   15510     95017        47
   15573     95080        20
   15594     95101        35
   15630     95137        68
   15715     95222        23
   15758    115907        23
   16977     96405        27
   17571     96548        45
   17617     96594        39
   17690     96679        22
   17831     96823        38
   17870     96862       147
   18018     97010        31
   18050     97042        33
   18122     97114        31
   18153     97144        80
   18234     97225        33
   18269     97260        26
   18296     97287        41
   18338     97329        59
   18398     97389       234
   18633     97624       128
   18775     97766        35
   18834     97825       103
   18944     97935        73
   19018     98009        41
   19098     98089       162
   19267     98257       105
   19663     98624        58
   19733     98694        21
   19782     98743        67
   19854     98815        39
   19986     98940        24
   20053     99011        54
   20438     99385        20
   20554     99498        21
   20633     99575        45
   20731     99679        21
   20759     99703        69
   20864     99808        21
   20886     99830        20
   21012     99956        29
   21052     99999        68
   21174    100121        27
   21299    100247        33
   21419    100380        26
   21448    100426        73
   21578    100555        35
   21715    100666        25
   21800    100769        26
   21850    100819        57
   21917    100886        30
   21948    100917        98
   22049    101017        24
   22127    101096        22
   22164    101133        71
   22236    101205        34
   22271    101240        54
   22348    101316        83
   22432    101400       160
   22593    101561        55
   22648    101615        38
   22687    101654        43
   22754    101728        41
   22805    101779        37
   22862    101836        92
   22955    101929        65
   23042    102016       177
   23220    102194        59
   23305    102278        38
   23344    102317        22
   23367    102340        37
   23420    102393        28
   23449    102422        35
   23485    102458        63
   23549    102522        52
   23602    102575        50
   23653    102626        27
   23686    102659       123
   23810    102783        70
   23881    102854        21
   23944    102917        41
   23986    102959        23
   24023    102996        94
   24121    103094       214
   24343    103316        86
   24430    103403        21
   24452    103425       119
   24584    103557        20
   24674    103636        20
   24710    103672        30
   24752    103714        20
   24773    103735        27
   25090    104068        45
   25145    104123        42
   25403    104410        81
   26228     63847        20
   26254    105090        22
   26277    105113        23
   51439    124806        23
   51463    124830        22
   52255    125451        81
   52552    125777        42
   52604    125829        45
   52939    126180        27
   52967    126208        20
   52999    126240        30
   53045    126286        20
   53135    126365        20
   53168    126398       119
   53288    126518        21
   53310    126540        86
   53404    126634       214
   53622    126852        94
   53730    126960        23
   53754    126984        41
   53837    127067        21
   53859    127089        70
   53930    127160       123
   54059    127289        27
   54087    127317        50
   54138    127368        52
   54191    127421        63
   54255    127485        35
   54291    127521        28
   54335    127565        37
   54373    127603        22
   54396    127626        38
   54460    127689        59
   54520    127749       177
   54719    127948        65
   54785    128014        92
   54897    128126        37
   54944    128173        41
   55009    128245        43
   55053    128289        38
   55091    128326        55
   55147    128382       160
   55308    128543        83
   55414    128648        54
   55469    128703        34
   55504    128738        71
   55590    128824        22
   55666    128901        24
   55693    128927        98
   55792    129026        30
   55832    129066        57
   55913    129147        26
   55999    129251        25
   56126    129352        35
   56218    129443        73
   56294    129536        26
   56407    129662        33
   56538    129794        27
   56619    129875        68
   56698    129957        29
   56833    130092        20
   56854    130113        21
   56911    130170        69
   56987    130242        21
   57061    130322        45
   57164    130423        21
   57281    130537        20
   57632    130877        54
   57729    130978        24
   57846    131088        39
   57890    131132        67
   57985    131227        21
   58018    131260        58
   58367    131580       105
   58479    131691       162
   58680    131892        41
   58722    131934        73
   58802    132014       103
   58929    132141        35
   58978    132190       128
   59107    132319       234
   59342    132554        59
   59402    132614        41
   59444    132656        26
   59472    132684        33
   59506    132718        80
   59586    132797        31
   59656    132867        33
   59690    132901        31
   59722    132933       147
   59870    133081        38
   60027    133241        22
   60083    133309        39
   60123    133349        45
   60735    133510        27
   61946    134642        32
   62001    134697        23
   62041    134737        68
   62110    134806        35
   62146    134842        20
   62182    134878        47
   62230    134926        42
   62329    135022        26
   62356    135049        26
   62426    135124        22
   62495    135193        27
   62523    135221        20
   62725    135407        23
   62760    135442        20
   62808    135490        24
   62914    135597        20
   62935    135618        35
   62973    135656        26
   63045    135728        21
   63157    135840        37
   63214    135894        20
   63292    135972        29
   63492    136139        25
   63641    136301        20
   63755    136410        20
   63778    136433        27
   63831    136486        20
   63852    136507        26
   63985    136640        20
   64150    136805        22
   64173    136828        39
   64213    136868        30
   64318    136973        28
   64831    137447        53
   64945    137558        23
   65072    137683        21
   65094    137705        39
   65171    137782        33
   65289    137900        22
   65339    137950        32
   65426    138037        35
   65472    138083        22
   65519    138130        28
   65834    138439        22
   65891    138496        23
   66469     63154        20
   66496    139045        23
   66549    139098        74
   66992    139280        20
   68466    139775        23
   70294    141291        25
   76069        31        23
   76501    146601        34
   77267    147313        25
   77306    147352        24
   78414    148430        33
   78473    148489        23
  119604     34120        21
  119608      6735        20
  129157     43738        22
  157155     43796        24
