> gi|118201020|gb|EF115541.1|
    1636     81606        36
    7829     84521        20
    7850     84542        21
   10727     85379        21
   11116     86131        39
   11156     86171        34
   11220     86235        23
   11824     86799        20
   11993     86962        29
   12192     87161        34
   12245     87214        22
   12278     87247        35
   12368     87337        32
   12535     87504        33
   12618     87587        49
   12707     87674        25
   12771     87750        23
   12860     87833        24
   13393     88347        31
   13496     88450        30
   13527     88481        23
   13562     88516        21
   13695     88649        28
   13888     88842        23
   13912     88866        20
   13934     88888        27
   13964     88918        20
   14078     89027        20
   14418     89362        21
   14499     89443        26
   14545     89486        26
   14740     89684        24
   14809     89753        23
   14980     89928        37
   15196     90135        20
   15357     90300        26
   15384     90327        26
   15467     90407        41
   15517     90457        24
   15547     90487        22
   15582     90522       116
   15761     90701        32
   15900     90825        22
   16405     91219        39
   16541     91343        21
   16754     91622        24
   17567     92380        89
   17831     92662        89
   17921     92752        25
   17947     92778        46
   18018     92849        21
   18040     92871        50
   18122     92953        31
   18153     92983        80
   18257     93087        22
   18294     93124       209
   18506     93336        77
   18597     93427        35
   18645     93475       116
   18775     93605        40
   18828     93658        73
   18902     93732        33
   19018     93847        28
   19098     93927        41
   19140     93969        79
   19286     94116        80
   19666     94480        55
   19733     94547        21
   19755     94569        27
   19783     94597        47
   19850     94668        43
   19905     94723        22
   19972     94782        38
   20012     94822        23
   20051     94860        56
   20119     94927        34
   20428     95101        30
   20556     95227        37
   20640     95310        38
   20759     95427        63
   20864     95532        21
   21009     95679        25
   21042     95712        47
   21092     95762        28
   21173     95838        28
   21299     95964        25
   21419     96104        28
   21448     96146        80
   21576     96274        45
   21716     96387        23
   21740     96411        20
   21806     96482        20
   21827     96503        73
   21948     96625        98
   22049     96725        24
   22082     96758        25
   22127     96803        22
   22164     96840        71
   22236     96912        52
   22345     97024        68
   22408     97092        23
   22451     97135        60
   22524     97208        25
   22550     97234        42
   22593     97277        55
   22648     97331        33
   22686     97369        45
   22754     97437        41
   22805     97488        37
   22856     97539        43
   22900     97583        32
   22955     97638        35
   22991     97674        36
   23045     97728        36
   23082     97765        33
   23121     97804        79
   23201     97884        27
   23231     97914        39
   23298     97980        40
   23377     98128        41
   23419     98170        29
   23449     98200        35
   23485     98236        51
   23549     98301        52
   23602     98354        50
   23686     98438       123
   23810     98562        92
   23945     98697        40
   24023     98774        87
   24124     98875        39
   24179     98930       102
   24282     99033        50
   24343     99094        30
   24374     99125        55
   24430     99181        21
   24452     99203        60
   24513     99264        30
   24674     99413        22
   24744     99473        28
   24773     99502        21
   25074     99788        26
   25101     99815        34
   25405    100116        76
   26228     64598        20
   26237    100480        39
   36241    102564        20
   37466     89579        20
   51463    117616        39
   52258    117943        76
   52604    118286        34
   52639    118321        26
   52945    118612        21
   52967    118634        28
   53043    118700        22
   53196    118841        30
   53227    118872        60
   53288    118933        21
   53310    118955        55
   53366    119011        30
   53407    119052        50
   53458    119103       102
   53576    119221        39
   53629    119274        87
   53754    119398        40
   53837    119481        92
   53930    119574       123
   54087    119731        50
   54138    119782        52
   54203    119848        51
   54255    119900        35
   54291    119936        29
   54321    119966        41
   54401    120115        40
   54469    120182        39
   54511    120224        27
   54539    120252        79
   54624    120337        33
   54658    120371        36
   54712    120425        36
   54749    120462        35
   54807    120520        32
   54840    120553        43
   54897    120610        37
   54944    120657        41
   55008    120721        45
   55058    120771        33
   55091    120803        55
   55147    120859        42
   55190    120902        25
   55228    120940        60
   55308    121020        23
   55326    121043        68
   55451    121171        52
   55504    121224        71
   55590    121310        22
   55632    121352        25
   55666    121386        24
   55693    121412        98
   55839    121559        73
   55913    121633        20
   55979    121704        20
   56000    121725        23
   56118    121816        45
   56211    121909        80
   56292    122003        28
   56415    122146        25
   56538    122269        28
   56619    122345        28
   56650    122376        47
   56705    122431        25
   56854    122582        21
   56917    122645        63
   57061    122787        38
   57146    122871        37
   57281    123004        30
   57586    123174        34
   57632    123219        56
   57704    123290        23
   57729    123315        38
   57812    123390        22
   57846    123424        43
   57909    123491        47
   57957    123539        27
   57985    123567        21
   58018    123600        55
   58373    123939        80
   58520    124087        79
   58600    124167        41
   58693    124260        28
   58804    124370        33
   58838    124404        73
   58924    124490        40
   58978    124544       116
   59107    124673        35
   59156    124722        77
   59236    124802       209
   59460    125026        22
   59506    125072        80
   59586    125151        31
   59649    125214        50
   59700    125265        21
   59746    125311        46
   59793    125358        25
   59819    125384        89
   60083    125666        89
   60961    126489        24
   61177    126771        21
   61295    126877        39
   61817    127288        22
   61946    127402        32
   62041    127497       116
   62170    127626        22
   62198    127654        24
   62231    127687        41
   62329    127782        26
   62356    127809        26
   62523    127980        20
   62722    128170        37
   62907    128359        23
   62975    128427        24
   63168    128623        26
   63214    128666        26
   63300    128752        21
   63641    129088        20
   63755    129197        20
   63778    129220        27
   63807    129249        20
   63828    129270        23
   64016    129458        28
   64156    129598        21
   64189    129631        23
   64213    129655        30
   64315    129757        31
   64855    130278        24
   64945    130362        23
   65007    130436        25
   65072    130499        49
   65171    130598        33
   65339    130766        32
   65426    130853        35
   65472    130899        22
   65513    130940        34
   65717    131144        29
   65895    131316        20
   66496    131877        23
   66549    131930        34
   66584    131965        39
   66991    132735        21
   69868    133572        21
   69890    133594        20
   76067        31        36
   76501    134393        26
   76537    134429        24
   77306    135153        24
   78208    136032        36
   78280    136104        20
   78603     79689        24
   78796       357        20
  119599      8090        29
  134482     15811        46
  134595     15920        29
  134625     15950        21
  134655     15978        24
  134980     16365        25
  135030     16415        25
  138137     18845        50
  140248     21716        20
  140320     21788        23
  141145     22604        20
  141166     22625        20
  141592     23051        30
  141767     23226        25
  143773     24526        22
  144132     24882        22
  144830     25675        24
  145377     26222        26
  145606     26460        22
  148596     29771        20
  148647     29822        20
  149140     30415        24
  150392     31611        21
  150417     31636        20
  150531     31750        23
  151429     32758        26
  152049     33488        28
  152248     33721        27
  153588     35148        23
  153750     35310        23
  153801     35361        23
  154041     35601        26
  154344     35904        23
  154907     36478        26
  154935     36506        33
  155208     13330        61
  156060     14046        36
  156877     33965        22
  157155     45215        24
