> gi|482662163|gb|KC876124.1|
     149       212        29
     350       413        20
     371       434        26
     413       476        26
     455       518        20
     494       557        26
     521       584        20
     542       605        26
     569       632        29
     614       677        50
     689       752        46
     746       809        20
     767       830        20
     806       869        41
     887       950        20
     911       974        22
     998      1061        26
    1025      1088        20
    1082      1145        23
    1106      1169        58
    1170      1233        29
    1380      1464        50
    1896      2004        22
    1963      2071        21
    2790      2898        42
    3264      3384        28
    3598      3882        27
    3869      4228        25
    3903      4269        21
    4524      4959        44
    4622      5057        61
    4684      5119        31
    4721      5156        21
    4750      5182        21
    4772      5204        20
    5084      5541        22
    5523      5996        39
    5563      6036        22
    5632      6099        21
    6663      7016        29
    6712      7065        28
    7151      7507        24
    7229      7585        37
    7921      8388        21
    7943      8410        29
    8842     34022        39
    8887     34067        32
    8923     34103        32
    8956     34136        44
    9034     34214        20
    9055     34235        20
    9187     34367        29
    9226     34406        26
    9328     34508        23
    9352     34532        20
    9424     34604        44
    9562     34742        26
    9589     34769        26
    9616     34796        20
    9637     34817        47
    9691     34871        26
    9718     34898        47
    9766     34946        32
    9799     34979        23
    9853     35033        23
    9877     35057        26
    9904     35084        27
    9940     35120        27
   10034     35214        53
   10124     35304        32
   10199     35379        20
   10310     35490        50
   10382     35562        20
   10448     35628        23
   10496     35676        20
   10553     35733        29
   10640     35820        35
   10805     35985        20
   10874     36054        29
   10928     36108        20
   10961     36141        20
   11087     36267        23
   11129     36309        20
   11240     36420        31
   11472     36627        22
   11497     36657        26
   11524     36684        26
   11896     36939        41
   11984     37027        25
   12022     37065        21
   12858     37680        28
   12889     37711        25
   15357     33067        30
   17285     28964        21
   17510     29211        25
   17545     29246        26
   18371     30137        20
   18392     30158        42
   37538     37778        34
   37699     37947        21
   37763     38011        20
   38173     38413        20
   38194     38434        32
   38311     38551        47
   38359     38599        23
   38410     38650        38
   38449     38689        56
   38506     38746        61
   38568     38808        24
   38593     38833        32
   38635     38875        20
   38710     38950        20
   38743     38983        32
   38923     39163        29
   38971     39211        56
   39040     39280        23
   39081     39321        36
   39118     39358        20
   39163     39403        20
   39184     39424        23
   39211     39451        37
   39265     39505        35
   39370     39610        21
   39392     39632        22
   39472     39712        35
   39529     39769        20
   39718     39958        38
   39769     40009        35
   39937     40177        23
   40021     40261        47
   40093     40333        47
   40171     40411        29
   40201     40441        20
   40228     40468        71
   40314     40554        28
   40343     40583        20
   40364     40604        73
   40460     40700        41
   40502     40742        32
   40559     40799        41
   40601     40841        32
   40676     40916        23
   40724     40964        59
   40798     41038        27
   40838     41078        23
   40886     41126        23
   40910     41150        28
   41078     41318        40
   41138     41378        23
   41186     41426        20
   41216     41456        20
   41288     41528        29
   41318     41558        26
   41372     41612        20
   41438     41678        20
   41460     41700        25
   41540     41780        59
   41663     41903        29
   41699     41939        20
   41797     42037        21
   41840     42080        20
   41864     42104        32
   41912     42152        23
   41960     42200        28
   41989     42229        27
   42047     42287        26
   42074     42314        26
   42113     42353        27
   42146     42386        29
   42287     42527        32
   42371     42611        35
   42415     42655        63
   42479     42719        53
   42572     42812        46
   43257     43528        44
   43332     43603        20
   43379     43655        40
   43608     43901        35
   43699     44009        23
   43849     44162        28
   44008     44333        20
   44065     44383        54
   44141     44459        20
   44195     44513        45
   44241     44559        25
   44276     44594        24
   44301     44619        25
   44361     44679        30
   44883     45197        33
   45113     45423        32
   45787     45842        51
   46290     46382        26
   46355     46447        20
   46394     46486        26
   46514     46606        35
   47034     47186        38
   47627     47855        23
   47651     47879        61
   47720     47948        21
   47788     48010        40
   47915     48141        24
   48110     48733        30
   48482     49121        38
   48521     49160        27
   49104     49685        35
   49215     49796        20
   49380     49961        27
   49408     49989        28
   49439     50020        28
   49725     50301        22
   50033     50610        32
   50066     50643        27
   50150     50699        20
   50174     50723        23
   50198     50747        23
   50379     50931        24
   50404     50956        24
   50441     50993        25
   50530     51082        23
   50725     51277        29
   51597     51964        31
   51634     52001        50
   51685     52052        27
   51803     52165        30
   52190     52535        36
   52237     52582        22
   52445     52796        62
   52659     53075        22
   52946     53359        20
   53035     53448        26
   53075     53488        31
   53122     53535        23
   53251     53664        26
   53311     53724        30
   53356     53769        23
   53503     53916        26
   53578     53991        35
   53623     54036        23
   53776     54189        38
   53890     54303        20
   53971     54384        26
   53998     54411        23
   54181     54594        35
   54277     54690        20
   54304     54717        29
   55281     55878        26
   55308     55905        30
   55405     56002        38
   55483     56080        32
   55516     56113        47
   55576     56173        26
   55639     56236        38
   55678     56275        23
   55744     56341        26
   55814     56411        40
   55930     56527        23
   56101     56698        20
   56194     56791        47
   56359     56956        23
   56437     57034        35
   56614     57211        23
   59042     60436        24
   59266     60686        21
   59576     60996        22
   59664     61081        41
   60179     61879        22
   60767     62467        22
   61061     62762        22
   61187     62890        38
   61253     62956        38
   61325     63028        21
   61364     63067        29
   61433     63136        20
   61563     63266        25
   61589     63292        26
   61628     63331        26
   61679     63382        29
   61832     63535        20
   61862     63565        32
   62012     63715        26
   62039     63742        21
   63110     64457        20
   63131     64478        20
   63196     64536        39
   63311     64651       106
   63434     64774        36
   63534     64874        25
   63578     64918        22
   63661     65001        20
   63688     65028        20
   63709     65049        47
   63775     65115        54
   63965     65306        20
   65352     66288        38
   65541     66479        20
   65586     66524        83
   65786     66759        83
   66249     67191        20
   66270     67212        20
   66855     67934        22
   67010     68089        22
   67474     68407        25
   67508     68441        25
   67555     68488        24
   68372     69288        22
   68636     69570        20
   68683     69617        20
   68758     69722        26
   68799     69763        27
   69069     70061        25
   69095     70087        27
   69164     70156        23
   69224     70233        25
   69441     70397        27
   69956     72486        21
   70022     72547        20
   70506     73106        30
   70585     73185        23
   70663     73263        20
   70696     73296        38
   70855     73455        29
   70915     73515        26
   71068     73668        50
   71122     73722        23
   71146     73746        33
   71233     73833        32
   71317     73917        23
   71350     73950        21
   71470     74070        29
   71500     74100        23
   71536     74136        26
   71569     74169        20
   71674     74274        20
   71842     74442        26
   71890     74490        23
   71962     74562        24
   72001     74601        23
   72180     74939        37
   72225     74984        38
   72409     75182        41
   72531     75303        21
   72757     75537        20
   72998     75814        21
   73551     76283        24
   73684     76423        24
   73743     76484        31
   73805     76546        38
   73844     76585        20
   73934     76675        20
   73973     76714        23
   73997     76738        48
   74046     76787        22
   74078     76819        29
   74258     76999        20
   74282     77023        32
   74330     77071        31
   74362     77103        37
   74576     77320        25
   74719     77467        31
   75074     77836        25
   75263     78062        22
   75365     78164        20
   75392     78191        26
   75524     78323        29
   75680     78479        35
   75749     78548        32
   76246     79015        28
   76377     79146        26
   76425     79194        32
   76535     79304        21
   76858     79627        25
   76959     79728        23
   76986     79755        20
   77252     80041        20
   77424     80222        25
   78407     81100        48
   78934     81695        29
   79020     81781        33
   79153     81914        23
   79267     82025        25
   79557     82330        29
   79650     82423        23
   79779     82552        43
   79839     82612        20
   79860     82633        32
   80732     83587        20
   80757     83608        24
   80880     83733        29
   81135     84029        24
   81274     84168        20
   81319     84213        23
   81742     84573        44
   82134     84938        21
   82470     85296        21
   82671     85500        27
   82724     85539        28
   82765     85585        83
   82903     85711        35
   82952     85760        55
   83015     85823        22
   83080     85888        91
   83178     85986        30
   83224     86032        26
   83251     86059        20
   83285     86093        65
   83357     86167        62
   83424     86234        63
   83487     86292        22
   83513     86318        30
   83544     86349        41
   83589     86394        28
   83668     86477        44
   83713     86522        58
   83772     86581       132
   83908     86717        33
   83942     86751        87
   84046     86855        77
   84142     86951        29
   84211     87020        25
   84258     87067        21
   84291     87100        33
   84425     87234        25
   84451     87260        37
   84550     87359        39
   84645     87454        21
   84667     87476        22
   84708     87512        25
   84749     87553        33
   84855     87655        25
   84890     87690        66
   85130     92378        29
   85244     92486        23
   85410     92670        36
   85530     93207        25
   86431     95604       130
   86860     95969        28
   86932     96040        32
   86982     96101        56
   87044     96161        23
   87077     96187        23
   87131     96241        35
   87167     96277        80
   87251     96361        20
   87274     96384        20
   87316     96426        26
   87343     96453        21
   87365     96475        23
   87389     96499        35
   87449     96559        24
   87494     96604        50
   87555     96665        45
   87601     96711        42
   87644     96754        32
   87680     96790        29
   87730     96840        41
   87789     96899        27
   87817     96927        27
   87845     96955        41
   87887     96997        27
   87930     97040        23
   87993     97103        54
   88075     97173       100
   88176     97274        33
   88212     97310        47
   88260     97358        36
   88297     97395        30
   88328     97426        23
   88390     97487        69
   88499     97596        43
   88556     97653        41
   88614     97711        46
   88661     97758        30
   88692     97789        38
   88737     97834        30
   88785     97882        51
   88837     97934        21
   88859     97956        21
   88893     97990        38
   88932     98029        29
   88962     98059        88
   89063     98160        87
   89169     98266       119
   89295     98392        42
   89341     98439        60
   89423     98530        58
   89482     98589        47
   89558     98666        35
   89608     98726        38
   89666     98788        23
   89695     98817        31
   89727     98849        20
   89756     98878        33
   89791     98913        28
   89829     98951        22
   89947     99066        21
   89970     99089        51
   90022     99141        29
   90073     99192        22
   90096     99215        23
   90124     99243        48
   90184     99303        20
   90212     99328        34
   90258     99374        52
   90326     99442        39
   90358     99480        28
   90445     99567        51
   90497     99619        47
   90606     99729        56
   90673     99796        55
   90729     99852        31
   90761     99884        30
   90835     99958        65
   90901    100024        85
   91016    100139        24
   91041    100164        61
   91192    100320        24
   91354    100491        30
   91579    100740        22
   91602    100763        28
   91632    100799        59
   91697    100859        23
   91931    101137        29
   92018    101223        22
   92058    101263        23
   92168    101379        31
   92385    101557        28
   92607    101777        28
   92725    101913        83
   92854    102046        43
   93002    102198        94
   93097    102293        25
   93123    102319        92
   93226    102422        76
   93303    102499       110
   93432    102628        22
   93455    102651       116
   93579    102775        99
   93681    102877        90
   93772    102968        37
   93820    103016       161
   94009    103205        67
   94077    103273        34
   94113    103310        23
   94172    103369        48
   94221    103418        20
   94242    103439        24
   94272    103468        41
   94314    103510        41
   94356    103552        37
   94461    103656        86
   94548    103743        26
   94610    103805        27
   94658    103857        23
   94846    104035        57
   94904    104093        25
   94943    104132        47
   94991    104180        22
   95012    104197        46
   95069    104254        42
   95119    104304        28
   95207    104392        51
   95269    104454        46
   95374    104553        64
   95501    104677        24
   95526    104702        32
   95560    104734        49
   95715    104879        46
   95765    104929        35
   95801    104965        76
   95878    105042        23
   95916    105079        65
   95982    105145        65
   96082    105245        31
   96127    105290        72
   96224    105387       104
   96378    105541        45
   96433    105596        55
   96546    105696        24
   96574    105724        27
   96632    105769        97
   96751    105888        66
   96843    105980        27
   96873    106010        33
   96907    106044        24
   96967    106104        94
   97100    106236       131
   97288    106424       161
   97480    106613        22
   97507    106640        69
   97589    106717        91
   97693    106821       118
   97812    106940        37
   97854    106982        45
   97925    107049        95
   98030    107154        37
   98068    107192        32
   98109    107233        43
   98153    107277        42
   98213    107337        36
   98250    107374        33
   98289    107413        79
   98369    107493        27
   98399    107523        39
   98465    107589        25
   98580    107639        25
   98606    107661        47
   98655    107710       117
   98779    107833       125
   98918    107972       249
   99187    108241        44
   99257    108312        69
   99378    108433        21
   99415    108470       102
   99518    108573        50
   99579    108634        30
   99610    108665        55
   99666    108721       113
   99800    108855        34
   99849    108905        30
   99897    108953        23
   99958    109024        50
  100016    109083        33
  100116    109158        20
  100145    109179        28
  100237    109245        62
  100300    109308        40
  100365    109373        44
  100543    109530        20
  100562    109544        20
  100631    109615        76
  100777    109757        22
  100942    110167        71
  101067    110292        34
  101119    110344        39
  101236    110458        27
  101440    110668        32
  104218    112573        20
  104290    112645        26
  104337    112692        20
  104426    112781        28
  104647    113002        20
  104895    113250        33
  105000    113355        30
  105068    113423        21
  105216    113571        24
  105342    113697        21
  105555      3819        20
  106335    114052        32
  107060    114844        49
  107111    114895        30
  107350    115237        29
  107602    115489        26
  107880    115770        22
  107937    115827        21
  107992    115882        32
  108447    116427        23
  108543    116523        20
  108589    116569        43
  109080    116934        26
  109134    116988        26
  109210    117064        22
  109416    117270        20
  109437    117291        20
  109470    117324        20
  109560    117414        34
  109575    117438        20
  109853    117716        22
  109912    117767        21
  110207    118083        23
  110326    118203        20
  110746    118666        23
  110803    118723        20
  111249    119145        23
  111329    119225        28
  111619    119514        25
  112171    120022        38
  112342    120193        47
  112459    120310        26
  112697    120565        38
  112994    120862        32
  113027    120895        23
  113051    120919        20
  113222    121089        25
  114203    122229        20
  114224    122250        50
  114319    122337        21
  114647    122650        20
  114720    122723        20
  114741    122744        25
  114831    122834        37
  115196    123175        24
  115413    123380        20
  115677    123630        38
  115791    123744        20
  115827    123780        32
  116201    124175        25
  116735    124706        28
  116964    124942        20
  117407    129905        32
  117616    130120        27
  117721    130222        39
  117778    130279        34
  117846    130347        31
  117878    130379        59
  118080    130826        22
  118172    130914        76
  118297    131041        20
  118316    131055        20
  118470    131188        44
  118539    131257        40
  118580    131298        62
  118706    131398        28
  118743    131427        20
  118830    131489        33
  118871    131531        50
  118959    131629        23
  119000    131670        30
  119045    131716        34
  119100    131771       113
  119214    131885        55
  119270    131941        30
  119311    131982        50
  119362    132033       102
  119480    132151        21
  119553    132224        69
  119648    132320        44
  119712    132384       249
  119975    132647       125
  120107    132778       117
  120226    132897        47
  120274    132941        25
  120389    132991        25
  120441    133043        39
  120483    133085        27
  120511    133113        79
  120596    133198        33
  120630    133232        36
  120684    133286        42
  120727    133329        43
  120779    133381        32
  120812    133414        37
  120859    133461        95
  120980    133578        45
  121030    133628        37
  121068    133666       118
  121199    133797        91
  121303    133896        69
  121377    133970        22
  121430    134020       161
  121648    134238       131
  121818    134407        94
  121948    134537        24
  121973    134562        33
  122009    134598        27
  122062    134651        66
  122150    134739        97
  122278    134854        27
  122309    134885        24
  122391    134954        55
  122456    135019        45
  122551    135114       104
  122680    135243        72
  122766    135329        31
  122832    135395        65
  122898    135461        65
  122978    135540        23
  123002    135564        76
  123079    135641        35
  123118    135680        46
  123270    135822        49
  123321    135871        32
  123354    135904        24
  123441    135988        64
  123564    136105        46
  123621    136162        51
  123732    136273        28
  123768    136309        42
  123821    136362        46
  123866    136403        22
  123889    136426        47
  123950    136487        25
  123976    136513        57
  124198    136725        23
  124242    136773        27
  124305    136836        26
  124332    136863        86
  124486    137016        37
  124524    137054        41
  124566    137096        41
  124613    137142        24
  124638    137167        20
  124659    137188        48
  124743    137272        23
  124768    137298        34
  124803    137333        67
  124898    137428       161
  125070    137600        37
  125108    137638        90
  125201    137731        99
  125308    137838       116
  125425    137955        22
  125466    137996       110
  125577    138107        76
  125664    138194        92
  125757    138287        25
  125783    138313        94
  125982    138516        43
  126071    138609        83
  126244    138800        28
  126466    139020        28
  126680    139195        31
  126798    139319        23
  126839    139360        22
  126919    139439        29
  127159    139723        23
  127188    139747        59
  127249    139814        28
  127278    139843        22
  127495    140084        30
  127663    140261        24
  127777    140380        61
  127839    140442        24
  127893    140496        85
  127979    140582        65
  128088    140691        30
  128119    140722        31
  128151    140754        55
  128217    140820        56
  128335    140939        47
  128383    140987        51
  128493    141097        28
  128514    141124        39
  128569    141179        52
  128633    141243        34
  128675    141282        20
  128707    141314        48
  128760    141367        23
  128784    141391        22
  128828    141435        29
  128858    141465        51
  128911    141518        21
  129028    141632        22
  129060    141664        28
  129090    141694        33
  129132    141736        20
  129153    141757        31
  129190    141794        23
  129233    141841        38
  129286    141904        35
  129350    141969        47
  129398    142017        58
  129478    142106        60
  129542    142171        42
  129591    142220       119
  129729    142358        87
  129829    142458        88
  129918    142547        29
  129948    142577        38
  129999    142628        21
  130021    142650        21
  130043    142672        51
  130112    142741        30
  130149    142778        38
  130188    142817        30
  130219    142848        46
  130282    142911        41
  130337    142966        43
  130420    143049        69
  130528    143156        23
  130552    143180        30
  130583    143211        36
  130620    143248        47
  130670    143298        33
  130704    143332       100
  130832    143448        54
  130926    143542        23
  130965    143581        27
  130993    143609        41
  131035    143651        27
  131063    143679        27
  131108    143724        41
  131170    143786        29
  131203    143819        32
  131236    143852        42
  131279    143895        45
  131335    143951        50
  131406    144022        24
  131455    144071        35
  131491    144107        23
  131515    144131        21
  131537    144153        26
  131585    144201        20
  131608    144224        20
  131632    144248        80
  131713    144329        35
  131779    144395        23
  131812    144421        23
  131841    144448        56
  131915    144533        32
  131991    144608        28
  132318    144871       130
  133324    147373        25
  133433    147899        36
  133612    148096        23
  133720    148198        29
  133923    152849        66
  133999    152925        25
  134097    153019        33
  134146    153068        25
  134190    153107        22
  134555    153472        33
  134600    153517        21
  134643    153560        25
  134708    153625        29
  134756    153673        77
  134850    153767        87
  134938    153855        33
  134975    153892       132
  135108    154025        58
  135167    154084        44
  135262    154183        28
  135294    154215        41
  135336    154257        30
  135370    154291        22
  135392    154308        63
  135460    154376        62
  135529    154447        65
  135608    154526        20
  135629    154547        26
  135671    154589        30
  135708    154626        91
  135842    154760        22
  135872    154790        55
  135941    154859        35
  136031    154937        83
  136127    155038        28
  136181    155078        27
  136388    155288        21
