> gi|335354396|gb|JN019793.1|
     116       455        22
     256       595        20
     304       643        20
     349       688        26
     376       715        26
     445       784        20
     466       805        59
     526       865        20
     562       901        20
     685      1024        35
     721      1060        50
     772      1111        28
     889      1228        26
     955      1294        35
     991      1330        20
    1012      1351        38
    1051      1390        20
    1120      1459        34
    1384      1785        51
    1475      1887        26
    1730      2147        20
    3473      3884        23
    3714      4103        20
    3908      4339        30
    4600      5293        20
    4648      5341        20
    4669      5362        20
    4699      5392        29
    5115      5855        22
    5548      6279        45
    5594      6325        21
    5672      6380        20
    7163      6934        27
    7211      6982        28
    7605      7374        20
    7729      7498        39
    8402      8143        30
    8463      8204        27
    9431     34243        24
    9472     34284        21
    9546     34358        23
    9570     34382        29
    9774     34586        26
    9852     34664        23
    9969     34781        20
   10008     34820        77
   10092     34904        29
   10176     34988        20
   10197     35009        23
   10227     35039        23
   10263     35075        27
   10305     35117        21
   10341     35153        53
   10395     35207        29
   10425     35237        20
   10491     35303        26
   10518     35330        27
   10555     35367        23
   10642     35454        53
   10813     35625        24
   10897     35709        23
   10924     35736        32
   10957     35769        27
   10985     35797        26
   11059     35871        26
   11101     35913        29
   11143     35955        23
   11230     36042        20
   11290     36102        23
   11347     36159        20
   11401     36213        47
   11491     36303        26
   11530     36342        32
   11602     36414        50
   11719     36531        29
   11770     36582        21
   12051     36952        39
   12094     37000        51
   12468     37387        22
   12491     37410        20
   12564     37483        27
   13488     38510        21
   14526     89411        91
   16339     32785        26
   16380     32826        25
   38805     38637        20
   38942     38770        44
   39125     38944        23
   39421     39213        29
   39502     39294        32
   39565     39357        20
   39586     39378        41
   39661     39453        32
   39694     39486        32
   39751     39543        74
   39904     39696        23
   39982     39774        32
   40303     40095        71
   40465     40257        20
   40486     40278        23
   40528     40320        29
   40558     40350        35
   40637     40429        22
   40768     40560        20
   40861     40653        20
   40912     40704        32
   41017     40809        32
   41182     40974        23
   41266     41058        26
   41350     41142        29
   41428     41220        38
   41479     41271        50
   41558     41350        29
   41588     41380        20
   41609     41401        47
   41683     41475        45
   41756     41548        20
   41810     41602        22
   41843     41635        32
   41978     41770        20
   41999     41791        26
   42245     42037        38
   42461     42253        20
   42503     42295        23
   42563     42355        65
   42686     42478        26
   43085     42877        20
   43109     42901        20
   43262     43054        20
   43301     43093        20
   43348     43140        37
   43386     43178        24
   43511     43303        20
   43535     43327        26
   43637     43429        22
   43667     43459        20
   43688     43480        32
   43724     43516        29
   43804     43596        37
   43842     43634        21
   43864     43656        22
   44015     43819        28
   44676     44721        38
   44908     44977        28
   44950     45023        23
   45045     45111        21
   45350     45442        39
   45390     45482        20
   45504     45596        39
   45570     45662        27
   45632     45724        25
   45772     45859        20
   45860     45944        20
   46127     46200        26
   46191     46264        22
   47057     46858        23
   47081     46882        36
   47118     46919        34
   47629     47431        21
   47678     47480        35
   47732     47534        26
   47768     47570        32
   47861     47663        20
   47990     47792        20
   48369     48390        38
   49287     49802        23
   49356     49871        21
   49421     49960        31
   49828     50341        20
   49854     50367        28
   50232     50797        69
   50872     51574        20
   51138     51840        21
   51210     51912        27
   51265     51967        24
   51294     51996        24
   51903     52633        23
   51954     52684        20
   51975     52705        29
   52032     52762        29
   52208     52945        34
   52245     52982        25
   52334     53071        23
   52406     53143        29
   53326     54119        32
   53389     54182        27
   53409     54205        24
   53966     54769        20
   54004     54818        28
   54179     54996        58
   54655     55586        20
   54679     55610        31
   54852     55783        23
   55041     55972        26
   55086     56017        23
   55260     56191        23
   55463     56394        21
   55506     56437        20
   55617     56548        29
   55647     56578        26
   55710     56641        20
   55731     56662        20
   55767     56698        23
   55967     56898        23
   56016     56947        41
   57006     58076        53
   57138     58208        20
   57219     58289        26
   57270     58340        26
   57372     58442        38
   57630     58700        23
   57666     58736        20
   57699     58769        32
   57936     59006        20
   58092     59162        23
   58218     59288        21
   58248     59318        20
   58387     59457        22
   58423     59493        22
   59823     62562        33
   60512     63288        38
   60711     63487        25
   60752     63525        20
   61419     64773        20
   62225     65584        35
   62291     65650        26
   62382     65741        39
   62444     65803        23
   62564     65923        20
   62657     66016        26
   62867     66226        20
   62942     66301        23
   63218     57495        20
   64089     67566        23
   64137     67614        20
   64182     67659        22
   64340     67831        41
   64391     67882        32
   64424     67915        22
   64463     67958        36
   64563     68058        25
   64603     68097        26
   64753     68247        23
   64786     68280        47
   64888     68372        22
   66080     69191        25
   66348     69478        38
   66582     69761        35
   66634     69813        31
   66779     70011        34
   66814     70046        53
   67244     70447        20
   67371     70574        20
   67854     71078        20
   68464     71709        39
   68504     71749        33
   68562     71807        21
   69123     72239        24
   69195     72311        29
   69487     72601        22
   69591     72756        29
   69804     72958        25
   70152     73330        34
   70465     73643        26
   70819     74690        20
   71279     76001        25
   71462     76159        47
   71633     76330        29
   71666     76363        32
   71735     76432        20
   71774     76471        23
   71798     76495        35
   71870     76567        20
   71891     76588        20
   71918     76615        35
   72038     76735        26
   72095     76792        21
   72150     76847        22
   72230     76927        23
   72317     77014        20
   72365     77062        29
   72461     77158        26
   72548     77245        44
   72758     77455        20
   72866     77563        20
   72932     77629        24
   73173     77881        21
   73214     77922        25
   73321     78041        24
   73346     78066        38
   73412     78132        20
   73561     78282        24
   73911     78631        24
   74786     79504        35
   74885     79603        20
   74960     79678        38
   75015     79733        28
   75155     79873        26
   75203     79921        23
   75230     79948        29
   75563     80300        25
   76252     81000        20
   76273     81021        29
   76419     81167        32
   76668     81416        26
   76746     81494        20
   77419     82098        26
   77742     82421        24
   77970     82649        25
   78232     82923        20
   78404     83104        25
   78430     83130        22
   78787     83428        21
   79675     84195        21
   79947     84479        23
   80012     84544        23
   80225     84754        29
   80617     85165        32
   80701     85249        23
   80770     85318        34
   80805     85353        20
   80859     85410        41
   81202     85750        25
   81579     86160        21
   81925     86473        23
   82755     87252        25
   82781     87278        24
   83985     88289        22
   84114     88418        26
   84304     88608        65
   84376     88686        42
   84475     88809        31
   84529     88858        31
   84563     88892        41
   84605     88934        61
   84688     89022        43
   84732     89066        46
   84796     89130        26
   84823     89157        23
   84847     89181        41
   84890     89224        23
   84924     89258        24
   84949     89283        27
   84977     89311        58
   85079     89413       106
   85230     89564        46
   85277     89611        21
   85310     89644        33
   85444     89778        25
   85485     89819        22
   85508     89842        30
   85569     89903        39
   85686     90020        22
   85909     90234        45
   86145     94983        33
   86314     95146        35
   86424     95265        30
   86728     96031        22
   87080     96377        28
   87384     97767        25
   87455     97832        24
   87556     97923        28
   88460     98205        80
   88541     98286        49
   88604     98349        20
   88752     98518        20
   88911     98676        24
   88946     98722        33
   88972    148908        42
   89023     98804        41
   89119     98918        22
   89146     98945        45
   89192     98991        58
   89253     99052        68
   89322     99121        45
   89449     99248        29
   89479     99278       119
   89609     99408        46
   89656     99455        52
   89709     99508        86
   89815     99614        50
   89866     99665        27
   89909     99708        50
   89981     99783        33
   90054     99844        53
   90127     99918        27
   90155     99946        33
   90208     99999        22
   90231    100022        44
   90307    100098        23
   90331    100122        27
   90359    100150        32
   90392    100183        44
   90478    100248        31
   90590    100360        21
   90612    100382        27
   90654    100424        55
   90716    100486        20
   90743    100513        72
   90816    100586        21
   90872    100642        53
   90941    100711        37
   90979    100749        50
   91042    100812        51
   91106    100876        41
   91148    100918        29
   91188    100958        76
   91295    101065        87
   91417    101198        43
   91471    101252        28
   91500    101281        22
   91587    101379        40
   91645    101441        28
   91674    101470        31
   91706    101502        20
   91729    101525        20
   91750    101546        44
   91808    101604        26
   91949    101742        39
   92001    101794        29
   92052    101845        22
   92075    101868        23
   92103    101896        35
   92153    101946        23
   92191    101976        45
   92237    102022        46
   92305    102090        62
   92446    102226        33
   92506    102286        31
   92585    102366       190
   92784    102565        24
   92814    102595        34
   92897    102678        23
   92921    102702        44
   92995    102776        22
   93020    102801        61
   93450    103403        22
   93558    103506        22
   93611    103565        24
   93671    103624        28
   93723    103677        33
   93910    103893        26
   93943    103926        28
   93997    103980        22
   94084    104067        21
   94141    104124        20
   94313    104294        47
   94363    104345        24
   94434    104407        21
   94704    104695        94
   94915    104901        23
   94981    104968        94
   95076    105063        25
   95102    105089        46
   95160    105147        34
   95205    105192       187
   95450    105437        41
   95492    105479        59
   95552    105539       105
   95660    105647        77
   95751    105738        37
   95799    105786       188
   95988    105975        67
   96056    106043        34
   96151    106139        48
   96200    106188        20
   96221    106209        71
   96293    106281        41
   96335    106323        37
   96440    106427        80
   96527    106508        29
   96637    106622        29
   96806    106777       115
   96923    106894        38
   96992    106959        46
   97049    107016        24
   97091    107058        24
   97116    107083        29
   97146    107113        22
   97187    107159        21
   97209    107181        28
   97238    107210        51
   97282    107255        21
   97353    107326        60
   97477    107452        27
   97505    107480        35
   97539    107509        30
   97697    107676        46
   97744    107723        28
   97780    107759        61
   97848    107822        27
   97901    107873        64
   97966    107938        81
   98048    108020        34
   98122    108092        34
   98190    108159        44
   98235    108204        41
   98277    108246        27
   98313    108282        47
   98387    108357        20
   98428    108398        36
   98465    108435        23
   98558    108519        22
   98576    108541        31
   98607    108567       106
   98724    108682        62
   98856    108820        32
   98891    108860        26
   98951    108930        40
   98992    108971        35
   99089    109067        38
   99128    109106        91
   99227    109205        20
   99272    109250       117
   99390    109368        25
   99466    109441        20
   99496    109470        65
   99561    109530        42
   99604    109573        60
   99677    109646       156
   99838    109807        44
   99900    109869       104
  100014    109983        37
  100052    110021        32
  100093    110062        43
  100137    110106        33
  100197    110166        36
  100234    110203        38
  100273    110242        79
  100353    110322        27
  100383    110352        39
  100443    110412        39
  100564    110468        25
  100602    110502       154
  100764    110663       124
  100902    110801       168
  101071    110970        30
  101102    111001        26
  101129    111028        36
  101166    111065        49
  101241    111141        89
  101344    111244        39
  101399    111299       101
  101502    111402        50
  101563    111463        30
  101594    111494       138
  101733    111633        30
  101784    111684        34
  101833    111734        26
  101942    111853        50
  102058    111970        20
  102123    135623        26
  102221    112163        43
  102284    112226        38
  102323    112265        25
  102355    112297        23
  102431    112369        22
  102464    112402        35
  102500    112438        20
  102527    112465        20
  102615    112552        76
  102729    112661        31
  102812    113118        43
  102951    113257        51
  103121    113427        29
  103153    113459        20
  103435    113716        27
  104099    119210        28
  104649    119786        20
  105023    120130        26
  105104    120211        26
  119983    134212        20
  120006    134235        29
  120154    134383        51
  120301    134530        43
  120396    134999        31
  120465    135063        76
  120609    135206        20
  120636    135233        20
  120657    135254        35
  120703    135300        22
  120778    135371        23
  120808    135401        25
  120834    135427        38
  120892    135485        43
  121007    112042        26
  121078    135701        20
  121164    135788        50
  121297    135931        26
  121338    135973        34
  121393    136028        30
  121424    136059       138
  121563    136198        30
  121604    136239        50
  121656    136291       101
  121773    136408        39
  121826    136461        89
  121941    136577        49
  121991    136627        36
  122028    136664        26
  122055    136691        30
  122086    136722       168
  122268    136904       124
  122400    137035       154
  122567    137198        25
  122674    137240        39
  122734    137300        39
  122776    137342        27
  122804    137370        79
  122884    137450        38
  122923    137489        36
  122986    137552        33
  123020    137586        43
  123072    137638        32
  123105    137671        37
  123152    137718       104
  123274    137840        44
  123323    137889       156
  123492    138058        60
  123553    138119        42
  123595    138156        65
  123670    138230        20
  123741    138298        25
  123767    138324       117
  123909    138466        20
  123937    138494        91
  124029    138586        38
  124129    138685        35
  124165    138721        40
  124239    138805        26
  124268    138839        32
  124370    138947        62
  124443    139018       106
  124549    139119        31
  124576    139150        22
  124668    139233        23
  124692    139257        36
  124749    139314        20
  124796    139362        47
  124852    139418        27
  124880    139446        41
  124922    139488        44
  125000    139565        34
  125074    139637        34
  125109    139672        81
  125191    139754        64
  125281    139842        27
  125315    139871        61
  125384    139940        28
  125413    139969        46
  125587    140152        30
  125616    140176        35
  125652    140212        27
  125743    140305        60
  125853    140415        21
  125867    140430        51
  125919    140482        28
  125948    140511        21
  125988    140556        22
  126011    140579        29
  126041    140609        24
  126083    140651        24
  126118    140686        46
  126195    140759        38
  126235    140799       115
  126490    141040        29
  126600    141154        29
  126636    141184        80
  126784    141331        37
  126822    141369        41
  126864    141411        71
  126936    141483        20
  126957    141504        48
  127066    141614        34
  127101    141649        67
  127169    141717       188
  127368    141916        37
  127419    141967        77
  127499    142047       105
  127605    142153        59
  127665    142213        41
  127764    142312       187
  127962    142510        34
  128008    142556        46
  128055    142603        25
  128081    142629        94
  128218    142767        23
  128358    142902        94
  128701    143263        21
  128769    143322        24
  128796    143350        47
  128995    143547        20
  129051    143603        21
  129137    143689        22
  129185    143737        28
  129220    143772        26
  129400    143981        33
  129457    144039        28
  129521    144102        24
  129576    144163        22
  129684    144266        22
  130075    144829        61
  130139    144893        22
  130191    144945        44
  130236    144990        23
  130308    145062        34
  130348    145102        24
  130381    145135       190
  130619    145374        31
  130677    145432        33
  130789    145539        62
  130873    145623        46
  130920    145670        45
  130980    145722        23
  131018    145760        35
  131058    145800        23
  131082    145824        22
  131126    145868        29
  131168    145910        39
  131322    146061        26
  131362    146101        44
  131407    146146        20
  131430    146169        20
  131451    146190        31
  131483    146222        28
  131529    146272        40
  131634    146388        22
  131657    146411        28
  131696    146450        43
  131774    146539        87
  131892    146657        76
  131979    146744        29
  132009    146774        41
  132063    146828        51
  132127    146892        50
  132178    146943        37
  132231    146996        53
  132319    147084        21
  132341    147106        72
  132420    147185        20
  132447    147212        55
  132517    147282        27
  132545    147310        21
  132647    147412        31
  132720    147464        44
  132765    147509        32
  132798    147542        27
  132826    147570        23
  132881    147625        44
  132926    147670        22
  132968    147712        33
  133002    147746        27
  133049    147794        53
  133142    147875        33
  133197    147933        50
  133263    147999        27
  133291    148027        50
  133361    148097        86
  133448    148184        52
  133501    148237        46
  133558    148294       119
  133678    148414        29
  133789    148525        45
  133835    148571        68
  133906    148642        58
  133965    148701        45
  134015    148751        22
  134092    148846        41
  134142     98741        42
  134177    148936        33
  134221    148991        24
  134384    149153        20
  134532    149322        20
  134566    149356        49
  134616    149406        80
  135572    149740        28
  135677    149835        24
  135747    149899        25
  136048    151286        28
  136406    151638        22
  136702    152396        30
  136807    152510        35
  136978    152675        33
  137202    157412        45
  137448    157649        22
  137548    157749        39
  137618    157819        30
  137649    157850        22
  137687    157888        25
  137813    158014        33
  137858    158059        21
  137880    158081        46
  137971    158172       106
  138121    158322        58
  138180    158381        27
  138208    158409        24
  138243    158444        23
  138268    158469        41
  138310    158511        23
  138334    158535        26
  138378    158579        46
  138425    158626        43
  138490    158696        61
  138552    158758        41
  138596    158802        31
  138650    158851        31
  138738    158963        42
  138787    159018        65
  139016    159247        26
  139149    159380        22
  139290         3        80
