> gi|308523486|gb|HQ285842.1|
     116       820        22
     223       927        53
     277       981        23
     304      1008        20
     334      1038        41
     376      1080        26
     445      1149        20
     466      1170        59
     526      1230        20
     565      1269        20
     592      1296        29
     667      1371        62
     730      1434        41
     772      1476        53
     886      1590        29
     916      1620        22
     955      1659        23
    1030      1734        20
    1120      1824        34
    1384      2084        38
    1475      2180        24
    3628      4316        25
    3912      4648        42
    4675      5557        23
    4699      5581        29
    5048      5966        20
    5115      6030        22
    5554      6508        39
    5594      6548        21
    7164      7702        27
    7715      8264        53
    8198      8769        23
    8402      8998        30
    8441      9037        21
    8463      9059        28
    9456     36126        37
    9546     36216        23
    9579     36249        20
    9648     36318        20
    9774     36444        26
    9852     36522        26
   10008     36678        29
   10054     36724        31
   10098     36768        23
   10179     36849        41
   10263     36933        27
   10353     37023        23
   10377     37047        59
   10491     37161        54
   10555     37225        23
   10654     37324        20
   10675     37345        20
   10899     37569        21
   10921     37591        35
   10985     37655        26
   11053     37723        32
   11110     37780        20
   11230     37900        20
   11290     37960        23
   11347     38017        20
   11401     38071        23
   11542     38212        20
   11602     38272        50
   11704     38374        29
   11734     38404        29
   12054     38807        36
   12094     38849        39
   12468     39229        22
   12491     39252        20
   12605     39366        33
   13627     32592        65
   13702     32667        33
   13739     32704        24
   13776     32777        22
   14337     33318        38
   14526     90545        91
   16380     34550        25
   16953     10060        70
   17081     10186        46
   17130     10235        36
   17517     10728        75
   19488     13218        55
   20800     14175        21
   21938     15455        21
   21960     15477        24
   22198     15715        26
   22268     15785        24
   22403     15920        23
   22535     16046        20
   22901     16400        22
   23135     16622        33
   23192     16679        22
   23234     16721        44
   23312     16799        30
   23474     16961        20
   23603     17090        32
   23672     17159        23
   23825     17309        44
   24033     17529        25
   24160     17656        21
   24270     17766        28
   24329     17825        20
   24365     17861        20
   24398     17894        20
   24467     17963        23
   24522     18018        20
   24638     18134        21
   24744     18240        31
   24776     18272        39
   25064     18556        22
   25151     18643        29
   25205     18697        21
   25643     19920        20
   25668     19945        22
   25841     20118        37
   26000     20277        20
   26171     20448        20
   26237     20514        23
   26330     20607        30
   26393     20670        30
   26611     20882        24
   27124     21372        23
   27175     21423        32
   27419     21667        32
   27544     21792        33
   27586     21834        23
   27610     21858        26
   27727     21975        26
   27845     22096        23
   28029     22262        21
   28069     22302        29
   28123     22356        20
   28153     22386        26
   28261     22494        27
   28357     22590        23
   28468     22701        26
   28534     22767        29
   28606     22839        24
   29825     23608        20
   30850     24678        21
   30892     24720        21
   30934     24762        24
   31157     24985        25
   31252     25080        23
   31459     25287        29
   32069     25861        22
   32171     25963        48
   32231     26023        23
   32297     26089        20
   32678     26470        26
   33015     26792        20
   33148     26925        25
   33183     26960        20
   33226     27003        22
   33267     27044        20
   33372     27149        20
   33582     27359        23
   33654     27431        26
   33981     28202        20
   34568     28725        20
   34688     28845        29
   34718     28875        20
   35323     29612        39
   35371     29660        33
   36294     29698        23
   36444     29848        21
   36561     29965        23
   36589     29993        36
   36975     30352        20
   37053     30430        32
   37101     30478        20
   37314     30691        36
   37360     30737        25
   37485     30862        29
   37566     30943        26
   37776     31153        20
   37797     31174        32
   37854     31231        44
   38435     31835        79
   38804     40337        21
   38942     40473        20
   38963     40494        23
   39430     40915        38
   39514     40999        20
   39574     41059        53
   39655     41140        38
   39694     41179        32
   39751     41236        20
   39772     41257        53
   39850     41335        23
   39931     41416        23
   39982     41467        32
   40162     41647        29
   40216     41701        23
   40303     41788        46
   40350     41835        24
   40387     41872        20
   40432     41917        20
   40519     42004        38
   40637     42122        22
   40759     42244        23
   40861     42346        20
   40912     42397        35
   40978     42463        26
   41017     42502        32
   41266     42751        26
   41337     42822        30
   41428     42913        20
   41479     42964        65
   41558     43043        29
   41588     43073        20
   41621     43106        35
   41657     43142        71
   41756     43241        20
   41837     43322        38
   41921     43406        26
   41999     43484        26
   42083     43568        26
   42131     43616        23
   42461     43946        20
   42563     44048        65
   42772     44257        27
   42800     44285        20
   43085     44570        20
   43109     44594        29
   43166     44651        29
   43202     44687        31
   43262     44747        20
   43301     44786        35
   43436     44921        20
   43511     44996        20
   43532     45017        29
   43667     45152        56
   43727     45212        23
   43804     45289        37
   43842     45327        21
   44554     46134        32
   44633     46213        22
   44676     46261        40
   44849     46403        26
   44905     46455        30
   44996     46537        23
   45347     46873        54
   45411     46937        25
   45486     47012        53
   45573     47099        23
   45658     47183        26
   45772     47296        24
   46007     47534        20
   47057     48311        23
   47081     48335        33
   47115     48369        38
   47627     48894        23
   47669     48936        32
   47735     49002        23
   47759     49026        49
   47858     49125        23
   48369     49742        38
   49287     50257        21
   49356     50326        21
   49424     50395        35
   49778     50727        24
   49828     50777        20
   49854     50803        29
   50244     51251        57
   50881     52067        26
   51210     52396        41
   51265     52451        24
   51755     52958        27
   51837     53040        20
   51954     53157        53
   52032     53235        29
   52219     53420        23
   52245     53446        25
   52334     53535        23
   52406     53607        29
   53326     54465        36
   53389     54528        28
   53658     54799        25
   53966     55095        20
   54006     55141        26
   54164     55304        26
   54206     55346        31
   54390     55675        21
   54652     55934        23
   54676     55958        34
   54954     56236        47
   55041     56323        37
   55079     56361        30
   55143     56425        29
   55251     56533        32
   55503     56785        32
   55617     56899        23
   55647     56929        23
   55836     57118        30
   56007     57289        23
   56033     57315        30
   56710     58100        21
   57001     58251        58
   57060     58310        20
   57096     58346        20
   57138     58388        38
   57219     58469        29
   57255     58505        26
   57372     58622        38
   57555     58805        23
   57621     58871        26
   57699     58949        24
   57834     59084        20
   57927     59177        29
   57957     59207        24
   58092     59342        23
   58218     59468        21
   58387     59637        22
   59819     62764        45
   60524     63554        29
   60716     63746        20
   60794     63821        22
   62225     65777        26
   62360     65912        21
   62397     65949        24
   62560     66112        24
   62666     66218        23
   62840     66392        21
   62867     66419        23
   62942     66494        23
   62987     66539        23
   64144     67832        21
   64169     67857        35
   64226     67914        23
   64346     68055        35
   64391     68100        32
   64430     68139        23
   64465     68178        34
   64563     68276        25
   64607     68318        22
   64657     68368        20
   64750     68461        35
   64792     68503        41
   65876     69635        22
   66080     69927        30
   66348     70194        38
   66583     70423        34
   66634     70474        31
   66780     70673        33
   66814     70707        53
   67299     71243        20
   67855     71792        21
   68504     72494        33
   68562     72552        21
   69351     73328        20
   69510     73496        24
   69591     73632        29
   70201     49503        21
   70465     74562        26
   70818     75556        21
   71279     76814        25
   71462     77010        44
   71633     77181        29
   71672     77220        26
   71730     77278        31
   71771     77319        26
   71870     77418        41
   71987     77535        20
   72038     77586        26
   72095     77643        47
   72150     77698        22
   72317     77865        26
   72374     77922        32
   72449     77997        44
   72548     78096        44
   72674     78222        20
   72758     78306        20
   72866     78414        20
   72903     78451        28
   72935     78483        21
   73173     78710        21
   73219     78756        20
   73363     78912        21
   73388     78937        23
   73412     78961        20
   74667     80180        22
   74690     80203        24
   74786     80300        29
   74816     80330        26
   74885     80399        23
   74960     80474        20
   75015     80529        28
   75122     80636        20
   75260     80774        32
   75311     80825        30
   75563     81101        23
   75690     81223        22
   76242     81881        30
   76305     81944        26
   76344     81983        20
   76419     82058        56
   76581     82220        23
   76668     82307        26
   76737     82376        29
   77746     83380        20
   77834     83468        40
   78404     84041        25
   78803     84355        21
   79950     85546        26
   80499     86107        26
   80602     86210        23
   80626     86234        20
   80701     86309        20
   80773     86381        26
   80805     86413        20
   80863     86471        45
   81203     86947        25
   81916     87597        32
   82755     88419        25
   82781     88445        24
   83985     89443        22
   84114     89572        21
   84240     89698        35
   84304     89762        65
   84383     89843        35
   84485     89948        21
   84570     90028        34
   84605     90063        39
   84693     90161        38
   84732     90200        41
   84796     90264        26
   84823     90291        65
   84890     90358        23
   84924     90392       111
   85079     90547       106
   85199     90667        30
   85230     90698        23
   85254     90722        22
   85444     90921        25
   85470     90947        37
   85569     91046        39
   85620     91097        26
   85686     91163        22
   85792     91264        25
   85909     91377        45
   86145     96120        33
   86383     96352        24
   86424     96402        58
   86728     97189        22
   86915     97376        30
   87080     97535        28
   87129     97584        22
   87335     97800        29
   87384     98915        25
   87455     98980        39
   87567     99093        31
   88437     99405        22
   88460     99428        80
   88541     99509        49
   88752     99754        32
   88946     99965        33
   88984    150388        30
   89000    100026        21
   89024    100048        40
   89065    100089        39
   89146    100171        45
   89192    100217        58
   89253    100278        68
   89322    100347        22
   89345    100370        22
   89425    100450       116
   89542    100567        35
   89578    100603        30
   89609    100634        46
   89656    100681        52
   89731    100756        64
   89803    100828        62
   89866    100891        27
   89927    100952        40
   89972    100997        21
   89994    101019        22
   90054    101067        50
   90127    101143        27
   90155    101171        33
   90208    101224        22
   90231    101247        44
   90307    101323        23
   90371    101387        65
   90478    101473        31
   90590    101585        21
   90654    101649        52
   90716    101711        20
   90746    101741        21
   90768    101763        47
   90816    101811        21
   90872    101867        53
   90941    101936        26
   90968    101963        61
   91042    102037        63
   91106    102101        38
   91148    102143        29
   91188    102183        76
   91295    102290        77
   91476    102468        23
   91587    102590        33
   91645    102652        28
   91674    102681        31
   91706    102713        20
   91729    102736        20
   91750    102757        44
   91808    102815        26
   91926    102930        21
   91949    102953        39
   92001    103005        29
   92052    103056        22
   92075    103079        23
   92103    103107        31
   92191    103192        45
   92244    103245        53
   92317    103318        56
   92446    103442        39
   92506    103502        22
   92585    103582        43
   92629    103626        47
   92686    103683        89
   92784    103781        24
   92814    103811        34
   92861    103858        35
   92897    103894        23
   92921    103918        44
   92995    103992        22
   93020    104017        61
   93081    104083        22
   93213    104213        22
   93470    104619        21
   93560    104709        20
   93611    104766        20
   93636    104790        34
   93671    104825        28
   93723    104878        33
   93838    104975        22
   93868    105005        21
   93910    105047        25
   93944    105080        27
   94084    105220        21
   94141    105286        20
   94199    105366        20
   94331    105489        28
   94396    105555        24
   94434    105593        21
   94509    105658        32
   94569    105718        23
   94708    105873        90
   94915    106079        23
   94947    106112        21
   94981    106152        25
   95007    106178        68
   95076    106247        25
   95102    106273        46
   95160    106331        34
   95216    106387       176
   95450    106621        41
   95492    106663        59
   95552    106723        50
   95603    106774        54
   95660    106831        77
   95751    106922        34
   95799    106970       188
   95988    107159        67
   96056    107227        35
   96151    107323        48
   96200    107372        20
   96221    107393        71
   96293    107465        41
   96335    107507        37
   96440    107611        71
   96618    107782        48
   96806    107958       115
   96923    108075        38
   96992    108140        46
   97049    108197        41
   97091    108239        45
   97146    108294        22
   97187    108340        21
   97209    108362        28
   97256    108409        33
   97282    108436        21
   97365    108482        48
   97465    108584        23
   97505    108624        35
   97539    108653        33
   97577    108691        27
   97700    108813        43
   97744    108857        28
   97780    108893        61
   97845    108953        30
   97900    109007        65
   97966    109073        64
   98049    109156        33
   98114    109219        69
   98184    109289        50
   98235    109340        31
   98277    109381        35
   98313    109417        48
   98428    109540        36
   98465    109577        23
   98558    109663        22
   98576    109685        31
   98607    109711        72
   98674    109777        39
   98729    109831        57
   98830    109939        24
   98856    109973        34
   98891    110008        26
   98951    110068        40
   98992    110109        35
   99084    110200        40
   99125    110241        98
   99227    110343        20
   99272    110388        86
   99359    110475        30
   99390    110506        25
   99466    110579        20
   99496    110608        65
   99561    110668        42
   99604    110711        60
   99677    110784       156
   99838    110945        44
   99884    110991       120
  100014    111121        37
  100052    111159        32
  100108    111215        28
  100137    111244        34
  100197    111304        36
  100234    111341        33
  100273    111380        79
  100353    111460        27
  100383    111490        39
  100443    111550        46
  100564    111606        25
  100590    111628        34
  100625    111663       131
  100764    111801        74
  100839    111876        49
  100902    111939       199
  101102    112139        69
  101180    112217        35
  101241    112279        89
  101344    112382        39
  101399    112437       101
  101502    112540        50
  101563    112601        30
  101594    112632       138
  101733    112771        30
  101784    112822        34
  101841    112880        32
  101942    112991        50
  102129    137235        20
  102140    113182        23
  102221    113267        62
  102284    113330        26
  102311    113357        24
  102355    113401        20
  102527    113461        20
  102595    113525        23
  102615    113546        76
  102730    113656        30
  102829    114116        23
  102933    114219        89
  103124    114410        26
  103153    114439        20
  103417    114679        53
  106268    117051        23
  106335    117118        25
  106393    117176        24
  106509    117292        34
  106865    117648        20
  106933    117716        30
  108395    119267        24
  109301    120275        31
  109334    120308        31
  109504    120506        29
  109834    120836        23
  110147    121137        21
  110224    121214        20
  110776    121863        33
  110810    121897        24
  110835    121922        20
  111144    122231        24
  111223    122310        26
  111607    122694        20
  111629    122716        21
  111664    122751        41
  111712    122799        37
  111796    122883        34
  111852    122939        23
  112380    123490        23
  112431    123541        20
  113180    124063        23
  113619    124527        24
  113770    124678        29
  113874    124782        36
  114379    125409        20
  114562    125592        23
  114705    125735        21
  114919    125937        35
  115225    126243        26
  115252    126270        20
  115375    126393        26
  116479    127559        24
  116582    127662        42
  116843    127923        20
  116996    128079        24
  117021    128104        25
  117120    128203        20
  117480    128563        22
  118026    129109        26
  118107    129190        26
  118361    129413        26
  119029    130156        28
  119686    135670        53
  119983    135943        20
  120006    135966        26
  120134    136094        89
  120304    136263        23
  120396    136716        30
  120465    136780        76
  120538    136854        23
  120609    136921        20
  120781    136981        20
  120821    137021        24
  120846    137046        26
  120873    137073        62
  120993    137197        23
  121007    113147        20
  121164    137361        50
  121283    137490        32
  121338    137546        34
  121393    137601        30
  121424    137632       138
  121563    137771        30
  121604    137812        50
  121656    137864       101
  121773    137981        39
  121826    138034        89
  121941    138150        35
  121985    138194        69
  122055    138264       199
  122268    138477        49
  122318    138527        74
  122400    138608       131
  122532    138740        34
  122567    138771        25
  122667    138806        46
  122734    138873        39
  122776    138915        27
  122804    138943        79
  122889    139028        33
  122923    139062        36
  122985    139124        34
  123020    139159        28
  123072    139211        32
  123105    139244        37
  123152    139291       120
  123274    139413        44
  123323    139462       156
  123492    139631        60
  123553    139692        42
  123595    139729        65
  123670    139803        20
  123741    139871        25
  123767    139897        30
  123798    139928        86
  123909    140039        20
  123933    140063        98
  124032    140162        40
  124129    140258        35
  124165    140294        40
  124239    140368        26
  124266    140395        34
  124302    140439        24
  124370    140514        57
  124443    140586        39
  124477    140619        72
  124549    140686        31
  124576    140717        22
  124668    140802        23
  124692    140826        36
  124795    140937        48
  124844    140986        35
  124890    141031        31
  124922    141063        50
  124973    141114        69
  125074    141213        33
  125126    141265        64
  125191    141330        65
  125281    141419        30
  125315    141448        61
  125384    141517        28
  125413    141546        43
  125552    141684        27
  125584    141716        33
  125616    141743        35
  125668    141795        23
  125743    141872        48
  125853    141945        21
  125867    141960        33
  125919    142012        28
  125948    142041        21
  125988    142086        22
  126020    142118        45
  126066    142164        41
  126118    142216        46
  126195    142289        38
  126235    142329       115
  126490    142572        48
  126645    142720        71
  126784    142858        37
  126822    142896        41
  126864    142938        71
  126936    143010        20
  126957    143031        48
  127065    143140        35
  127101    143176        67
  127169    143244       188
  127371    143446        34
  127419    143494        77
  127499    143574        54
  127554    143629        50
  127605    143680        59
  127665    143740        41
  127764    143839       176
  127962    144037        34
  128008    144083        46
  128055    144130        25
  128081    144156        68
  128150    144225        25
  128188    144269        21
  128218    144300        23
  128358    144439        90
  128564    144661        23
  128615    144712        32
  128701    144788        21
  128736    144823        24
  128797    144885        28
  128937    145016        20
  128995    145096        20
  129051    145161        21
  129185    145295        27
  129221    145330        25
  129267    145376        21
  129296    145405        22
  129400    145491        33
  129457    145549        28
  129486    145578        34
  129525    145616        20
  129576    145673        20
  129665    145762        21
  129921    146167        22
  130053    146297        22
  130075    146324        61
  130139    146388        22
  130191    146440        44
  130236    146485        23
  130260    146509        35
  130308    146557        34
  130348    146597        24
  130381    146630        89
  130480    146729        47
  130528    146777        43
  130628    146878        22
  130671    146921        39
  130783    147028        56
  130859    147104        53
  130920    147165        45
  131022    147264        31
  131058    147300        23
  131082    147324        22
  131126    147368        29
  131168    147410        39
  131209    147451        21
  131322    147561        26
  131362    147601        44
  131407    147646        20
  131430    147669        20
  131451    147690        31
  131483    147722        28
  131536    147779        33
  131657    147911        23
  131784    148035        77
  131892    148143        76
  131979    148230        29
  132012    148263        38
  132051    148302        63
  132127    148378        61
  132189    148440        26
  132231    148482        53
  132319    148570        21
  132341    148592        47
  132389    148640        21
  132420    148671        20
  132450    148701        52
  132545    148796        21
  132647    148898        31
  132720    148950        65
  132826    149056        23
  132881    149111        44
  132926    149156        22
  132968    149198        33
  133002    149232        27
  133052    149285        50
  133140    149361        22
  133163    149384        21
  133189    149410        40
  133263    149484        27
  133291    149512        62
  133361    149582        64
  133448    149669        52
  133501    149722        46
  133548    149769        30
  133579    149800        35
  133615    149836       116
  133789    150010        22
  133812    150033        22
  133835    150056        68
  133906    150127        58
  133965    150186        45
  134052    150274        39
  134092    150314        40
  134135    150355        21
  134142     99984        30
  134177    150404        33
  134372    150616        32
  134566    150844        49
  134616    150894        80
  134697    150975        22
  135558    151278        31
  135662    151383        39
  135747    151462        25
  135792    152573        29
  136005    152796        22
  136048    152839        28
  136211    152996        30
  136406    153191        22
  136674    153942        58
  136749    154026        24
  136978    154249        33
  137202    158980        45
  137339    159113        25
  137448    159217        22
  137510    159279        26
  137548    159317        39
  137649    159418        37
  137687    159456        25
  137880    159658        22
  137903    159681        23
  137927    159705        30
  137971    159749       106
  138121    159899       111
  138243    160021        23
  138268    160046        65
  138334    160112        26
  138383    160161        41
  138425    160203        38
  138512    160300        39
  138552    160340        34
  138650    160433        21
  138738    160524        35
  138787    160575        65
  138881    160669        35
  139021    160809        21
  139149    160937        22
  139300       206        71
