> gi|179366234|gb|EU549769.1|
     235       612        44
     280       657        20
     304       681        20
     334       711        41
     376       753        23
     470       847        28
     526       903        20
     565       942        20
     688      1065        41
     730      1107        23
     772      1149        38
     889      1266        23
     916      1293        22
     955      1332        35
     991      1368        20
    1012      1389        35
    1120      1497        34
    1475      1806        26
    1892      2231        20
    3144      3474        21
    3630      3943        24
    3797      4165        27
    3912      4280        26
    4600      5216        23
    4675      5291        56
    5115      5759        22
    5554      6192        61
    7163      7211        28
    7643      7698        25
    7729      7784        37
    8167      8228        24
    8402      8482        30
    8441      8521        28
    8470      8550        21
    9546     32358        23
    9570     32382        29
    9648     32460        20
    9774     32586        44
    9839     32651        27
    9969     32781        20
   10047     32859        38
   10176     32988        74
   10263     33075        26
   10348     33160        28
   10392     33204        32
   10491     33303        26
   10518     33330        27
   10548     33360        30
   10642     33454        28
   10702     33514        20
   10813     33625        23
   10900     33712        23
   10924     33736        41
   10981     33793        30
   11107     33919        23
   11224     34036        41
   11338     34150        38
   11377     34189        23
   11419     34231        29
   11575     34387        20
   11621     34433        31
   11689     34501        20
   11710     34522        23
   11743     34555        20
   11770     34582        23
   12054     34951        34
   12093     34985        25
   12123     35015        22
   12564     35441        30
   12617     35494        21
   13481     36148        28
   13512     36179        20
   13627     30101        63
   13701     30175        34
   13741     30215        22
   13776     30318        20
   14330     30855        46
   21356     12616        24
   21809     13047        23
   21960     13210        24
   22049     13299        25
   22277     13521        25
   22385     13629        26
   22865     14091        20
   23088     14302        41
   23135     14349        33
   23192     14406        22
   23234     14448        44
   23302     14516        34
   23474     14688        20
   23588     14802        50
   23672     14886        23
   23840     15042        26
   24033     15250        31
   24164     15381        20
   24329     15546        20
   24389     15606        29
   24467     15684        23
   24638     15855        21
   24747     15964        22
   25008     16221        22
   25064     16277        22
   25145     16358        35
   25931     17887        20
   26171     18127        20
   26237     18193        23
   26339     18295        21
   26393     18349        29
   27387     19279        24
   27520     19412        29
   27550     19442        27
   27586     19478        23
   27610     19502        20
   28084     19961        23
   28130     20007        49
   28604     20481        25
   29749     21176        21
   30964     22412        23
   31126     22574        27
   31154     22602        22
   31420     22868        20
   31459     22907        29
   32019     23388        25
   32095     23464        21
   32171     23540        29
   32297     23666        20
   32682     24051        29
   32918     24254        24
   33182     24516        24
   33240     24574        20
   33366     24700        35
   33478     24812        22
   33537     24871        20
   33582     24916        23
   33654     24988        26
   33693     25027        20
   34568     26257        26
   34595     26284        20
   34616     26305        26
   34688     26377        59
   35323     26914        39
   35385     26976        30
   35555     27097        34
   35788     27311        21
   36131     27558        22
   36195     27608        48
   36271     27684        21
   36294     27707        34
   36433     27846        22
   36561     27974        23
   36589     28002        34
   37052     28447        33
   37122     28517        20
   37227     28622        23
   37287     28682        23
   37482     28877        23
   37593     28988        20
   37644     29039        26
   37695     29090        23
   37719     29114        32
   37776     29171        20
   37806     29201        20
   38043     29438        23
   38434     29835        29
   38464     29865        47
   38805     36286        23
   38942     36411        32
   39125     36585        29
   39173     36633        30
   39379     36817        26
   39421     36859        32
   39499     36937        35
   39541     36979        32
   39574     37012        38
   39646     37084        20
   39667     37105        25
   39772     37210        47
   39850     37288        20
   39988     37426        23
   40042     37480        26
   40156     37594        26
   40288     37726        35
   40324     37762        56
   40387     37825        20
   40432     37870        20
   40525     37963        32
   40558     37996        26
   40594     38032        20
   40708     38146        29
   40719     40381        21
   40768     38206        20
   40861     38299        20
   40912     38350        34
   41026     38464        23
   41182     38620        23
   41266     38704        26
   41428     38866        38
   41479     38917        65
   41558     38996        29
   41588     39026        20
   41621     39059        35
   41657     39095        25
   41705     39143        23
   41756     39194        20
   41780     39218        20
   42254     39692        32
   42461     39899        20
   42563     40001        65
   42686     40124        26
   42772     40210        27
   42899     40337        20
   43040     40478        20
   43085     40523        20
   43109     40547        32
   43313     40751        25
   43358     40796        26
   43386     40824        24
   43457     40895        23
   43532     40970        29
   43601     41039        20
   43631     41069        28
   43667     41105        50
   43727     41165        23
   43804     41242        37
   43842     41280        21
   43864     41302        22
   44015     41460        28
   44676     42152        38
   44849     42354        26
   44906     42408        24
   44996     42496        23
   45290     42784        32
   45347     42841        63
   45498     42992        20
   45519     43013        24
   45564     43058        32
   45658     43151        26
   45772     43250        22
   45860     43353        20
   46185     43670        30
   46319     70563        20
   47057     44831        23
   47089     44863        25
   47122     44896        29
   47684     45488        29
   47768     45572        40
   47858     45662        23
   48369     46218        38
   49287     46891        21
   49326     46930        26
   49356     46963        20
   49420     47025        22
   49443     47048        21
   49855     47345        27
   50232     47796        66
   50876     48112        31
   50944     48180        22
   50980     48216        28
   51210     48446        41
   51264     48500        25
   51837     49075        41
   51953     49191        35
   52325     49561        32
   52522     49758        20
   53326     50867        36
   53383     50924        32
   53658     51189        25
   54004     51530        31
   54179     51693        58
   54655     52253        20
   54676     52274        34
   54855     52453        22
   55050     52648        28
   55143     52741        29
   55236     52834        23
   55463     53061        21
   55503     53101        44
   55617     53215        29
   55917     53515        23
   56004     53602        23
   56058     53656        24
   56710     54397        21
   57060     54616        20
   57126     54682        35
   57207     54763        41
   57372     54928        32
   57549     55105        20
   57927     55483        29
   58092     55648        21
   58269     55825        23
   58388     55944        21
   59840     58833        21
   60716     59729        20
   60773     59783        20
   62225     61636        26
   62300     61711        23
   62354     61765        27
   62401     61812        20
   62864     62275        26
   62990     62401        42
   64169     63398        35
   64226     63455        23
   64340     63592        41
   64394     63646        29
   64476     63728        23
   64563     63815        28
   64603     63854        26
   64678     63929        23
   64738     63989        47
   64795     64046        38
   64834     64085        24
   66084     65361        26
   66348     65606        20
   66479     65738        20
   66583     65842        77
   66782     66073        31
   66814     66105        52
   66897     66184        26
   67379     66608        21
   67854     67018        22
   68464     67485        21
   68562     67583        21
   69195     68157        25
   69487     68462        22
   69689     68692        22
   69802     68803        26
   69867     68854        28
   70060     69069        33
   70094     69103        21
   70166     69175        20
   70465     69434        26
   70961     71357        22
   71462     71826        44
   71666     72030        32
   71731     72095        24
   71801     72165        32
   71858     72222        41
   71972     72336        23
   72041     72405        23
   72143     72507        20
   72164     72528        23
   72188     72552        23
   72230     72594        23
   72278     72642        20
   72395     72759        23
   72560     72924        20
   72755     73119        23
   72809     73173        20
   72866     73230        20
   73156     73537        38
   73214     73595        25
   73412     73815        20
   73871     74268        22
   73908     74305        27
   74009     74403        23
   74780     75132        41
   74963     75315        35
   75122     75474        20
   75155     75507        20
   75260     75612        25
   75311     75663        29
   75563     75925        25
   76242     76566        30
   76305     76629        26
   76344     76668        20
   76410     76734        29
   76440     76764        29
   76494     76818        20
   76668     76992        26
   77662     77957        25
   77727     78022        24
   77842     78137        20
   77973     78268        27
   78803     79021        21
   79049     79203        31
   79947     80114        29
   80004     80171        31
   80287     80451        21
   80521     80687        20
   80698     80864        23
   80768     80934        31
   80800     80966        25
   80868     81034        33
   81202     81371        26
   81916     81996        28
   82322     82409        20
   82712     82736        31
   82756     82780        24
   82783     82807        21
   82926     82979        20
   83985     83749        41
   84113     83877        27
   84159     83923        21
   84243     84007        29
   84304     84068        22
   84327     84091        42
   84376     84142        42
   84529     84290        31
   84570     84331        34
   84605     84366        23
   84629     84390        37
   84688     84454        43
   84766     84532        21
   84796     84562        26
   84823     84589        23
   84847     84613        41
   84890     84656        23
   84924     84690       111
   85155     84921        30
   85230     84996        25
   85256     85022        20
   85310     85076        33
   85444     85210        25
   85470     85236        29
   85569     85335        39
   85690     85456        20
   85794     85555        23
   85926     85683        28
   86150     90386        28
   86292     90522        21
   86314     90544        35
   86383     90613        24
   86424     90663        39
   86915     91568        30
   87335     91983        29
   87561     92722        37
   88437     93023        22
   88460     93046        80
   88541     93127        49
   88752     93330        32
   89031     93618        33
   89065     93652        41
   89119     93707        22
   89149     93737        42
   89192     93780        58
   89253     93841        68
   89345     93933        22
   89425     94013        83
   89509     94097        26
   89536     94124       172
   89709     94297        86
   89803     94391        62
   89871     94459        22
   89909     94497        27
   89937     94525        30
   89972     94560        44
   90054     94630        53
   90127     94703        27
   90163     94730        25
   90208     94775        22
   90231     94798        44
   90331     94898        27
   90369     94936        27
   90397     94964        39
   90478     95024        21
   90590     95136        21
   90612     95158        27
   90659     95205        50
   90716     95262        20
   90743     95289        94
   90872     95418        53
   90946     95492        21
   90968     95514        61
   91042     95588        63
   91115     95661        32
   91148     95694        20
   91188     95734        76
   91295     95841        83
   91402     95949        21
   91431     95978        29
   91500     96047        22
   91592     96150        26
   91645     96181        28
   91674     96210        31
   91729     96265        20
   91750     96286        44
   91808     96344        26
   91949     96482        51
   92001     96534        29
   92052     96585        22
   92075     96608        23
   92103     96636        35
   92152     96685        24
   92204     96729        32
   92237     96762        52
   92305     96830        68
   92462     96982        30
   92493     97012        44
   92585     97105       131
   92717     97237        58
   92784     97304        24
   92814     97334        31
   92897     97417        68
   92995     97515        22
   93020     97540        61
   93110     97635        25
   93214     97746        21
   93272     97806        25
   93476     98142        26
   93558     98224        22
   93611     98283        20
   93636     98307        34
   93723     98395        33
   93910     98532        26
   93997     98619        22
   94313     98943        36
   94363     98993        29
   94483     99114        21
   94509     99139        32
   94704     99348        94
   94915     99554        22
   94947     99587        33
   94981     99621        94
   95076     99716        25
   95102     99742        46
   95160     99800        34
   95205     99845        36
   95242     99882       150
   95450    100090        41
   95492    100132        59
   95552    100192        29
   95582    100222        75
   95660    100300        77
   95751    100391        37
   95799    100439       188
   95988    100628        67
   96056    100696        33
   96092    100733        23
   96151    100792        48
   96200    100841        20
   96221    100862        71
   96293    100934        79
   96440    101080        80
   96527    101161        29
   96596    101230        20
   96619    101257        33
   96806    101430       103
   96923    101547        47
   96992    101612        46
   97057    101677        33
   97098    101718        47
   97146    101766        22
   97187    101812        81
   97269    101894        20
   97505    101965        35
   97539    101994        65
   97697    102147        46
   97744    102194        28
   97780    102230        71
   97900    102344        65
   97966    102410        81
   98048    102492        34
   98101    102552        55
   98157    102608        26
   98195    102646        39
   98235    102686        40
   98277    102728        35
   98314    102765        26
   98341    102792        20
   98362    102813        26
   98387    102839        21
   98428    102880        36
   98558    103003        22
   98576    103031        31
   98610    103064       103
   98726    103179        24
   98751    103204        35
   98856    103314        24
   98891    103349        26
   98951    103409        40
   98992    103450        53
   99084    103541       142
   99270    103727       119
   99390    103847        25
   99466    103920        20
   99496    103949        65
   99561    104009        42
   99604    104052        60
   99677    104125       156
   99838    104286        44
   99884    104332       120
  100014    104462        37
  100052    104500        32
  100093    104541        43
  100143    104591        28
  100197    104645        36
  100234    104682        33
  100273    104721        79
  100353    104801        27
  100383    104831        39
  100436    104884        53
  100564    104947        25
  100596    104975        30
  100627    105006       129
  100770    105148       118
  100914    105292       187
  101102    105480        63
  101180    105558        35
  101241    105620        89
  101344    105723        39
  101399    105778        33
  101433    105812        67
  101502    105881        50
  101563    105942        30
  101594    105973       138
  101733    106112        30
  101784    106163        34
  101833    106213        40
  101881    106261        21
  101942    106332        50
  102121    128733        28
  102221    106630        62
  102284    106693        51
  102431    106831        22
  102470    106870        27
  102527    106938        20
  102615    107025        76
  102729    107134        31
  102940    107559        36
  102980    107599        42
  103127    107746        23
  103153    107772        20
  103417    108021        56
  104107    112920        32
  104649    113483        22
  104996    113793        20
  105023    113820        29
  105065    113862        20
  119683    127204        56
  119983    127489        20
  120006    127512        23
  120134    127640        42
  120180    127686        25
  120396    128116        31
  120465    128180        76
  120609    128323        20
  120659    128384        27
  120703    128428        22
  120821    128537        51
  120873    128589        62
  121007    106520        28
  121164    128899        50
  121254    128999        21
  121283    129028        40
  121338    129084        34
  121393    129139        30
  121424    129170       138
  121563    129309        30
  121604    129350        50
  121656    129402       101
  121773    129519        39
  121826    129572        89
  121941    129688        35
  121991    129738        63
  122055    129802       188
  122268    130015       118
  122400    130146       129
  122530    130276        30
  122567    130309        25
  122678    130355        42
  122734    130411        39
  122776    130453        27
  122804    130481        79
  122889    130566        33
  122923    130600        36
  122985    130662        28
  123020    130697        43
  123072    130749        32
  123105    130782        37
  123152    130829       120
  123274    130951        44
  123323    131000       156
  123492    131169        60
  123553    131230        42
  123595    131267        65
  123670    131341        20
  123741    131409        25
  123767    131435       119
  123930    131598       142
  124111    131778        53
  124165    131832        40
  124239    131906        26
  124276    131943        24
  124370    132042        35
  124406    132078        24
  124443    132114       103
  124549    132219        31
  124576    132256        22
  124692    132365        36
  124748    132421        21
  124768    132442        26
  124795    132469        20
  124816    132490        26
  124844    132518        35
  124881    132555        40
  124922    132596        39
  124973    132647        26
  125000    132674        55
  125074    132755        34
  125109    132790        81
  125191    132872        65
  125305    132980        71
  125384    133059        28
  125413    133088        46
  125552    133222        65
  125616    133281        35
  125867    133369        20
  125888    133390        81
  125988    133495        22
  126011    133518        47
  126066    133573        33
  126118    133625        46
  126186    133689        47
  126247    133750       103
  126504    133993        33
  126540    134033        20
  126600    134093        29
  126636    134123        80
  126784    134270        79
  126864    134350        71
  126936    134422        20
  126957    134443        48
  127041    134527        23
  127067    134554        33
  127101    134588        67
  127169    134656       188
  127368    134855        37
  127419    134906        77
  127499    134986        75
  127575    135062        29
  127605    135092        59
  127665    135152        41
  127764    135251       150
  127915    135402        36
  127962    135449        34
  128008    135495        46
  128055    135542        25
  128081    135568        94
  128176    135663        33
  128219    135707        22
  128358    135841        94
  128615    136112        32
  128652    136148        21
  128764    136261        29
  128807    136304        36
  129137    136642        22
  129220    136725        26
  129400    136855        33
  129486    136942        34
  129525    136980        20
  129576    137037        22
  129654    137115        26
  129859    137452        25
  129921    137516        21
  130021    137623        25
  130075    137682        61
  130139    137746        22
  130191    137798        68
  130311    137918        31
  130348    137955        24
  130381    137988        58
  130440    138047       131
  130619    138227        44
  130664    138271        30
  130783    138385        68
  130867    138469        52
  130920    138522        32
  130980    138574        24
  131018    138612        35
  131058    138652        23
  131082    138676        22
  131126    138720        29
  131156    138750        51
  131322    138913        26
  131362    138953        44
  131407    138998        20
  131451    139042        31
  131483    139074        28
  131538    139107        26
  131634    139214        22
  131696    139276        29
  131733    139313        21
  131778    139359        83
  131892    139473        76
  131988    139569        20
  132009    139590        32
  132051    139632        63
  132127    139708        61
  132189    139770        21
  132231    139812        53
  132319    139900        94
  132420    140001        20
  132447    140028        50
  132517    140098        27
  132545    140126        21
  132657    140238        21
  132720    140280        39
  132760    140320        27
  132798    140358        27
  132881    140441        44
  132926    140486        22
  132968    140528        25
  133002    140553        27
  133049    140600        53
  133140    140679        44
  133189    140728        30
  133220    140759        27
  133263    140802        22
  133291    140830        62
  133361    140900        86
  133448    140987       172
  133621    141160        26
  133648    141187        83
  133789    141328        22
  133835    141374        68
  133906    141445        58
  133965    141504        42
  134015    141554        22
  134050    141590        41
  134092    141632        33
  134372    141921        32
  134566    142107        49
  134616    142157        80
  134697    142238        22
  135558    142524        37
  135792    143271        29
  136211    143685        30
  136693    144581        39
  136749    144646        24
  136807    144704        35
  136843    144740        21
  136978    144869        28
  137202    149572        28
  137339    149705        23
  137446    149807        20
  137548    149909        39
  137657    150018        29
  137687    150048        25
  137813    150174        33
  137880    150241        20
  137901    150262        25
  137971    150332        30
  138002    150363        33
  138036    150397        34
  138121    150482       111
  138243    150604        23
  138268    150629        41
  138310    150671        23
  138334    150695        26
  138369    150730        21
  138425    150786        43
  138490    150856        37
  138528    150894        23
  138552    150918        34
  138596    150962        31
  138738    151099        42
  138787    151150        42
  138830    151193        22
  138884    151247        29
  138976    151339        21
  139016    151379        27
  139130    151493        41
  139294         1        77
