> gi|490344912|gb|KC427270.1|
     232       146        20
     352       266        23
     490       404        26
     661       575        29
     709       623        29
     754       668        20
     916       830        20
     955       869        32
    3908      3977        46
    5559      5747        36
    8402      9091        29
    8628     44909        20
   13627     42938        59
   14333     43745        39
   16967     22811        26
   17076     22921        20
   17100     22945        27
   17136     22981        30
   17517     23223        20
   17565     23271        27
   20482     26601        25
   23177     28758        29
   24359     29979        20
   24569     30189        30
   25668     32146        22
   26393     32874        21
   26441     32922        20
   27547     33943        30
   27724     34120        23
   27771     34167        22
   27838     34243        33
   28240     34627        20
   31449     36327        21
   32096     36877        20
   33245     38010        22
   33345     38110        20
   33702     38467        22
   34716     39323        22
   35391     39851        24
   35547     39933        20
   35668     40050        27
   36272     40572        20
   37581     41873        32
   38434     42686        30
   38465     42717        34
   46315     90602        20
   47123     44595        24
   49259    117289        22
   49288    117318        20
   49356    117387        22
   49424    117443        20
   50232    118119        38
   50271    118158        30
   54816    125375        22
   54855    125414        20
   55263    125822        20
   55497    126056        29
   55617    126176        20
   55683    126242        26
   56007    126566        29
   56052    126611        20
   60494     84683        20
   62870     87268        20
   64412     88771        33
   64476     88844        38
   64714     89087        35
   64762     89135        20
   64783     89156        20
   66585     90839        33
   66644     90898        20
   66787     91062        28
   66816     91091        52
   69201     92982        20
   69488     93269        20
   70070     93871        28
   85876     60811        26
   85932     60866        20
   88464     69094        32
   88497     69127        53
  109283    103245        49
  109350    103312        20
  110815    104862        24
  110944    104991        20
  111136    105183        22
  111300    105347        24
  111631    105678        25
  111796    105843        20
  112380    106449        23
  112434    106503        20
  113017    107012        21
  114394    108342        23
  114568    108516        41
  114921    108904        21
  115367    109359        21
  116442    110149        22
  116528    110235        26
  116582    110289        26
  117480    111196        20
  117717    111433        20
  117825    111541        20
  117957    111673        23
  118071    111787        20
  118104    111820        26
  120145     46298        31
  120484     46931        57
  120799     47099        21
  120873     47173        24
  121186     47601        28
  121393     47718        23
  121424     47749        52
  121483     47808        23
  121507     47832        55
  121563     47888        30
  121604     47929        50
  121655     47980       102
  121773     48098        42
  121826     48151        85
  121950     48276        24
  121990     48317        32
  122037     48364        88
  122126     48453        41
  122168     48495        81
  122283     48610       103
  122400     48728        23
  122426     48754        30
  122457     48785        30
  122518     48846        37
  122665     48930        28
  122734     48999        27
  122819     49084        58
  122889     49154        33
  122923     49188        36
  122989     49254        24
  123020     49289        29
  123168     49437        31
  123200     49469        50
  123279     49553        20
  123319     49593        35
  123367     49642        70
  123454     49729        26
  123492     49767        60
  123622     49897        41
  123725     50012        32
  123767     50054        49
  123863     50152        21
  123938     50231        24
  123977     50270        59
  124037     50330        25
  124111     50404        21
  124140     50433        24
  124177     50470        28
  124278     50580        20
  124370     50695        42
  124506     50833        26
  124815     51091        27
  124890     51172        21
  124922     51204        30
  124979     51261        21
  125003     51285        24
  125191     51471        23
  125215     51495        39
  125338     51614        38
  125916     52185        46
  126192     52463        38
  126246     52521        32
  126284     52559        62
  126636     53138        28
  126665     53167        51
  126785     53286        30
  126822     53323        42
  126865     53366        34
  126957     53458        27
  127017     53518        21
  127041     53542        22
  127067     53567        33
  127129     53629        32
  127208     53708       101
  127310     53810        28
  127370     53870        35
  127419     53919        21
  127499     54000        34
  127534     54035        62
  127597     54098        25
  127637     54138        27
  127665     54166        56
  127769     54270        46
  127816     54317        63
  127911     54412        28
  127940     54441        21
  127964     54466        20
  127984     54491        23
  128008     54515        33
  128042     54549        38
  128081     54588        50
  128407     55610        25
  128433     55636        20
  129585     56265        30
  130092     10642        21
  130206     56727        27
  130268     56789        39
  130387     56908        25
  130476     57000        21
  130928     57447        21
  131971     58433        21
  132123     58585        23
  132216     58678        23
  132456     58918        20
  132540     59002        20
  133072     59504        28
  133204     59628        20
  133291     59715        21
  133415     59839        22
  133450     59874        20
  133765     60189        30
  137254    135176        26
  138116     70274        40
  138754     70918        21
  138866     71026        26
  138929     71089        29
  139321    134795        25
  139647     71605        20
