> gi|88656873|gb|DQ383815.1|
     235       612        44
     280       657        23
     304       681        20
     334       711        41
     376       753        23
     445       822        20
     466       843        50
     526       903        20
     688      1065        41
     730      1107        23
     772      1149        38
     889      1266        23
     955      1332        35
     991      1368        20
    1012      1389        35
    1072      1449        23
    1120      1497        34
    1223      1593        27
    1400      1777        35
    1475      1846        26
    1892      2252        20
    3144      3495        21
    3630      3955        24
    3797      4201        27
    3912      4316        26
    4597      5284        23
    4675      5362        56
    5115      5832        22
    5554      6275        61
    5672      6379        20
    7163      7306        28
    7643      7791        25
    7729      7877        37
    8167      8324        24
    8402      8580        30
    8441      8619        28
    8470      8648        21
    9546     32568        23
    9570     32592        29
    9648     32670        20
    9774     32796        44
    9839     32861        27
    9969     32991        20
   10047     33069        38
   10176     33198        74
   10263     33285        27
   10348     33370        28
   10392     33414        32
   10491     33513        26
   10518     33540        27
   10548     33570        30
   10642     33664        44
   10702     33724        20
   10813     33835        23
   10900     33922        23
   10924     33946        32
   10991     34013        20
   11107     34129        23
   11224     34246        41
   11338     34360        38
   11377     34399        23
   11401     34423        47
   11542     34564        20
   11575     34597        20
   11621     34643        31
   11689     34711        20
   11710     34732        23
   11743     34765        20
   11770     34792        23
   12054     35172        34
   12093     35206        25
   12123     35236        22
   12564     35674        30
   12617     35727        21
   13481     36398        28
   13512     36429        20
   13627     30306        63
   13701     30380        34
   13741     30420        22
   13776     30519        20
   14333     31055        43
   16343     31234        23
   21809     13232        23
   21960     13395        24
   22049     13484        25
   22277     13706        25
   22380     13809        31
   22865     14276        20
   23067     14466        20
   23088     14487        41
   23135     14534        33
   23192     14591        22
   23234     14633        44
   23302     14701        34
   23474     14873        20
   23588     14987        50
   23672     15071        23
   23840     15227        26
   24033     15435        25
   24160     15562        24
   24389     15791        29
   24467     15869        23
   24638     16040        21
   24747     16149        22
   25008     16426        22
   25064     16482        22
   25145     16563        35
   25931     18081        20
   26171     18321        24
   26339     18489        21
   26393     18543        29
   27387     19473        24
   27550     19636        27
   27586     19672        23
   27610     19696        20
   28084     20155        23
   28130     20201        49
   28604     20675        25
   29690     21311        24
   30964     22606        23
   31126     22768        27
   31154     22796        22
   31420     23062        20
   32019     23606        25
   32095     23682        21
   32171     23758        29
   32297     23884        20
   32325     23912        22
   32669     24256        42
   32918     24472        24
   33182     24734        24
   33240     24792        20
   33366     24918        35
   33443     24995        23
   33478     25030        22
   33537     25089        20
   33582     25134        23
   33654     25206        26
   33693     25245        20
   34568     26463        26
   34595     26490        20
   34616     26511        26
   34688     26583        59
   35323     27123        39
   35385     27185        30
   35555     27306        34
   35788     27520        21
   36131     27766        22
   36195     27823        48
   36271     27899        21
   36294     27922        34
   36433     28061        22
   36561     28189        23
   36589     28217        34
   37122     28745        20
   37227     28850        23
   37287     28910        23
   37482     29105        23
   37593     29216        20
   37644     29267        26
   37695     29318        23
   37719     29342        32
   37806     29429        20
   38043     29666        23
   38434     30046        29
   38464     30076        47
   38805     36536        23
   38942     36661        32
   39125     36835        29
   39173     36883        30
   39379     37067        26
   39421     37109        32
   39499     37187        35
   39541     37229        32
   39574     37262        38
   39646     37334        20
   39667     37355        25
   39772     37460        47
   39850     37538        20
   39982     37670        29
   40042     37730        26
   40156     37844        26
   40288     37976        35
   40324     38012        56
   40387     38075        20
   40432     38120        20
   40525     38213        32
   40558     38246        26
   40594     38282        20
   40702     38390        35
   40719     40631        21
   40768     38456        20
   40861     38549        20
   40912     38600        33
   41026     38714        23
   41143     38831        21
   41182     38870        23
   41266     38954        26
   41338     39026        29
   41428     39116        38
   41479     39167        65
   41558     39246        29
   41588     39276        20
   41621     39309        35
   41657     39345        25
   41705     39393        23
   41756     39444        20
   41780     39468        20
   41846     39534        29
   41999     39687        23
   42254     39942        32
   42461     40149        20
   42563     40251        35
   42599     40287        29
   42686     40374        26
   42772     40460        27
   42899     40587        20
   43040     40728        20
   43085     40773        20
   43109     40797        32
   43313     41001        25
   43358     41046        26
   43386     41074        49
   43457     41145        23
   43532     41220        29
   43601     41289        20
   43631     41319        28
   43667     41355        50
   43727     41415        23
   43804     41492        37
   43842     41530        21
   43864     41552        22
   44015     41710        28
   44676     42446        38
   44849     42648        26
   44905     42701        25
   44996     42790        23
   45290     43078        32
   45347     43135        63
   45498     43286        20
   45519     43307        24
   45564     43352        32
   45658     43445        22
   45772     43544        22
   45860     43629        20
   46185     43946        30
   47089     45069        25
   47122     45102        29
   47684     45707        29
   47768     45791        40
   47858     45881        23
   48369     46441        38
   49287     47066        21
   49326     47105        26
   49356     47138        20
   49420     47200        22
   49443     47223        21
   49855     47521        27
   50244     47913        54
   50876     48199        31
   50944     48267        22
   50980     48303        28
   51210     48533        41
   51268     48591        21
   51837     49162        41
   51953     49278        27
   52325     49649        29
   52522     49846        20
   53326     50811        36
   53383     50868        32
   53658     51133        25
   54004     51472        21
   54179     51635        58
   54655     52188        20
   54676     52209        34
   54855     52388        22
   55050     52583        28
   55143     52676        29
   55236     52769        23
   55463     52996        21
   55503     53036        32
   55617     53150        29
   55917     53450        23
   56004     53537        23
   56058     53591        24
   56109     53642        22
   56710     54353        21
   57001     54512        36
   57060     54571        20
   57096     54607        20
   57126     54637        35
   57207     54718        41
   57372     54883        32
   57549     55060        20
   58092     55603        21
   58388     55899        21
   59840     58786        21
   60716     59674        20
   60773     59728        20
   61542     60941        23
   62225     61612        26
   62300     61687        23
   62354     61741        27
   62401     61788        20
   62864     62251        26
   62990     62377        24
   64169     63365        35
   64226     63422        23
   64358     63577        23
   64394     63613        29
   64476     63695        23
   64563     63782        28
   64603     63821        26
   64678     63896        23
   64738     63956        47
   64795     64013        38
   64834     64052        24
   66084     65333        26
   66348     65582        32
   66583     65826        77
   66782     66044        31
   66814     66076        52
   66897     66155        26
   67854     66994        22
   68464     67460        21
   68556     67552        27
   69195     68147        25
   69689     68671        22
   69802     68782        26
   69867     68833        28
   70060     69048        33
   70094     69082        21
   70166     69154        20
   70465     69412        26
   70961     71280        22
   71462     71764        44
   71666     71968        26
   71730     72032        25
   71771     72073        20
   71801     72103        32
   71858     72160        41
   71972     72274        23
   72041     72343        23
   72143     72445        20
   72164     72466        23
   72188     72490        23
   72230     72532        23
   72269     72571        29
   72395     72697        23
   72488     72790        20
   72560     72862        20
   72755     73057        23
   72809     73111        20
   72866     73168        20
   73156     73482        38
   73214     73540        25
   73321     73669        24
   73412     73760        20
   73742     74089        21
   73871     74213        22
   73908     74250        27
   74726     75026        32
   74780     75080        41
   74963     75263        35
   75122     75422        23
   75155     75455        20
   75260     75560        32
   75311     75611        29
   75563     75869        25
   76242     76510        30
   76305     76573        26
   76344     76612        20
   76410     76678        29
   76494     76762        20
   76668     76936        26
   77662     77900        25
   77727     77965        24
   77842     78080        20
   77973     78211        27
   78803     78981        21
   79049     79168        31
   79947     80096        29
   80013     80162        22
   80287     80433        21
   80521     80677        20
   80698     80854        23
   80768     80924        31
   80800     80956        25
   80868     81024        38
   81202     81358        26
   81916     81990        28
   82154     82245        23
   82322     82413        20
   82712     82740        31
   82756     82784        24
   82783     82811        21
   83985     83755        41
   84159     83929        21
   84243     84013        29
   84304     84074        65
   84376     84148        42
   84529     84296        29
   84570     84337        34
   84605     84372        23
   84629     84396        37
   84688     84460        43
   84766     84538        21
   84796     84568        26
   84823     84595        23
   84847     84619        41
   84890     84662        23
   84924     84696       111
   85155     84927        30
   85230     85002        25
   85256     85028        20
   85310     85082        33
   85444     85216        25
   85470     85242        29
   85569     85341        39
   85690     85462        20
   85794     85561        23
   85926     85689        28
   86150     89927        28
   86292     90063        21
   86314     90085        35
   86383     90154        24
   86424     90204        39
   86915     91145        30
   87335     91554        29
   87561     92293        37
   88437     92598        22
   88460     92621        80
   88541     92702        49
   88752     92905        32
   89031     93185        33
   89065     93219        41
   89119     93274        22
   89149     93304        42
   89192     93347        58
   89253     93408        68
   89434     93589        74
   89509     93664        26
   89536     93691       172
   89709     93864        86
   89803     93958        62
   89871     94026        22
   89909     94064        27
   89937     94092        32
   89972     94127        44
   90054     94197        53
   90127     94270        27
   90163     94297        25
   90208     94342        22
   90231     94365        44
   90331     94465        27
   90369     94503        27
   90397     94531        39
   90457     94570        20
   90478     94591        21
   90590     94703        21
   90612     94725        27
   90659     94772        50
   90716     94829        20
   90743     94856        94
   90872     94985        53
   90968     95081        61
   91042     95155        63
   91115     95228        32
   91148     95261        29
   91188     95301        76
   91295     95408        83
   91402     95516        21
   91431     95545        29
   91500     95614        22
   91592     95717        26
   91645     95748        28
   91674     95777        31
   91729     95832        20
   91750     95853        44
   91808     95911        26
   91949     96049        51
   92001     96101        29
   92052     96152        22
   92075     96175        23
   92103     96203        35
   92152     96252        24
   92204     96296        32
   92237     96329        52
   92305     96397        68
   92462     96549        30
   92493     96579        44
   92569     96656       147
   92717     96804        58
   92784     96871        24
   92814     96901        31
   92897     96984        68
   92995     97082        22
   93020     97107        52
   93110     97202        25
   93214     97294        21
   93272     97354        25
   93476     97689        23
   93558     97771        22
   93611     97830        20
   93636     97854        34
   93723     97942        33
   93910     98102        26
   93997     98189        22
   94313     98513        20
   94363     98563        29
   94483     98684        21
   94509     98709        32
   94704     98922        94
   94915     99128        22
   94947     99161        33
   94981     99195        94
   95076     99290        25
   95102     99316        46
   95160     99374        34
   95205     99419        36
   95242     99456       150
   95450     99664        41
   95492     99706        59
   95552     99766        29
   95582     99796        75
   95660     99874        77
   95751     99965        37
   95799    100013       188
   95988    100202        67
   96056    100270        33
   96092    100307        23
   96151    100366        48
   96200    100415        20
   96221    100436        71
   96293    100508        79
   96440    100654        80
   96527    100735        29
   96596    100804        20
   96619    100831        33
   96806    101004       103
   96923    101121        47
   96992    101186        46
   97057    101251        33
   97098    101292        47
   97146    101340        22
   97187    101386        81
   97269    101468        20
   97505    101539        31
   97542    101571        62
   97697    101724        46
   97744    101771        28
   97780    101807        71
   97900    101921        65
   97966    101987        81
   98048    102069        34
   98101    102129        55
   98157    102185        26
   98195    102223        39
   98235    102263        40
   98277    102305        28
   98314    102342        26
   98341    102369        20
   98362    102390        26
   98387    102416        21
   98428    102457        36
   98528    102551        27
   98558    102581        22
   98585    102618        22
   98610    102642        70
   98673    102706        40
   98726    102758        24
   98751    102783        35
   98856    102894        24
   98891    102929        26
   98951    102989        40
   98992    103030        53
   99084    103121       142
   99270    103307       119
   99390    103427        25
   99466    103500        20
   99496    103529        65
   99561    103589        42
   99604    103632        60
   99677    103705       156
   99838    103866        44
   99884    103912       120
  100014    104042        37
  100052    104080        32
  100093    104121        43
  100143    104171        28
  100197    104225        36
  100234    104262        33
  100273    104301        79
  100353    104381        27
  100383    104411        39
  100436    104464        53
  100564    104527        25
  100590    104549        36
  100627    104586       129
  100764    104722       124
  100902    104860       199
  101102    105060        63
  101180    105139        35
  101241    105201        89
  101344    105304        39
  101399    105359       101
  101502    105462        50
  101563    105523        30
  101594    105554       138
  101733    105693        30
  101784    105744        34
  101833    105794        40
  101881    105842        21
  101942    105913        50
  102121    128507        28
  102221    106212        62
  102284    106275        51
  102431    106434        22
  102462    106465        35
  102527    106541        20
  102615    106628        76
  102729    106737        31
  102940    107183        36
  102980    107223        42
  103127    107370        23
  103153    107396        20
  103417    107645        56
  104107    112622        32
  104649    113207        27
  104996    113517        20
  105023    113544        29
  105065    113586        20
  119683    126935        56
  119983    127220        20
  120006    127243        23
  120134    127371        42
  120180    127417        36
  120396    127868        31
  120465    127932        76
  120609    128075        20
  120659    128136        35
  120703    128180        22
  120821    128310        51
  120873    128362        62
  121007    106101        28
  121164    128673        50
  121254    128773        21
  121283    128802        40
  121338    128858        34
  121393    128913        30
  121424    128944       138
  121563    129083        30
  121604    129124        50
  121656    129176       101
  121773    129293        39
  121826    129346        89
  121941    129462        35
  121991    129513        63
  122055    129577       199
  122268    129790       124
  122400    129921       129
  122530    130051        36
  122567    130084        25
  122667    130119        53
  122734    130186        39
  122776    130228        27
  122804    130256        79
  122889    130341        33
  122923    130375        36
  122985    130437        28
  123020    130472        43
  123072    130524        32
  123105    130557        37
  123152    130604       120
  123274    130726        44
  123323    130775       156
  123492    130944        60
  123553    131005        42
  123595    131042        65
  123670    131116        20
  123741    131184        25
  123767    131210       119
  123930    131373       142
  124111    131553        53
  124165    131607        40
  124239    131681        26
  124276    131718        24
  124370    131818        35
  124406    131854        24
  124443    131890        40
  124476    131924        70
  124549    131996        22
  124576    132033        22
  124601    132058        27
  124692    132143        36
  124748    132199        21
  124768    132220        26
  124795    132247        20
  124816    132268        26
  124851    132303        28
  124881    132333        40
  124922    132374        39
  124973    132425        26
  125000    132452        55
  125074    132533        34
  125109    132568        81
  125191    132650        65
  125305    132758        71
  125384    132837        28
  125413    132866        46
  125552    133003        62
  125620    133066        31
  125867    133148        20
  125888    133169        81
  125988    133274        22
  126011    133297        47
  126066    133352        33
  126118    133404        46
  126186    133468        47
  126247    133529       103
  126504    133772        33
  126540    133812        20
  126600    133872        29
  126636    133902        80
  126784    134049        79
  126864    134129        71
  126936    134201        20
  126957    134222        48
  127041    134306        23
  127067    134333        33
  127101    134367        67
  127169    134435       188
  127368    134634        37
  127419    134685        77
  127499    134765        75
  127575    134841        29
  127605    134871        59
  127665    134931        41
  127764    135030       150
  127915    135181        36
  127962    135228        34
  128008    135274        46
  128055    135321        25
  128081    135347        94
  128176    135442        33
  128219    135486        22
  128358    135620        94
  128615    135895        32
  128652    135931        21
  128764    136044        29
  128823    136103        20
  129137    136425        22
  129220    136508        26
  129400    136661        33
  129486    136748        34
  129525    136786        20
  129576    136843        22
  129657    136924        23
  129859    137257        25
  129921    137321        21
  130021    137409        25
  130084    137477        52
  130139    137532        22
  130191    137584        68
  130311    137704        31
  130348    137741        24
  130381    137774        58
  130440    137833       147
  130619    138013        44
  130664    138057        30
  130783    138171        68
  130867    138255        52
  130920    138308        32
  130980    138360        24
  131018    138398        35
  131058    138438        23
  131082    138462        22
  131126    138506        29
  131156    138536        51
  131322    138699        26
  131362    138739        44
  131407    138784        20
  131451    138828        31
  131483    138860        28
  131538    138893        26
  131634    139000        22
  131696    139062        29
  131733    139099        21
  131778    139145        83
  131892    139259        76
  131979    139346        29
  132009    139376        32
  132051    139418        63
  132127    139494        61
  132231    139598        53
  132319    139686        94
  132420    139787        20
  132447    139814        50
  132517    139884        27
  132545    139912        21
  132657    140024        21
  132679    140046        20
  132720    140066        39
  132760    140106        27
  132798    140144        27
  132881    140227        44
  132926    140272        22
  132968    140314        25
  133002    140339        27
  133049    140386        53
  133140    140465        44
  133187    140512        32
  133220    140545        27
  133263    140588        22
  133291    140616        62
  133361    140686        86
  133448    140773       172
  133621    140946        26
  133648    140973        74
  133835    141160        68
  133906    141231        58
  133965    141290        42
  134015    141340        22
  134050    141376        41
  134092    141418        33
  134372    141699        32
  134566    141885        49
  134616    141935        80
  134697    142016        22
  135558    142306        37
  135792    143053        29
  136211    143461        30
  136693    144393        39
  136749    144458        24
  136807    144516        35
  136843    144552        21
  136978    144681        28
  137202    148919        28
  137339    149052        23
  137446    149154        20
  137548    149256        39
  137657    149365        29
  137687    149395        25
  137813    149521        33
  137880    149588        20
  137901    149609        25
  137971    149679        30
  138002    149710        33
  138036    149744        34
  138121    149829       111
  138243    149951        23
  138268    149976        41
  138310    150018        23
  138334    150042        26
  138369    150077        21
  138425    150133        43
  138490    150203        37
  138528    150241        23
  138552    150265        34
  138598    150311        29
  138738    150446        42
  138787    150497        65
  138884    150594        29
  138976    150686        21
  139130    150840        41
  139293         1        78
