> gi|687814831|gb|KJ956785.1|
    7471      7482        24
    7503      7514        25
    7699      7706        20
    7877      7885        26
    7973      7981        20
    7994      8002        21
    8016      8024        20
    8505      8474        36
    8545      8514        68
    8776      8680        53
    8832      8736        32
    9783     12671        52
    9839     12727        25
    9948     12835        21
   10007     12895        22
   10098     12987        23
   10292     13187        42
   10342     13237        29
   10430     13317        24
   10502     13399        60
   10693     13607        38
   10732     13646        48
   10896     13820        20
   10982     13906        37
   11041     13965        20
   11113     14037        20
   11145     14069        21
   11167     14091        50
   11218     14142        41
   11284     14208        26
   11338     14262        26
   11404     14328        41
   11515     14439        41
   11665     14589        59
   11797     14721        23
   11821     14745        32
   11854     14778        92
   11947     14871        23
   11982     14906        36
   12025     14949        20
   12064     14988        20
   12085     15009        32
   12118     15042        65
   12226     15150        44
   12271     15195        41
   12367     15291        40
   12559     15481        49
   12627     15549        26
   12654     15576        43
   12741     15663        26
   12837     15759        32
   12870     15792        52
   12961     15889        32
   13127     16100        25
   13266     16226        40
   13518     16477        22
   13593     16550        30
   13639     16596        47
   14245     17161        32
   14278     17194        35
   14326     17242        62
   14428     17344        20
   14455     17371        35
   14492     17408        27
   14638     17559        27
   14902     17773        21
   15261     18565        20
   15300     18604        29
   15330     18634        47
   15381     18685        23
   15405     18709        23
   15444     18748        26
   15525     18829        35
   15570     18874        34
   15711     19015        23
   15764     19068        30
   15861     19165        32
   15894     19198        22
   15917     19221        21
   16228     19453        43
   16291     19516        23
   16333     19558        32
   16372     19597        28
   16411     19636        26
   16438     19663        20
   16523     19748        25
   16660     19885        26
   16766     19991        25
   16792     20017        62
   16861     20086        23
   16885     20110        65
   17069     20287        30
   17176     20414        24
   17238     20476        25
   17381     20619        26
   17423     20661        23
   17462     20700        32
   17555     20793        20
   17588     20826        44
   17633     20871        26
   17678     20916        32
   17759     20997        23
   17783     21021        20
   17840     21078        20
   17879     21117        29
   17909     21147        56
   17966     21204        40
   18033     21271        25
   18279     21502        28
   18557     21774        23
   18694     21908        21
   18725     21939        24
   18812     22029        22
   18881     22098        25
   18914     22131        25
   19065     22282        20
   19276     22493        24
   19390     22607        33
   19439     22656        20
   19475     22692        32
   19522     22739        30
   19595     22812        32
   19628     22845        22
   19817     23028        22
   19844     23055        32
   19931     23142        20
   19980     23191        42
   20030     23241        20
   20081     23292        23
   20183     23394        23
   20216     23427        28
   20246     23457        24
   20272     23483        21
   20312     23523        38
   20429     23640        23
   20669     23883        53
   20723     23937        56
   20816     24030        50
   20867     24081        35
   20906     24120        32
   20957     24171        37
   21002     24216        23
   21026     24240        56
   21134     24348        26
   21191     24405        31
   21224     24438        20
   21265     24479        31
   21320     24534        23
   21353     24567        20
   21560     24767        40
   21719     24926        36
   21771     24978        32
   21890     25085        32
   21953     25148        35
   22006     25201        30
   22069     25264        47
   22117     25312        25
   22193     25388        59
   22268     25463        22
   22343     25538        23
   22379     25574        20
   22403     25598        23
   22427     25622        23
   22478     25673        20
   22502     25697        20
   22547     25742        35
   22583     25778        20
   22675     25870        28
   22704     25899        25
   22765     25960        24
   22832     26027        44
   22988     26183        29
   23018     26213        35
   23060     26255        48
   23113     26308        42
   23265     26461        25
   23394     26612        27
   23493     26708        35
   23659     26874        37
   23749     26963        21
   23795     27015        22
   23849     27075        25
   23902     27128        38
   23941     27167        20
   23974     27200        31
   24073     27299        26
   24139     27365        20
   24181     27407        20
   24239     27465        20
   24260     27486        28
   24289     27515        24
   24326     27552       105
   24452     27678        42
   24495     27721        32
   24588     27814        32
   24666     27892        47
   24714     27940        44
   24759     27985        44
   24804     28030        31
   24836     28062        50
   24930     28156        20
   24951     28177        47
   25003     28229        43
   25047     28273        44
   25104     28330        44
   25164     28390        23
   25200     28426        27
   25228     28454        46
   25311     28537        26
   25437     28663        38
   25476     28702        35
   25671     28897        55
   25763     28989        24
   25806     29032        27
   25834     29060        58
   25893     29119        38
   25977     29203        40
   26046     29272        50
   26098     29324        26
   26238     29464        20
   26301     29527        23
   26362     29588        34
   26439     29665        26
   26487     29713        20
   26540     29766        33
   26592     29818        64
   26707     29933        22
   26736     29962        56
   26838     30064        35
   26913     30139       116
   27045     30271        22
   27075     30301        20
   27129     30355        20
   27153     30379        41
   27195     30421        35
   27271     30497        22
   27312     30538        20
   27333     30559        20
   27372     30598        61
   27465     30691        27
   27498     30724        41
   27636     30894        28
   27697     30969        24
   27789     31065        23
   28719     31839        48
   28768     31888        33
   29316     32376        35
   29361     32421        28
   29510     32589        21
   30647     33274        37
   30685     33312        39
   30901     33521        35
   31579     34464        63
   31985     34920        36
   32022     34957        32
   32055     34990        27
   32113     35048        70
   32385     35423        21
   32875     35849        23
   32899     35873        50
   33359     36283        34
   33477     36392        21
   33972     37076        21
   34142     37243        22
   34346     37453        56
   34403     37510        22
   34446     37553        21
   34468     37575        26
   34546     37653        36
   34654     37761        23
   34699     37806        20
   34726     37833        62
   34789     37896        49
   34839     37946        40
   34957     38064        23
   34981     38088        23
   35005     38112       110
   35167     38274        42
   35210     38317        55
   35296     38403        44
   35368     38475        53
   35422     38529        51
   35474     38581        20
   35519     38626        20
   35540     38647        32
   35573     38680        20
   35597     38704        44
   35675     38782        21
   35702     38809        71
   35777     38884        21
   35843     38950        35
   35879     38986        29
   35927     39034        26
   35954     39061        20
   35984     39091        21
   36068     39175        47
   36116     39223        21
   36138     39245        20
   36206     39313        25
   36245     39352        23
   36293     39400        20
   36317     39424        29
   36347     39454        35
   36383     39490        20
   36404     39511        41
   36449     39556        35
   36518     39625        53
   36578     39685        50
   36629     39736        29
   36662     39769        86
   36749     39856        29
   36805     39912        23
   37034     40124        37
   37077     40167        41
   37402     40489        26
   37458     40545        57
   37516     40603        30
   37551     40638        26
   37593     40680        23
   37617     40704        20
   37977     41062        57
   38097     41181        22
   38211     41310        22
   38234     41333        35
   38361     41465        23
   38471     41574        23
   38540     41643        36
   38577     41680        28
   38606     41709        23
   38734     41837        45
   38864     41969        53
   38918     42023        38
   38999     42104        59
   39059     42164        23
   39101     42206        20
   39194     42299        32
   39227     42332        29
   39257     42362        65
   39323     42428        20
   39344     42449        23
   39395     42500        59
   39500     42605        29
   39559     42664        27
   39632     42737        53
   39686     42791        35
   39722     42827        32
   39800     42905        20
   39833     42938        20
   39854     42959        23
   39878     42983        20
   39902     43007        38
   39956     43061        32
   39989     43094        53
   40076     43181        35
   40148     43253        29
   40178     43283        55
   40271     43376        26
   40298     43403        33
   40332     43437        28
   40370     43475        41
   40430     43535        28
   40479     43584        28
   40508     43613        50
   40568     43673        23
   40688     43793        44
   40733     43838        31
   40778     43883        50
   40858     43963        33
   40925     44030        20
   40946     44051        80
   41027     44132        43
   41071     44176        67
   41139     44244        84
   41244     44349        20
   41265     44370        26
   41298     44403        20
   41328     44433        35
   41373     44478        23
   41430     44535        23
   41454     44559        26
   41517     44622        29
   41559     44664        53
   41634     44739        23
   41727     44832        26
   41772     44877        29
   41835     44940        42
   41922     45027        41
   41967     45072        38
   42030     45135        47
   42120     45225        26
   42147     45252        47
   42195     45300        23
   42243     45348        26
   42299     45404        27
   42375     45480        26
   42462     45567        32
   42495     45600        20
   42552     45657        34
   42594     45699        62
   42672     45777        50
   42726     45831        26
   42753     45858        47
   42801     45906        80
   42894     45999        23
   42918     46023        23
   42942     46047        26
   43032     46137        22
   43149     46254        35
   43185     46290        20
   43215     46320        23
   43245     46350        23
   43337     46442        46
   43486     46578        23
   43521     46613        45
   43567     46659        20
   43930     47114        27
   44099     47260        68
   44168     47329        23
   44225     47386        36
   44320     47484        21
   44412     47578        23
   44483     47649        59
   44560     47722        36
   44597     47759        24
   44660     47824        29
   44701     47865        26
   44926     48080        61
   44988     48142        20
   45036     48190        68
   45105     48259        23
   45138     48292        23
   45171     48325        58
   45242     48396        28
   45341     48484        24
   45463     48606        21
   45485     48628        35
   45521     48664        29
   45603     48725        31
   45638     48760        24
   45755     48875        37
   45916     49048        35
   45952     49084        38
   45991     49123        50
   46138     49257        39
   46323     49436        25
   46373     49490        29
   46849     50100        96
   48837      9115        24
   49041      9338        36
   49145      9442        28
   49207      9513        21
   49229      9535        22
   49518      9792        26
   49565      9845        34
   49604      9884        33
   50040     10072        53
   50848     10698        22
   50881     10731        20
   50917     10767        23
   50977     10827        23
   51019     10869        32
   51052     10902        38
   51139     10989        41
   51186     11036        27
   51232     11082        24
   51398     11278        31
   51463     11352        28
   51492     11381        20
   51517     11406        35
   51615     11504        23
   51672     11561        29
   51717     11606        29
   51747     11636        68
   51870     11759        29
   51906     11795        83
   52121     12014        45
   52220     12113        20
   52259     12152        32
   52307     12200        25
   52334     12227        30
   52435     12328        57
   54267     51300        52
   54330     51363        30
   54372     51405        26
   54500     51519        22
   54572     51591        20
   54674     51687        31
   54707     51720        42
   54779     51802        28
   54808     51831        20
   54885     51908        32
   55097     52135        74
   55211     52251        22
   55508     52588        30
   55544     52624        20
   55568     52648        20
   55775     52855        22
   55821     52901        21
   55843     52923        23
   55888     52968        20
   55927     53007        26
   55960     53040        55
   56016     53096        24
   56041     53121        69
   56111     53191        31
   56146     53226        20
   56167     53247        32
   56218     53298        29
   56275     53355        26
   56320     53400        56
   56455     53535        26
   56482     53562        47
   56530     53610        53
   56623     53703        41
   56710     53790        32
   56791     53871        23
   56836     53916       128
   56968     54048        20
   57001     54081        89
   57130     54210        35
   57181     54261        29
   57254     54340        36
   57352     54433        27
   57414     54486        21
   57726     54873        28
   58008     55164        28
   58042     55198        24
   58067     55223        36
   58122     55278        20
   58161     55317        22
   58266     55422        68
   58383     55539        50
   58434     55590        29
   58512     55668        20
   58533     55689        80
   58659     55815        47
   58707     55863        24
   58764     55920        23
   58788     55944        20
   58809     55965        20
   58839     55995        23
   58911     56067        20
   58959     56115        29
   59059     56215        32
   59109     56265        41
   59166     56322        23
   59214     56370        29
   59244     56400        41
   59286     56442        35
   59355     56511        51
   59445     56601        20
   59536     56693        28
   59723     56875        23
   60215     57393        22
   60652     57824        22
   60690     57862        21
   60713     57885        20
   60758     57930        20
   60903     58051        25
   60978     58126        22
   61072     58220        22
   61112     58260        23
   61146     58294        33
   61233     58381        44
   61332     58480        50
   61422     58570        38
   61479     58627        23
   61524     58672        26
   61592     58740        21
   61614     58762        26
   62255     59264        23
   62505     59459        29
   62857     59812        20
   62962     59928        33
   62996     59962        20
   63045     60011        23
   63075     60041        23
   63135     60101        20
   63156     60122        35
   63196     60162        43
   63282     60248        20
   63327     60293        32
   63435     60401        47
   64461     61070        20
   64642     61231        22
   64682     61271        21
   64933     61519        34
   65010     61596        26
   65346     61911        26
   65418     61983        25
   65476     62020        27
   65550     62100        20
   65634     62184        32
   65676     62226        25
   65766     62316        20
   65895     62445        20
   66012     62562        61
   66180     62730        26
   66207     62757        38
   66246     62796        23
   66272     62822        21
   66334     62884        60
   67119     63460        40
   67160     63501        21
   67197     63538        28
   67281     63616        34
   67343     63678        24
   67368     63703        41
   67422     63752        55
   67484     63814        22
   67584     63914        28
   67682     64012       154
   67842     64171        20
   67889     64218        36
   67929     64258        34
   69036     65499        36
   69338     65800        20
   69565     66044        30
   69612     66091        33
   69820     66281        82
   70253     66666        23
   70312     66725        26
   70354     66767        23
   70969     67289        26
   71017     67337        21
   71039     67359        47
   71258     67579        27
   71300     67621        23
   71324     67645       114
   71439     67760        25
   71784     68075        23
   71927     68216        25
   72031     68320        20
   72138     68427        34
   72296     68579        25
   72334     68616        23
   72483     68783        34
   72538     68838        26
   72695     68989        23
   72718     69013        21
   72781     69076        23
   72933     69211        32
   73325     69617        35
   73361     69653        25
   73400     69692        38
   73480     69772        21
   73520     69812        24
   73615     69915        22
   73813     70116        25
   74070     70393        27
   74198     70540        29
   74228     70570        35
   74264     70606        35
   74360     70702        26
   74429     70771        50
   74504     70846        26
   74739     71036        29
   74779     71081        20
   74820     71122        29
   74865     71167        22
   75031     71317        25
   75069     71355        40
   75237     71549        67
   75305     71617        48
   75390     71705        20
   75576     71852        46
   75636     71912        21
   75727     72024        88
   75849     72146        20
   75930     72227        26
   75975     72272        22
   76041     72338        23
   76065     72362        32
   76176     72473        26
   76245     72542        20
   76290     72587        26
   76347     72644        50
   76401     72698        44
   76446     72743        32
   76479     72776        20
   76509     72806        23
   76575     72872        29
   76614     72911        29
   76680     72977        20
   76701     72998        26
   76815     73112        22
   76854     73151        32
   76971     73268        20
   77002     73299        52
   77055     73352        44
   77100     73397        20
   77121     73418        23
   77152     73449        40
   77202     73499        60
   77263     73560        30
   77436     73743        48
   77489     73795        24
   77666     73991        28
   77695     74020        45
   77782     74107        20
   77874     74199        40
   77915     74240        22
   77954     74279        28
   78025     74350        27
   78053     74378        40
   78100     74425        28
   78226     74552        40
   78267     74593        33
   78375     74698        26
   78572     74912        22
   78659     74992        35
   78821     75137        31
   78952     75264        23
   78976     75288        24
   79022     75334        39
   79071     75383        63
   79152     75464        29
   79194     75506        23
   79248     75560        32
   79281     75593        20
   79302     75614        27
   79330     75642        22
   79383     75695        21
   79419     75731        29
   79545     75857        23
   79578     75890        32
   79623     75935        29
   79757     76071        40
   79840     76153        21
   79879     76192        38
   80033     76341        20
   80196     76517        20
   80528     76852        60
   80593     76917        42
   80637     76961        26
   80664     76988        26
   80691     77015        71
   80775     77099        26
   80805     77129        23
   80898     77222        23
   80934     77258        32
   80967     77291        32
   81070     77394        28
   81324     77644        25
   81350     77670        22
   81611     77922        26
   81649     77960        51
   81727     78038        21
   81812     78123        22
   81875     78186        32
   81908     78219        26
   81982     78293        22
   82109     78420        26
   82230     78541        37
   82390     78708        26
   82423     78741        37
   82654     78972        20
   82767     79085        22
   82959     79283        28
   83043     79377        24
   83292     79471        21
   83324     79503        29
   83519     79694        23
   83567     79742        25
   83678     79853        20
   83954     80108        24
   84046     80252        27
   84086     80292        32
   84140     80346        45
   84212     80418        49
   84278     80484        51
   84330     80536        31
   84400     80606        24
   84422      7102        21
   84549     80755        51
   84649     80855        34
   84686     80892        21
   84708     80914        23
   84750     80956        55
   84834     81040        35
   84892     81098        49
   84947     81153        26
   85005     81211        32
   85376     81542        43
   85678     81837        23
   85875     82026        32
   85972     82123        35
   86069     82227        20
   86224     82363        36
   86261     82400        37
   86688     82821        22
   86749     82882        21
   86816     82949        24
   86968     83183        28
   87083     83298        26
   87132     83347        20
   87179     83394        21
   87451     83634        26
   87488     83671        37
   87526     83709        32
   87604     83787        34
   87670      7337        22
   87716     83903        42
   87759     83946        40
   87800     83987        23
   87834     84021       180
   88015     84202        49
   88074     84261        95
   88175     84362        79
   88310     84489        48
   88359     84538        44
   88404     84583        31
   88436     84615        37
   88474     84653        73
   88583     84761        33
   88617     84795        22
   88640     84818        35
   88676     84854        28
   88705     84883        48
   88754     84932        77
   88832     85010        38
   88871     85049        62
   88934     85112        74
   89009     85187        33
   89050     85228        40
   89094     85272        47
   89144     85322        41
   89186     85364        26
   89237     85410        47
   89285     85458        25
   89311     85484        76
   89388     85561        70
   89484     85657        61
   89569     85742        36
   89618     85791        27
   89661     85834        36
   89698     85871        43
   89756     85929        39
   89843     86016        67
   89929     86102        38
   89968     86141        47
   90044     86217        23
   90075     86251        23
   90092     86274        21
   90131     86313        20
   90161     86328        59
   90221     86388        85
   90307     86474        62
   90370     86537        40
   90411     86578        77
   90492     86659        35
   90538     86705        42
   90583     86750        43
   90627     86794        39
   90682     86849        22
   90707     86874       138
   90846     87013        24
   90968     87060        82
   91051     87143        49
   91111     87203        25
   91137     87229        45
   91217     87309        71
   91289     87381        43
   91375     87467        36
   91429     87521        26
   91456     87548        37
   91512     87604        42
   91560     87646        28
   91609     87689        31
   91670     87750        37
   91708     87788        66
   91795     87875        20
   91816     87896        91
   91908     87988        23
   91944     88024        40
   91985     88065        27
   92013     88093        28
   92042     88122        27
   92070     88150        83
   92154     88234        33
   92188     88268        32
   92226     88306        88
   92349     88429        30
   92380     88460        47
   92428     88508        32
   92497     88556        23
   92525     88584        33
   92559     88618        54
   92614     88673        36
   92685     88744        26
   92743     88802        47
   92791     88850        64
   92856     88915        50
   92907     88966        25
   92951     89010        29
   93013     89072        34
   93048     89107        22
   93064     89129        22
   93087     89152        40
   93159     89224        52
   93213     89278        26
   93240     89305        35
   93276     89341        33
   93330     89395        23
   93369     89434        35
   93405     89470        23
   93429     89494        36
   93466     89531        36
   93503     89568        21
   93541     89612        47
   93589     89660        25
   93639     89710        49
   93689     89760        21
   93717     89788        51
   93770     89841        21
   93793     89864        24
   93833     89904        31
   93878     89949        85
   93990     90061        34
   94025     90096        59
   94138     90209        20
   94159     90230        37
   94200     90271        22
   94225     90296        99
   94325     90396        98
   94424     90495        22
   94466     90534        46
   94513     90581        32
   94547     90615        35
   94583     90651       108
   94692     90760        36
   94748     90816        60
   94809     90877        46
   94862     90936        46
   94990     91022        31
   95030     91062        41
   95072     91104        83
   95156     91188        32
   95223     91255        28
   95272     91304        22
   95295     91327        57
   95355     91387        33
   95407     91439        63
   95471     91503        50
   95538     91570        21
   95560     91592        67
   95630     91662        94
   95725     91757       108
   95834     91866        44
   95879     91911        24
   95904     91936        90
   96014     92046        95
   96110     92142        48
   96166     92198       103
   96270     92302        21
   96292     92324        91
   96385     92417        28
   96414     92446        43
   96519     92545        60
   96580     92606       102
   96686     92712        25
   96712     92738        35
   96748     92774        55
   96950     93114        20
   97062     93228        28
   97164     93336        30
   97278     93450        98
   97383     93555        32
   97416     93588        21
   97438     93610        32
   97472     93644        55
   97528     93700        20
   97574     93746        40
   97630     93802        26
   97657     93829        43
   97701     93873        31
   97747     93919        46
   97806    144885        22
   97814     93986        39
   97854     94026        22
   97877     94049        54
   97932     94104       150
   98083     94255        82
   98166     94338        99
   98266     94438        28
   98295     94467        61
   98357     94529       231
   98589     94761        33
   98623     94795       167
   98791     94963       100
   98909     95086       111
   99051     95228       311
   99375     95552        43
   99419     95596        28
   99452     95629       241
   99710     95887        40
   99751     95928       158
   99910     96087        28
   99939     96116        67
  100007     96184        34
  100042     96219        20
  100082     96259        98
  100231     96408        26
  100274     96451        43
  100318     96495        33
  100352     96529        24
  100375     96557        28
  100404     96586        29
  100446     96628        30
  100477     96659        36
  100514     96696        78
  100603     96785        73
  100677     96859        66
  100744     96926        38
  100803     96985        47
  100851     97033        49
  100908     97090        52
  100966     97148        24
  100993     97170       135
  101129     97306        46
  101187     97364        38
  101226     97403        28
  101249     97431        49
  101299     97481        44
  101356     97539        29
  101386     97569        96
  101483     97666        26
  101510     97693        72
  101583     97766       293
  101889     98072        58
  101948     98131        36
  101986     98169        23
  102027     98210        26
  102109     98306        21
  102220     98447        21
  102242     98469        50
  102293     98520        31
  102347     98567        38
  102402     98620        72
  102485     98703        30
  102549     98767       149
  102708     98926        27
  102758     98976        37
  102885     99103        80
  102966     99184        30
  103017     99235        20
  103062     99285        33
  103124     99338        43
  103321     99477        21
  103343     99499        21
  103379     99535        31
  103433     99588        63
  103506     99661        33
  103531     99691        21
  103563     99728        68
  103632     99797        78
  103711     99876        29
  103750     99924        36
  103827    100001        43
  103883    100057       182
  104066    100240       250
  104322    100496        42
  104367    100541       152
  104520    100694       161
  104682    100856       192
  104918    101093        73
  105008    101183       147
  105156    101331        95
  105252    101427        95
  105348    101523       105
  105454    101629        40
  105493    101662        42
  105557    101726        40
  105618    101788        28
  105662    101828        27
  105709    101873       292
  106002    102166        88
  106092    102261        54
  106139    136527        23
  106155    102324        37
  106188    102355        35
  106241    102408        37
  106279    102446        67
  106348    102515        30
  106390    102559        46
  106444    102608        22
  106467    102631        21
  106489    102653        53
  106582    102739       102
  106685    102842        75
  106779    102936       165
  106945    103102       115
  107061    103218       119
  107181    103338        24
  107218    103375        74
  107291    103449        28
  107341    103504        71
  107423    103586        31
  107466    103629        35
  107505    103677        39
  107545    103717        63
  107609    103781        21
  107631    103803        61
  107693    103865        34
  107743    103915        75
  107825    103997       230
  108056    104228        36
  108093    104265        28
  108124    104296        23
  108148    104320        54
  108203    104375       112
  108316    104488        46
  108393    104564       113
  108507    104678       182
  108690    104861        93
  108784    104955       273
  109072    105244       260
  109333    105505        21
  109353    105520        27
  109381    105548       217
  109599    105766       364
  109964    106131        27
  109992    106159       395
  110388    106555       302
  110691    106858        39
  110746    106913        89
  110842    107009        32
  110885    107052        26
  110931    107098        45
  110998    107165        29
  111049    107216       114
  111164    107331        49
  111275    107399        31
  111317    107442        28
  111378    107508        28
  111420    107550        30
  111451    107581        31
  111483    107613        63
  111574    107704        22
  111760    107918        41
  111828    107986        26
  111854    108011        36
  111907    108067        23
  111931    108091        91
  112023    108183        64
  112117    108287        25
  112157    108327        36
  112194    108364        21
  112216    108386        22
  112245    108415        33
  112284    108454        34
  112320    108490        80
  112441    108617        36
  112476    108663        27
  112504    108691        42
  112547    108734        51
  112607    108794        78
  112691    108878        86
  112778    108965        26
  112815    109002        55
  112881    109068        84
  112966    109153        85
  113052    109239        41
  113108    109277        44
  113157    109326        83
  113350    109531        59
  113412    109599        32
  113540    109748        21
  113570    109778        35
  113879    110090        29
  114093    110322        23
  132651    129045        35
  132695    129089        21
  132812    129227        32
  132847    129268        59
  133016    129449        83
  133104    129537        44
  133163    129578        41
  133205    129620        85
  133291    129706        84
  133386    129801        55
  133452    129867        26
  133479    129894        86
  133571    129986        78
  133658    130073        51
  133710    130125        42
  133753    130168        27
  133779    130205        36
  133856    130288        80
  133938    130370        34
  133978    130410        33
  134018    130450        22
  134041    130473        21
  134063    130495        36
  134114    130546        25
  134169    130611        64
  134234    130676        91
  134326    130768        23
  134366    130811        36
  134402    130846        26
  134455    130899        41
  134660    131132        22
  134710    131182        63
  134774    131246        31
  134806    131278        30
  134850    131322        28
  134911    131388        28
  134950    131428        31
  135043    131478        49
  135093    131528       114
  135229    131664        29
  135280    131715        45
  135345    131780        26
  135382    131817        32
  135421    131856        89
  135526    131961        39
  135566    132001       302
  135869    132304       395
  136265    132700        27
  136293    132728       364
  136658    133093       217
  136876    133311        27
  136902    133332        21
  136924    133354       260
  137199    133630       273
  137473    133904        93
  137567    133998       182
  137750    134181       113
  137894    134324        46
  137941    134371       112
  138054    134484        54
  138109    134539        23
  138135    134565        28
  138164    134594        36
  138201    134631       230
  138438    134868        75
  138529    134959        34
  138564    134994        61
  138626    135056        21
  138648    135078        63
  138712    135142        39
  138755    135194        35
  138802    135241        31
  138844    135283        71
  138937    135381        28
  138964    135409        74
  139051    135496        24
  139076    135521       119
  139196    135641       115
  139312    135757       165
  139496    135941        75
  139572    136017       102
  139714    136152        53
  139768    136206        21
  139790    136228        22
  139820    136253        46
  139878    136313        30
  139910    136345        67
  139978    136413        37
  140033    136468        35
  140064    136497        37
  140094    102308        23
  140110    136543        54
  140166    136604        88
  140255    136693       292
  140567    137003        27
  140610    137042        28
  140659    137092        40
  140721    137154        42
  140762    137189        40
  140803    137230       105
  140909    137336        95
  141005    137432        95
  141101    137528       147
  141265    137692        73
  141382    137810       192
  141575    138003       161
  141737    138165       152
  141892    138320        42
  141940    138368       250
  142191    138619       182
  142386    138814        43
  142470    138898        36
  142516    138953        29
  142546    138983        78
  142625    139062        68
  142704    139146        21
  142717    139164        33
  142760    139207        63
  142846    139292        31
  142892    139338        21
  142914    139360        21
  143089    139477        43
  143161    139540        33
  143219    139603        20
  143260    139644        30
  143291    139675        80
  143461    139845        37
  143521    139905        27
  143558    139942       149
  143741    140125        30
  143782    140166        72
  143871    140253        38
  143932    140307        31
  143964    140339        50
  144015    140390        21
  144126    140531        21
  144203    140622        26
  144247    140666        23
  144272    140691        36
  144309    140728        58
  144380    140799       293
  144674    141093        72
  144747    141166        26
  144774    141193        96
  144871    141290        29
  144913    141333        44
  144958    141378        49
  145002    141427        28
  145031    141456        38
  145081    141506        46
  145128    141553       135
  145266    141686        24
  145296    141716        52
  145356    141776        49
  145406    141826        47
  145474    141894        38
  145513    141933        66
  145580    142000        73
  145664    142084        78
  145743    142163        36
  145780    142200        30
  145823    142243        29
  145853    142273        28
  145880    142305        24
  145905    142330        33
  145939    142364        43
  145999    142424        26
  146076    142501        98
  146194    142619        20
  146215    142640        34
  146250    142675        67
  146318    142743        28
  146347    142772       158
  146506    142931        40
  146563    142988       241
  146809    143234        28
  146838    143263        43
  146894    143319       311
  147236    143661       111
  147365    143795       100
  147466    143896       167
  147634    144064        33
  147668    144098       231
  147900    144330        61
  147962    144392        28
  147991    144421        99
  148091    144521        82
  148174    144604       150
  148325    144755        54
  148380    144810        22
  148403    144833        39
  148428     93951        22
  148463    144893        46
  148524    144954        31
  148556    144986        43
  148600    145030        26
  148642    145072        40
  148708    145138        20
  148729    145159        55
  148786    145216        32
  148819    145249        21
  148841    145271        32
  148880    145310        98
  149062    145492        30
  149166    145602        28
  149286    145724        20
  149453    146029        55
  149509    146085        35
  149545    146121        25
  149574    146150       102
  149677    146253        60
  149799    146369        43
  149843    146413        28
  149873    146443        91
  149965    146535        21
  149987    146557       103
  150098    146668        48
  150147    146717        95
  150262    146832        90
  150353    146923        24
  150378    146948        44
  150423    146993       108
  150532    147102        94
  150629    147199        67
  150697    147267        21
  150735    147305        50
  150786    147356        63
  150868    147438        33
  150904    147474        57
  150962    147532        22
  151005    147575        28
  151068    147638        32
  151101    147671        83
  151185    147755        41
  151235    147805        31
  151348    147876        46
  151401    147935        46
  151448    147982        60
  151528    148062        36
  151565    148099       108
  151674    148208        35
  151711    148245        32
  151810    148341        22
  151833    148364        98
  151932    148463        99
  152034    148565        22
  152060    148591        37
  152098    148629        20
  152172    148703        59
  152232    148763        34
  152293    148824        85
  152392    148923        31
  152439    148970        24
  152465    148996        21
  152488    149019        51
  152546    149077        21
  152568    149099        49
  152642    149173        25
  152668    149199        47
  152732    149269        21
  152754    149291        36
  152791    149328        36
  152828    149365        23
  152852    149389        35
  152903    149440        23
  152947    149484        33
  152981    149518        35
  153017    149554        26
  153045    149582        52
  153129    149666        40
  153170    149707        22
  153186    149729        22
  153209    149752        34
  153276    149819        29
  153324    149867        25
  153350    149893        50
  153401    149944        64
  153466    150009        47
  153545    150088        26
  153606    150149        36
  153643    150186        54
  153698    150241        33
  153736    150279        23
  153796    150318        32
  153829    150351        47
  153877    150399        30
  153942    150464        88
  154036    150558        32
  154069    150591        33
  154103    150625        83
  154187    150709        27
  154215    150737        28
  154244    150766        27
  154272    150794        40
  154325    150847        23
  154349    150871        91
  154441    150963        20
  154482    151004        66
  154549    151071        37
  154616    151138        31
  154668    151184        28
  154702    151212        42
  154763    151273        37
  154801    151311        26
  154845    151355        36
  154924    151434        43
  154968    151478        71
  155074    151584        45
  155120    151630        25
  155156    151666        49
  155206    151716        82
  155386    151821        24
  155411    151846       138
  155552    151987        22
  155590    152025        39
  155630    152065        43
  155676    152111        42
  155729    152164        35
  155768    152203        77
  155846    152281        40
  155887    152322        62
  155950    152385        85
  156036    152471        59
  156105    152525        20
  156143    152563        21
  156158    152584        23
  156189    152618        23
  156241    152670        47
  156289    152718        38
  156346    152775        67
  156461    152890        39
  156515    152944        43
  156559    152988        36
  156611    153040        27
  156651    153080        36
  156711    153140        61
  156798    153227        70
  156869    153298        76
  156946    153375        25
  156972    153401        47
  157044    153468        26
  157071    153495        41
  157115    153539        47
  157166    153590        40
  157214    153638        33
  157248    153672        74
  157323    153747        62
  157386    153810        38
  157425    153849        77
  157503    153927        48
  157552    153976        28
  157581    154005        35
  157617    154041        22
  157640    154064        33
  157709    154132        73
  157783    154206        37
  157821    154244        31
  157853    154276        44
  157898    154321        48
  158002    154417        79
  158087    154502        95
  158192    154607        49
  158242    154657       180
  158433    154848        23
  158457    154872        40
  158498    154913        42
