> gi|442566218|gb|KC180770.1|
     249       560        74
     348       659        23
     387       698        23
     411       722        26
     438       749        32
     477       788        83
     561       872        21
     594       905        68
     663       974        38
     714      1025        44
     801      1112        89
     891      1202        55
     963      1274        20
    1002      1313        32
    1050      1361        29
    1080      1391        56
    1137      1448        77
    1215      1526        20
    1258      1569        33
    1310      1621        20
    1369      1679        22
    1536      1862        51
    1613      1939        60
    1876      2201        22
    1986      2311        20
    2115      2440        21
    2465      2790        24
    2531      2856        21
    2887      3191        22
    3006      3310        23
    3065      3369        21
    3272      3567        25
    3580      3912        20
    3799      4134        22
    3966      4319        25
    4008      4357        30
    4090      4434        46
    4479      4844        22
    4813      5098        21
    4898      5183        68
    5346      5668        34
    5613      5953        28
    5766      6110        30
    5797      6141        25
    7472      7542        23
    7503      7573        25
    7683      7750        36
    7872      7958        31
    8037      8123        45
    8161      8235        20
    8491      8519        38
    8551      8579        20
    8572      8600        41
    8776      8804        28
    8805      8833        24
    8832      8860        32
    9784      9673        42
    9904      9797        20
    9941      9834        28
   10341     10265        36
   10427     10353        27
   10501     10431        61
   10701     10744        30
   10732     10775        49
   11115     11399        29
   11167     11451        32
   11200     11484        44
   11278     11562        35
   11404     11688        38
   11524     11808        53
   11689     11973        29
   11797     12081        56
   11881     12165        53
   11935     12219        35
   11986     12270        35
   12088     12372        35
   12124     12408        59
   12202     12486        32
   12235     12519        58
   12345     12629        21
   12367     12651        40
   12516     12789        23
   12559     12832        55
   12730     13003        33
   12836     13109        22
   12870     13143        23
   12894     13167        22
   12917     13190        22
   12944     13217        26
   12971     13244        22
   13119     13439        28
   13404     13721        23
   13458     13775        22
   13493     13823        21
   13593     13925        45
   13639     13971        47
   14239     14642        23
   14290     14693        23
   14371     14774        20
   14392     14795        20
   14449     14852        27
   14536     14935        24
   14685     15089        28
   14899     15286        24
   15228     15976        59
   15288     16036        32
   15325     16073        40
   15369     16117        55
   15435     16183        26
   15480     16228        35
   15570     16318        20
   15630     16378        35
   15675     16423        32
   15711     16459        35
   15757     16505        32
   15861     16609        38
   15900     16648        30
   15958     16706        21
   15986     16734        26
   16321     16981        23
   16345     17005        20
   16366     17026        35
   16422     17082        30
   16523     17183        22
   16615     17275        20
   16666     17326        20
   16762     17422        29
   16792     17452        24
   16817     17477        34
   16873     17533        41
   16915     17575        26
   17178     17880        25
   17226     17928        33
   17327     18029        20
   17447     18149        26
   17595     18297        22
   17687     18389        26
   17772     18474        20
   17867     18569        26
   17909     18611        65
   18096     18798        25
   18826     19519        30
   19130     19823        41
   19178     19871        41
   19229     19922        35
   19274     19967        23
   19316     20009        26
   19387     20080        30
   19487     20180        20
   19628     20321        25
   19901     20591        20
   19985     20675        23
   20072     20762        32
   20222     20912        23
   20246     20936        26
   20291     20981        20
   20315     21005        41
   20387     21077        20
   20428     21118        24
   20465     21155        34
   20500     21190        33
   20579     21269        28
   20732     21425        59
   20816     21509        50
   20873     21566        35
   20939     21632        21
   20969     21662        31
   21059     21752        23
   21083     21776        35
   21134     21827        56
   21191     21884        29
   21221     21914        52
   21323     22016        26
   21737     22433        25
   21968     22658        28
   22006     22696        36
   22055     22745        86
   22217     22907        23
   22241     22931        20
   22325     23015        20
   22346     23036        20
   22424     23114        20
   22463     23153        29
   22547     23237        44
   22616     23306        21
   22638     23328        22
   22661     23351        35
   22766     23456        22
   22832     23522        26
   22895     23585        28
   22988     23678        29
   23021     23711        20
   23054     23744        21
   23078     23768        64
   23202     23890        20
   23269     23954        20
   23458     24137        26
   23549     24227        23
   23749     24430        21
   23849     24535        34
   23916     24602        42
   23976     24662        45
   24031     24717        23
   24073     24759        41
   24121     24807        23
   24145     24831        71
   24239     24925        31
   24271     24957        20
   24292     24978        20
   24328     25014        63
   24392     25078        50
   24489     25175        20
   24561     25247        26
   24588     25274        59
   24666     25352        31
   24714     25400        89
   24815     25501        20
   24836     25522        56
   24906     25592        23
   24930     25616        20
   24999     25685        38
   25038     25724        26
   25092     25778        21
   25158     25844        31
   25200     25886        27
   25232     25918        42
   25278     25964        20
   25346     26032        50
   25437     26123        38
   25476     26162        24
   25584     26270        23
   25628     26314        27
   25671     26357        44
   25834     26520        55
   25917     26603        35
   26022     26708        41
   26105     26791        35
   26223     26915        35
   26439     27131        41
   26481     27173        26
   26508     27200        21
   26535     27227        38
   26604     27296        41
   26709     27401        20
   26739     27431        47
   26793     27485        23
   26838     27530        44
   26883     27575        23
   26952     27644        39
   27067     27759        28
   27108     27800        26
   27153     27845        50
   27264     27956        28
   27293     27985        36
   27330     28022        29
   27360     28052        73
   27477     28169        20
   27498     28190        34
   27636     28322        24
   27685     28379        20
   28740     29506        27
   28768     29534        33
   29225     30377        21
   29316     30467        71
   30650     31530        32
   30685     31565        44
   30841     31712        21
   30886     31753        56
   31583     32693        55
   31639     32749        20
   31985     33205        36
   32022     33242        82
   32113     33333        70
   32712     34075        21
   32882     34299        67
   34360     35733        42
   34426     35799        38
   34468     35841        35
   34546     35919        59
   34639     36012        27
   34681     36054        56
   34747     36120        38
   34786     36159        52
   34839     36212        69
   34909     36282        26
   34948     36321        23
   34981     36354        23
   35023     36396        41
   35077     36450        38
   35146     36519       143
   35302     36675        29
   35341     36714        26
   35368     36741        23
   35392     36765        44
   35437     36810        57
   35501     36874        20
   35561     36934        65
   35676     37049        28
   35705     37078        29
   35735     37108        29
   35774     37147        32
   35810     37183        20
   35843     37216        35
   35879     37252        29
   35909     37282        21
   35951     37324        20
   35978     37351        29
   36008     37381        31
   36059     37432        32
   36116     37489        26
   36143     37516        23
   36206     37579        25
   36269     37642        32
   36317     37690        23
   36341     37714        80
   36422     37795        26
   36461     37834        23
   36524     37897        26
   36581     37954        38
   36632     38005        77
   36746     38119        26
   36779     38152        35
   37034     38426        35
   37078     38470        28
   37107     38499        25
   37473     38885        34
   37508     38920        37
   37560     38972        23
   37593     39005        26
   37622     39034        26
   37713     39124        21
   37986     39475        36
   38234     39731        35
   38361     39869        22
   38468     39967        26
   38540     40039        36
   38661     40160        20
   38715     40214        50
   38780     40279        31
   38872     40369        21
   38921     40418        23
   38972     40469        26
   38999     40496        20
   39020     40517        71
   39092     40589        29
   39170     40667        23
   39205     40702        39
   39257     40754        32
   39290     40787        26
   39323     40820        44
   39368     40865        26
   39401     40898        47
   39449     40946        32
   39515     41012        20
   39545     41042        34
   39653     41150        20
   39686     41183        23
   39719     41216        29
   39800     41297        20
   39833     41330        20
   39854     41351        44
   39941     41438        62
   40004     41501        50
   40076     41573        44
   40148     41645        29
   40178     41675        68
   40237     43958        24
   40273     41770        33
   40307     41804        23
   40333     41830        27
   40370     41867        44
   40424     41921        20
   40496     41993        23
   40535     42032        56
   40604     42101        35
   40640     42137        23
   40700     42197        26
   40727     42224        37
   40784     42281        44
   40858     42355        45
   40925     42422        20
   40946     42443        41
   41003     42500       135
   41139     42636       107
   41247     42744        47
   41298     42795        29
   41328     42825        35
   41370     42867        23
   41421     42918        20
   41454     42951        26
   41487     42984        29
   41517     43014        23
   41559     43056        20
   41580     43077        20
   41613     43110        23
   41637     43134        20
   41685     43182        29
   41736     43233        35
   41772     43269        23
   41924     43421        24
   41967     43464        38
   42006     43503        30
   42037     43534        28
   42069     43566        68
   42150     43647        20
   42243     43740        36
   42280     43777        54
   42360     43857        25
   42411     43908        29
   42452     43949        27
   42552     44049        20
   42594     44091        62
   42657     44154        23
   42699     44196        20
   42726     44223        28
   42765     44262        35
   42801     44298        38
   42867     44364        47
   42918     44415        23
   42942     44439        35
   43055     44552        27
   43131     44628        45
   43185     44682        53
   43239     44736        29
   43290     44787        26
   43329     44826        64
   43394     44891        23
   43521     45007        45
   44099     45682        29
   44132     45715        20
   44186     45769        21
   44208     45791        54
   44412     45967        23
   44483     46037        22
   44558     46111        49
   44661     46218        28
   44699     46256        22
   44722     46279        31
   44805     46366        29
   44840     46400        25
   44927     46487        39
   44967     46527        26
   45015     46575        20
   45054     46614        35
   45090     46650        30
   45121     46681        40
   45212     46771        29
   45294     46847        29
   45339     46892        26
   45485     47040        27
   45711     47250        31
   45743     47282        25
   45775     47314        24
   45916     47485        74
   45991     47560        49
   46101     47665        20
   46138     47696        30
   46388     47979        24
   46843     48445       101
   47277     48835        23
   47369     48927        23
   47475     49033        34
   47513     49071        33
   47562     49120        20
   47615     49173        24
   47706     49264        22
   47826     49384        26
   48231     49609        76
   48871     50703        20
   49036     50865        40
   49077     50906        36
   49121     50950        27
   49149     50978        24
   49210     51059        24
   49518     51315        58
   49577     51374        22
   49604     51401        33
   50017     51594        22
   50040     51617        53
   50580     52174        22
   50807     52417        34
   50848     52458        23
   50933     52543        27
   50974     52584        29
   51022     52632        38
   51072     52682        32
   51133     52743        33
   51196     52806        29
   51226     52836        29
   51394     52988        44
   51468     53071        23
   51517     53120        31
   51615     53218        32
   51672     53275        29
   51711     53314        20
   51762     53365        23
   51786     53389        29
   51816     53419        29
   51858     53461        41
   51906     53509        47
   52003     53606        27
   52126     53724        40
   52196     53794        23
   52220     53818        38
   52259     53857        41
   52419     54017        57
   54267     54603        62
   54453     54776        32
   54505     54828        26
   54614     54938        26
   54701     55020        22
   54780     55111        25
   54895     55235        41
   55034     55370        20
   55114     55464        25
   55140     55490        31
   55194     55543        22
   55232     55577        21
   55409     55813        32
   55562     55966        38
   55643     56047        29
   55704     56108        42
   55775     56179        30
   55828     56232        35
   55877     56281        24
   55954     56358        20
   55984     56388        31
   56038     56442        57
   56116     56520        29
   56148     56552        57
   56233     56637        44
   56278     56682        32
   56320     56724        32
   56368     56772        23
   56392     56796        20
   56446     56850        50
   56515     56919        35
   56623     57027        47
   56671     57075        23
   56710     57114        23
   56734     57138        26
   56836     57240        32
   56869     57273        29
   56998     57402        26
   57025     57429        82
   57187     57591        22
   57256     57660        32
   57342     57748        35
   57732     58130        41
   57858     58257        45
   57942     58340        20
   57972     58364        24
   58042     58434        91
   58161     58553        39
   58224     58616        35
   58260     58652        35
   58296     58688        20
   58373     58765        48
   58422     58814        44
   58470     58862        21
   58512     58904        20
   58533     58925        35
   58575     58967        29
   58680     59072        20
   58701     59093        30
   58767     59159        20
   58788     59180        50
   58839     59231        95
   58941     59333        20
   58962     59354        26
   59028     59420        32
   59109     59501        38
   59161     59553        28
   59214     59606        29
   59286     59678        35
   59358     59750        38
   59433     59825        23
   59478     59870        20
   59543     59936        21
   59565     59958        20
   59813     60193        31
   60173     60560        27
   60222     60608        34
   60531     60908        21
   60903     61295        25
   61012     61404        20
   61112     61504        27
   61185     61577        20
   61230     61622        56
   61350     61742        30
   61414     61806        31
   61524     61916        26
   61592     61984        48
   62468     62884        66
   62887     63280        23
   62958     63357        22
   63032     63431        20
   63147     63546        35
   63207     63606        20
   63228     63627        20
   63249     63648        32
   63282     63681        28
   63388     63787        25
   63441     63840        23
   63489     63888        20
   64947     65377        20
   64983     65413        20
   65007     65437        26
   65530     65930        67
   65604     66004        20
   65625     66025        35
   65670     66070        30
   65766     66166        20
   65823     66223        20
   65882     66282        25
   65908     66308        20
   65973     66373        26
   66015     66415        47
   66246     66646        20
   66276     66676        23
   66312     66712        21
   66366     66766        29
   67096     67858        22
   67121     67883        36
   67281     68066        34
   67334     68119        47
   67416     68196        43
   67499     68279        26
   67548     68328        42
   67592     68372        20
   67673     68453        59
   67742     68522        20
   67763     68543        26
   67790     68570        41
   69047     69853        25
   69119     69925        22
   69238     70034        20
   69321     70115        28
   69353     70147        26
   69560     70352        35
   69596     70388        50
   69807     70611        95
   70342     71127        23
   70390     71181        23
   70974     71677        21
   71017     71720        39
   71300     72022        23
   71342     72064        81
   71442     72164        22
   71465     72187        29
   71495     72217        30
   71784     72493        33
   71927     72645        25
   72011     72729        39
   72149     72867        27
   72177     72895        21
   72242     72952        20
   72295     73006        26
   72334     73045        23
   72500     73195        20
   72995     73676        34
   73056     73737        42
   73144     73829        48
   73325     74003        47
   73397     74075        23
   73457     74135        20
   73480     74158        21
   73622     74290        20
   73813     74498        25
   74058     74719        39
   74118     74769        22
   74180     74832        23
   74222     74874        41
   74327     74979        22
   74365     75017        21
   74414     75066        40
   74744     75382        24
   74864     75512        24
   75092     75759        22
   75237     75945        30
   75273     75981        30
   75306     76014        20
   75333     76041        20
   75576     76255        27
   75604     76283        36
   75737     76425        26
   75782     76470        33
   75837     76525        30
   75874     76562        25
   75903     76591        71
   75975     76663        22
   76032     76720        35
   76077     76765        62
   76224     76912        38
   76278     76966        29
   76344     77032        53
   76407     77095        20
   76461     77149        29
   76500     77188        32
   76533     77221        41
   76575     77263        29
   76605     77293        44
   76680     77368        20
   76701     77389        23
   76725     77413        41
   76767     77455        32
   76851     77539        32
   76968     77656        26
   76995     77683        65
   77061     77749        74
   77172     77860        20
   77202     77890        32
   77235     77923        27
   77263     77951        31
   77295     77983        20
   77489     78111        24
   77517     78139        53
   77613     78239        24
   77645     78265        35
   77698     78318        24
   77723     78343        23
   77768     78388        34
   77830     78450        52
   77961     78583        21
   77986     78608        32
   78031     78653        20
   78226     78867        40
   78315     78956        21
   78419     79045        22
   78518     79141        23
   78546     79169        22
   78769     79394        42
   79022     79647        24
   79065     79690        69
   79155     79780        32
   79188     79813        20
   79281     79906        20
   79302     79927        53
   79395     80020        23
   79425     80050        23
   79453     80078        25
   79578     80203        47
   79646     80271        24
   79742     80357        55
   79797     80411        23
   79879     80493        50
   79952     80570        21
   80064     80690        31
   80192     80812        27
   80247     80870        27
   80325     80963        22
   80528     81191        54
   80636     81299        39
   80676     81339        32
   80709     81372        30
   80805     81468        23
   80847     81510        23
   80883     81546        38
   80943     81606        23
   80967     81630        26
   81321     82007        28
   81431     82117        27
   81601     82281        27
   81647     82327        29
   81680     82360        20
   81719     82399        48
   81768     82448        32
   81995     82675        29
   82106     82786        23
   82205     82885        62
   82363     83043        26
   82390     83070        23
   82414     83094        38
   82458     83138        24
   82489     83169        20
   82534     83214        38
   82627     83307        47
   82675     83355        36
   82812     83492        29
   82959     83643        44
   83156     83852        22
   83519     84221        38
   83576     84278        35
   84065     84774        26
   84138     84847        22
   84176     84885        29
   84224     84933        26
   84330     85039        21
   84404     85113        23
   84435     85131        21
   84576     85273        24
   84649     85346        22
   84672     85369        35
   84711     85408        31
   84750     85447        41
   84834     85531        38
   84915     85612        23
   84976     85673        21
   84998     85695        31
   85640     86326        21
   86239     86882        39
   86348     86991        23
   86675     87312        25
   86800     87437        40
   87083     87736        26
   87372     88006        21
   87451     88085        47
   87508     88142        38
   87616     88250        22
   87777     88404        22
   87800     88427        23
   87825     88452        44
   87870     88497        35
   87906     88533        20
   87951     88578        56
   88032     88659        32
   88065     88692       104
   88170     88797        57
   88280     88907        29
   88310     88937        39
   88350     88977        85
   88436     89063        37
   88481     89108        66
   88590     89216        26
   88617     89243        22
   88640     89266        64
   88708     89334        84
   88793     89419        36
   88831     89457       103
   88935     89561        29
   88980     89606        28
   89009     89635        76
   89091     89717        30
   89122     89748        63
   89237     89864        47
   89285     89912        21
   89307     89934        52
   89360     89987        27
   89388     90015        43
   89484     90111        23
   89508     90135        20
   89618     90249        33
   89656     90287        20
   89677     90308        67
   89763     90394        40
   89854     90490        63
   89943     90579        24
   89983     90619        32
   90017     90653        26
   90071     90707        59
   90161     90782        59
   90221     90842        37
   90299     90920        37
   90337     90958        32
   90389     91010        49
   90439     91060        61
   90596     91217        22
   90678     91299        26
   90707     91328        27
   90768     91389        77
   90849     91470        22
   90888     91509        49
   90938     91559        37
   90987     91608       113
   91111     91732        60
   91219     91831        27
   91255     91867        53
   91314     91926        35
   91350     91962        24
   91375     91987        27
   91403     92015        49
   91457     92069        93
   91568     92180        26
   91642     92248        79
   91722     92328        42
   91795     92401        63
   91859     92465        48
   91908     92514        33
   91944     92550        62
   92007     92613        56
   92064     92670        79
   92158     92764        22
   92181     92787        39
   92230     92842        21
   92267     92879        68
   92380     92992        23
   92420     93032        26
   92500     93112        24
   92535     93147        25
   92561     93173        52
   92695     93307        26
   92743     93355        47
   92803     93415        31
   92835     93447        71
   92907     93519        25
   93002     93614        45
   93081     93693        46
   93128     93740        42
   93174     93786        25
   93220     93832        55
   93276     93888        33
   93310     93922        43
   93369     93981        59
   93429     94041        36
   93478     94090        40
   93541     94159        20
   93593     94211        21
   93615     94233        23
   93639     94257        53
   93720     94332        48
   93769     94381        22
   93855     94461        43
   93905     94511        36
   93942     94548        21
   94003     94609        26
   94030     94636        57
   94146     94752        22
   94169     94775        27
   94220     94817        35
   94296     94893        42
   94339     94936        66
   94481     95075        62
   94546     95140        61
   94611     95205        70
   94700     95294        47
   94748     95342        60
   94809     95403        27
   94872     95472        24
   95082     95628        61
   95156     95702        44
   95222     95768        29
   95252     95798       100
   95356     95902        35
   95407     95953        31
   95439     95985        36
   95504     96050        22
   95527     96073       100
   95630     96176        58
   95689     96235        99
   95811     96357        22
   95852     96398        26
   95879     96425        40
   95937     96483        40
   96014     96560        31
   96046     96592        46
   96093     96639        27
   96121     96667        44
   96171     96717        28
   96217     96763        36
   96265     96811       118
   96392     96938        21
   96414     96960        23
   96438     96984        40
   96532     97072        47
   96580     97120        37
   96618     97158        57
   96684     97224        36
   96721     97261        26
   96843     97382        21
   96876     97415        20
   96897     97436        25
   96923     97462        35
   96976     98051        21
   97021     98090        37
   97059     98128        31
   97100     98169        50
   97271     98238        87
   97359     98326        56
   97416     98383        42
   97489     98456        36
   97561     98544        21
   97631     98613        25
   97669     98651        31
   97710     98692        37
   97766     98748        27
   97786    149023        42
   97854     98843        22
   97877     98866        39
   97932     98921        26
   97971     98960        71
   98043     99032        26
   98070     99059        64
   98135     99124        33
   98169     99158        31
   98201     99190        64
   98266     99255        80
   98357     99346        54
   98422     99411       484
   98905     99901       135
   99051    100046        44
   99096    100091       115
   99212    100207        22
   99255    100229        68
   99324    100298        23
   99375    100349        43
   99419    100393        32
   99467    100441       146
   99614    100588        25
   99641    100615        68
   99724    100698        26
   99778    100752       113
   99910    100884        65
   99976    100950        65
  100042    101016        20
  100093    101067        34
  100128    101102        38
  100231    101205        34
  100274    101248        77
  100375    101354        28
  100404    101383        23
  100439    101418        25
  100462    101443        23
  100486    101467       137
  100624    101605        38
  100677    101658        66
  100762    101743        40
  100803    101784       104
  100908    101889        44
  100966    101947        24
  100999    101975        55
  101048    102028        61
  101120    102100        34
  101155    102135        20
  101179    102159        46
  101226    102206        31
  101252    102238        46
  101312    102298        31
  101362    102349       147
  101517    102504       137
  101655    102642       168
  101824    102811        64
  101895    102882        51
  101945    102933        21
  101967    102955        35
  102061    103049        20
  102102    103090        22
  102141    103129        20
  102235    103240        60
  102336    103327        32
  102394    103388        23
  102418    103412        32
  102443    103443        21
  102475    103475        38
  102549    103549        43
  102593    103593        21
  102615    103614        67
  102698    103697        37
  102770    103780        21
  102841    103850        26
  102973    103986        30
  103057    104070        25
  103083    104096        28
  103117    104130        22
  103131    104149        26
  103174    104192        30
  103219    104237        52
  103343    104352        21
  103367    104376        25
  103433    104440        22
  103456    104463        29
  103506    104513        29
  103563    104575        32
  103596    104608        25
  103632    104644        78
  103718    104730        20
  103750    104770        36
  103827    104847        21
  103849    104869        21
  103871    104891       194
  104066    105086       298
  104367    105387        41
  104409    105429        59
  104469    105489       168
  104638    105658        43
  104682    105702       195
  104898    105919        93
  105008    106029       243
  105252    106273        64
  105317    106338        30
  105348    106369       109
  105535    106550        71
  105659    106675        24
  105712    106726       117
  105830    106844        39
  105902    106915        95
  105998    107011        98
  106091    107109        21
  106113    107131        28
  106142    107160        52
  106186    107205        37
  106241    107260        37
  106279    107298        39
  106347    107368        36
  106390    107410        46
  106436    107451        62
  106494    107513        48
  106542    107556        20
  106582    107594        70
  106653    107665        31
  106685    107697        68
  106755    107772        41
  106797    107814        92
  106890    107907       133
  107024    108041        36
  107083    108100        97
  107193    108210        83
  107293    108311        37
  107338    108356        75
  107423    108441        56
  107475    108497        26
  107507    108529        37
  107545    108567        66
  107623    108644        57
  107681    108702        24
  107706    108727        21
  107728    108749        27
  107756    108777        45
  107825    108846        67
  107893    108914        35
  107929    108950       126
  108056    109077        36
  108093    109114        30
  108124    109145        20
  108169    109190       120
  108290    109311        25
  108316    109337        46
  108393    109416       381
  108784    109807       250
  109035    110058        22
  109085    110109       247
  109353    110372        25
  109391    110410       377
  109769    110788        86
  109857    110876       106
  109978    110997       409
  110388    111407       263
  110662    111681        68
  110746    111765        20
  110767    111786        69
  110842    111861        42
  110885    111904        26
  110912    111931        83
  111030    112049       133
  111164    112183        50
  111317    112318        33
  111369    112370        33
  111425    112430        25
  111462    112467        78
  111579    112580        26
  111728    112745        29
  111782    112803        72
  111907    112931        24
  111972    113001        25
  111998    113027        48
  112117    113176        39
  112157    113216        40
  112253    113312        25
  112295    113354        60
  112356    113415        32
  112489    113571        27
  112560    113642        38
  112599    113681        38
  112691    113782        79
  112778    113869        26
  112815    113906        46
  112862    113953        70
  112933    114024        96
  113085    133628        22
  113108    114199        48
  113183    114274        23
  113264    114355        28
  113319    114410        28
  113359    114450        30
  113398    114489        20
  126623    120009        21
  132638    133099        54
  132838    133317        20
  132867    133346        30
  132909    133388        28
  132964    133443        28
  133050    133529        23
  133100    133579        48
  133149    114176        22
  133227    133706        96
  133324    133803        70
  133395    133874        46
  133452    133931        26
  133486    133965        79
  133619    134107        38
  133658    134146        38
  133740    134228        27
  133868    134379        32
  133901    134412        60
  133978    134489        25
  134059    134570        40
  134100    134611        39
  134210    134751        48
  134259    134800        25
  134325    134871        24
  134402    134951        72
  134499    135052        29
  134651    135220        26
  134716    135281        78
  134806    135371        25
  134854    135423        33
  134906    135475        33
  135042    135593        50
  135093    135644       133
  135261    135812        83
  135345    135896        26
  135372    135923        42
  135420    135971        69
  135490    136041        20
  135526    136077        68
  135605    136156       263
  135869    136420       409
  136293    136844       106
  136401    136952       464
  136878    137429        25
  136924    137470       247
  137199    137746        22
  137222    137769       250
  137482    138029       381
  137894    138443        46
  137941    138490        25
  137967    138516       120
  138112    138661        20
  138133    138682        30
  138164    138713        36
  138201    138750       126
  138328    138877        35
  138364    138913        67
  138455    139004        45
  138501    139050        27
  138529    139078        21
  138551    139100        24
  138576    139125        57
  138645    139193        66
  138712    139260        37
  138755    139303        26
  138777    139329        56
  138843    139395        75
  138926    139478        37
  138980    139533        83
  139076    139629        97
  139196    139749        36
  139233    139786       133
  139367    139920        92
  139460    140013        41
  139503    140061        68
  139572    140130        31
  139604    140162        70
  139694    140250        20
  139714    140265        48
  139758    140313        62
  139820    140370        46
  139873    140422        36
  139938    140489        39
  139978    140529        37
  140033    140584        37
  140062    140614        52
  140115    140667        28
  140144    140696        21
  140160    140717        98
  140259    140816        95
  140387    140943        39
  140427    140983       117
  140573    141127        24
  140650    141205        71
  140799    141348       109
  140909    141458        30
  140940    141489        64
  141005    141554       243
  141265    141814        93
  141379    141929       195
  141575    142125        43
  141619    142169       168
  141788    142338        59
  141848    142398        41
  141892    142442       298
  142191    142741       194
  142386    142936        21
  142408    142958        21
  142470    143020        36
  142518    143076        20
  142546    143104        78
  142635    143193        25
  142661    143219        32
  142721    143284        29
  142771    143334        29
  142801    143364        22
  142864    143425        25
  142892    143453        21
  142985    143537        52
  143052    143604        30
  143099    143651        26
  143117    143674        22
  143145    143702        28
  143174    143731        25
  143253    143810        30
  143389    143950        26
  143465    144025        21
  143521    144092        37
  143574    144145        67
  143642    144212        21
  143664    144234        43
  143743    144313        38
  143792    144362        21
  143806    144382        32
  143839    144415        23
  143888    144467        32
  143961    144526        60
  144095    144677        20
  144132    144714        22
  144175    144757        20
  144254    144836        35
  144290    144872        21
  144310    144893        51
  144368    144951        64
  144433    145016       168
  144602    145185       137
  144747    145330       147
  144913    145497        31
  144958    145542        46
  144999    145589        31
  145031    145621        46
  145081    145671        20
  145102    145692        34
  145147    145737        61
  145202    145796        55
  145266    145855        24
  145304    145893        44
  145349    145938       104
  145454    146043        40
  145513    146102        66
  145594    146183        38
  145633    146222       137
  145771    146360        23
  145792    146383        25
  145829    146420        23
  145853    146444        28
  145905    146501        77
  145991    146587        34
  146090    146686        38
  146129    146725        34
  146194    146790        20
  146215    146811        65
  146281    146877        65
  146365    146961       113
  146506    147102        26
  146547    147143        68
  146617    147213        25
  146643    147239       146
  146805    147401        32
  146838    147434        43
  146909    147505        23
  146933    147529        68
  147022    147597        22
  147045    147620       115
  147161    147736        44
  147216    147790       135
  147350    147931       484
  147845    148426        54
  147910    148491        80
  147991    148572        64
  148056    148637        31
  148088    148669        33
  148122    148703        64
  148187    148768        26
  148214    148795        71
  148298    148879        26
  148340    148921        39
  148380    148961        22
  148428     98761        42
  148463    149051        27
  148509    149097        37
  148556    149144        31
  148600    149188        25
  148674    149261        21
  148731    149334        36
  148798    149401        42
  148841    149444        56
  148898    149501        87
  149106    149607        50
  149166    149667        31
  149198    149699        37
  149259    149754        21
  149298    150329        35
  149334    150365        25
  149360    150391        20
  149392    150423        21
  149509    150539        26
  149536    150566        36
  149581    150611        57
  149639    150669        37
  149677    150707        47
  149778    150802        40
  149819    150843        23
  149843    150867        21
  149873    150897       118
  150003    151027        36
  150057    151081        28
  150091    151115        44
  150136    151160        27
  150164    151188        46
  150211    151235        31
  150279    151303        40
  150337    151361        40
  150378    151402        26
  150423    151447        22
  150468    151492        99
  150568    151592        58
  150629    151653       100
  150730    151754        22
  150781    151805        36
  150818    151842        31
  150865    151889        35
  150904    151928       100
  151005    152029        29
  151056    152080        44
  151113    152137        61
  151360    152330        24
  151420    152396        27
  151448    152424        60
  151509    152485        47
  151575    152551        70
  151649    152625        61
  151713    152689        62
  151851    152824        66
  151918    152891        42
  152001    152974        35
  152060    153024        27
  152088    153052        22
  152169    153133        57
  152227    153191        26
  152293    153257        21
  152315    153279        36
  152358    153322        43
  152465    153423        22
  152488    153446        48
  152564    153516        53
  152618    153570        23
  152642    153594        21
  152695    153647        20
  152738    153696        40
  152791    153749        36
  152828    153786        59
  152903    153861        43
  152947    153905        33
  152981    153939        55
  153057    154015        25
  153086    154044        42
  153129    154087        46
  153209    154167        45
  153324    154282        25
  153350    154308        71
  153422    154380        31
  153466    154424        47
  153535    154493        26
  153643    154601        52
  153696    154654        25
  153732    154690        24
  153810    154768        26
  153853    154811        23
  153921    154879        68
  154005    154963        21
  154036    155000        39
  154076    155040        22
  154113    155077        79
  154193    155157        56
  154250    155214        62
  154315    155279        33
  154349    155313        48
  154398    155362        63
  154492    155456        42
  154535    155499        79
  154662    155620        26
  154706    155664        93
  154804    155762        49
  154854    155812        27
  154882    155840        24
  154907    155865        35
  154948    155906        53
  155010    155968        27
  155085    156034        60
  155156    156105       113
  155281    156230        37
  155319    156268        49
  155385    156334        22
  155411    156360        77
  155522    156471        27
  155552    156501        26
  155638    156587        22
  155756    156705        61
  155818    156767        49
  155887    156836        32
  155920    156869        37
  155998    156947        37
  156036    156985        59
  156126    157060        59
  156213    157147        26
  156241    157175        32
  156289    157223        24
  156339    157273        63
  156453    157392        40
  156512    157451        67
  156580    157519        20
  156605    157544        33
  156728    157671        20
  156749    157692        23
  156825    157768        43
  156869    157812        27
  156897    157840        52
  156950    157893        21
  156972    157915        47
  157071    158015        63
  157135    158079        30
  157171    158115        76
  157248    158192        28
  157292    158236        29
  157322    158266       103
  157427    158371        36
  157464    158408        84
  157552    158496        64
  157617    158561        22
  157640    158584        26
  157709    158652        66
  157783    158726        37
  157821    158764        85
  157907    158850        39
  157947    158890        29
  158029    158972        57
  158087    159030       104
  158192    159135        32
  158249    159192        56
  158330    159273        20
  158351    159294        35
  158387    159330        44
  158433    159376        23
  158457    159400        22
  158567         1        74
