> gi|148668026|gb|EF380353.1|
     132       129        20
     153       150        26
     225       222        34
     260       257        24
     303       300        25
     348       345        26
     381       378        20
     405       402        26
     468       465        29
     582       579        26
     621       618        26
     669       666        65
     735       732        74
     822       819        29
     906       903        31
     954       951        29
     990       987        59
    1110      1107        43
    1174      1167        28
    1218      1227        27
    1375      1374        46
    1464      1466        40
    1707      1718        20
    2352      2351        25
    2654      2659        27
    2793      2798        23
    3264      3255        31
    3439      3446        20
    3786      3877        21
    3884      3976        31
    3951      4042        20
    6302      5621        79
    6878      6184        33
    7318      6629        21
    8651     32623        30
    8774     32746        35
    8843     32815        20
    8864     32836        35
    8933     32905        20
    8957     32929        44
    9115     33087        30
    9164     33136        20
    9233     33205        38
    9362     33334        35
    9425     33397        20
    9446     33418        39
    9500     33472        21
    9599     33571        32
    9653     33625        32
    9686     33658        26
    9713     33685        27
    9743     33715        30
    9837     33809        59
   10128     34100        32
   10161     34133        24
   10186     34158        40
   10257     34229        23
   10299     34271        26
   10362     34334        20
   10449     34421        35
   10485     34457        22
   10508     34480        21
   10596     34568        20
   10617     34589        26
   10686     34658        20
   10737     34709        20
   10816     34788        34
   10884     34856        23
   10929     34901        26
   10962     34934        24
   11049     35021        31
   11238     35200        37
   11279     35246        52
   11685     35649        47
   11811     35775        21
   12718     36366        25
   14701     31523        26
   14742     31564        35
   35679     36439        23
   35865     36629        24
   35890     36654        23
   36264     36982        26
   36315     37033        23
   36396     37114        23
   36444     37162        44
   36489     37207        41
   36540     37258        29
   36579     37297        56
   36654     37372        29
   36684     37402        41
   36735     37453        20
   36786     37504        25
   36840     37558        50
   36996     37714        25
   37044     37762        32
   37116     37834        26
   37173     37891        62
   37236     37954        23
   37293     38011        20
   37317     38035        20
   37338     38056        40
   37395     38113        35
   37604     40545        21
   37653     38371        47
   37739     38457        21
   37851     38569        25
   37896     38614        29
   37959     38677        20
   38017     38735        31
   38067     38785        23
   38120     38838        21
   38145     38863        32
   38178     38896        20
   38223     38941        47
   38298     39016        32
   38331     39049        20
   38367     39085        62
   38473     39190        20
   38494     39211        20
   38515     39232        52
   38572     39289        55
   38632     39349        40
   38689     39406        68
   38806     39523        26
   38863     39580        20
   38914     39631        31
   38958     39675        30
   39106     39823        23
   39130     39847        38
   39217     39934        29
   39268     39985        22
   39448     40165        35
   39484     40201        20
   39505     40222        20
   39556     40273        33
   39664     40381        29
   39702     40419        21
   39790     40507        20
   39991     40708        35
   40081     40798        32
   40126     40843        20
   40180     40897        26
   40238     40955        57
   40342     41059        23
   40405     41122        44
   40546     41263        26
   40573     41290        32
   40620     41337        23
   40711     41428        34
   41301     41934        22
   41593     42244        31
   41758     42423        37
   41903     42576        21
   42049     42737        22
   42247     76434        20
   42258     42938        21
   42282     42962        48
   42350     43030        34
   42385     43065        56
   42475     43155        23
   42509     43189        22
   43289     43918        29
   44041     44320        33
   44075     44354        40
   44451     44713        20
   44661     44923        35
   44724     44986        23
   44817     45079        24
   44842     45104        34
   44982     45244        20
   45364     45680        38
   46042     46552        23
   46066     46576        31
   46098     46608        31
   46135     46645        20
   46199     46740        44
   46602     47080        32
   46668     47146        29
   47060     47333        66
   47434     47853        20
   47942     48334        38
   48020     48412        28
   48085     48477        24
   48489     48926        20
   48578     49015        27
   48630     49067        26
   48702     49139        20
   48726     49163        20
   48762     49199        38
   48804     49241        41
   48870     49307        26
   48944     49381        30
   49028     49471        34
   49154     49597        20
   49226     49669        26
   49346     49789        22
   50300     50828        36
   50357     50885        30
   50416     50944        23
   50626     51145        31
   50898     51416        31
   50963     51481        37
   51163     51640        42
   51206     51683        29
   51515     52031        21
   51650     52163        38
   51806     52319        31
   51984     52497        24
   52042     52555        30
   52088     52601        22
   52144     52657        20
   52243     52756        20
   52264     52777        20
   52317     52830        36
   52504     53017        41
   52618     53131        23
   52771     53281        20
   52840     53350        29
   52915     53425        35
   52966     53476        40
   53014     53524        74
   53113     53617        22
   54009     54466        20
   54045     54502        21
   54089     54546        31
   54163     54620        20
   54184     54641        26
   54235     54692        20
   54256     54713        47
   54394     54851        23
   54418     54875        23
   54511     54968        35
   54565     55022        20
   54667     55124        20
   54775     55232        26
   54808     55265        20
   54841     55298        20
   54934     55391        47
   55099     55556        20
   55189     55646        23
   55213     55670        23
   55276     55733        25
   55366     55823        20
   55389     55846        27
   55804    150566        21
   55894    150656        26
   55987    150749        32
   56020    150782        25
   56415     58714        23
   56459     58758        21
   56899     59182        20
   57075     59358        32
   57201     59484        30
   57263     59546        24
   57293     59573        33
   57327     59607        26
   57839     60265        25
   58009     60435        20
   58370     60796        20
   58717     61158        32
   58855     61297        31
   58905     61347        38
   58965     61407        29
   58995     61437        21
   59041     61483        22
   59367     61809        26
   59499     61941        26
   59526     61968        32
   59694     62136        36
   60574     63093        22
   60655     63174        26
   60684     63204        20
   60708     63228        27
   60813     63329        32
   60846     63362        32
   60879     63395        23
   60903     63419        23
   60938     63454        40
   60979     63495        26
   61036     63552        25
   61062     63578        40
   61211     63727        47
   61259     63775        67
   61426     63948        26
   62518     64520        22
   62541     64543        23
   62775     64768        43
   63015     65006        29
   63045     65036        51
   63222     65237        31
   63254     65269        55
   63655     65646        20
   63745     65736        26
   64231     66215        22
   64828     66600        21
   64899     66674        24
   64926     66701        31
   64976     66751        27
   65574     67299        20
   65735     67460        25
   65873     67615        27
   66103     67839        26
   66134     67870        40
   66227     67950        39
   66419     68181        33
   66453     68215        21
   66818     68544        22
   67319     70416        22
   67384     70476        21
   67643     70728        26
   67850     70940        38
   67919     71009        23
   67997     71087        26
   68063     71153        23
   68099     71189        35
   68189     71279        22
   68252     71342        23
   68345     71435        33
   68402     71492        26
   68537     71627        62
   68627     71717        20
   68651     71741        29
   68681     71771        24
   68738     71828        32
   68771     71861        26
   68816     71906        20
   68837     71927        32
   69005     72095        29
   69038     72128        20
   69122     72212        35
   69219     72309        40
   69267     72357        53
   69522     72653        29
   69570     72701        26
   69600     72731        20
   69703     72838        25
   69766     72901        33
   69873     73016        21
   69927     73083        21
   70277     73426        24
   70302     73451        22
   70427     73583        24
   70966     74155        23
   71027     74207        28
   71080     74260        35
   71182     74362        23
   71269     74449        29
   71332     74512        23
   71422     74602        20
   71476     74656        23
   71560     74740        32
   71620     74800        22
   71643     74823        24
   71782     74966        23
   71864     75051        22
   71918     75106        28
   72371     75543        22
   72537     75730        22
   72608     75801        22
   72712     75905        50
   72787     75980        20
   72961     76154        23
   73023     76216        36
   73406     76594        20
   73515     76703        22
   73695     76883        23
   73783     76971        32
   73942     77130        21
   74005     77193        37
   74110     77298        46
   74197     77385        22
   74249     77437        28
   74520     77700        20
   74814     77979        20
   75048     78159        34
   75085     78196        21
   75322     78370        26
   75349     78397        22
   75685     78728        29
   75934     78965        32
   76211     79269        20
   76268     79326        26
   76364     79422        28
   76433     79491        23
   76611     79698        24
   76797     79913        29
   76842     79958        25
   76875     79991        44
   76965     80081        23
   76989     80105        22
   77041     80157        22
   77132     80246        32
   77779     80872        23
   77944     81037        28
   78114     81219        29
   78315     81427        20
   78356     81468        24
   78519     81631        20
   78540     81652        23
   78855     81904        22
   78922     81971        25
   78952     82001        25
   78978     82027        29
   79264     82329        20
   79352     82417        20
   79999     82968        79
   80134     83059        26
   80183     83108        58
   80248     83173        20
   80311     83236        44
   80356     83281        46
   80410     83335        29
   80440     83365        26
   80536     83461        45
   80587     83514        63
   80655     83582        27
   80683     83610        35
   80741     83662        32
   80775     83696        41
   80817     83738        40
   80899     83824        26
   80926     83851        39
   80985     83910        62
   81057     83982        78
   81144     84069       116
   81277     84202       133
   81442     84367        25
   81468     84393        20
   81489     84414        21
   81656     84581        25
   81682     84607        32
   81781     84706        39
   81876     84801        21
   81939     84859        25
   81980     84900        27
   82008     84928        21
   82088     85004        23
   82121     85037        66
   82357     89688        33
   82526     89851        35
   82595     89920        24
   82636     89970        22
   82673     90007        21
   82761     90497        25
   82939     90675        23
   83128     90863        30
   83293     91028        28
   83342     91077        22
   83548     91284        24
   83597     92400        25
   83659     92458        48
   83730     92529        25
   83769     92568        41
   84510    142569        20
   84536     92822        20
   84576     92862        56
   84639     92925        27
   84680     92957        20
   84714     92983        20
   84752     93021        20
   84835     93083        26
   84922     93161        28
   84994     93232        30
   85039     93288        63
   85111     93358        26
   85144     93391        48
   85193     93440        35
   85247     93494        65
   85313     93560        20
   85336     93583        21
   85358     93605        46
   85405     93652        42
   85451     93698        22
   85487     93734        20
   85508     93755        35
   85544     93791        72
   85617     93864       115
   85742     93989        49
   85805     94052        44
   85850     94097        28
   85879     94126        69
   85949     94196        27
   85992     94239        62
   86062     94309        47
   86137     94372        64
   86202     94437        35
   86238     94473        33
   86272     94507        57
   86330     94565        27
   86359     94594        30
   86390     94625        23
   86414     94649        39
   86453     94687        24
   86478     94712        71
   86561     94795        43
   86618     94852        25
   86673     94907        41
   86723     94957        69
   86799     95033       121
   86921     95155        21
   86943     95177        43
   86987     95221        36
   87024     95258        88
   87132     95366        98
   87241     95475       117
   87375     95609        95
   87493     95736        30
   87561     95808        24
   87620     95867        37
   87670     95927        30
   87728     95980        28
   87757     96009        31
   87812     96064        65
   87891     96143        26
   88009     96258        21
   88032     96281        42
   88084     96333        29
   88135     96384        22
   88158     96407        23
   88186     96435        48
   88235     96484        24
   88282     96533        22
   88315     96566        65
   88390     96646        61
   88478     96734        23
   88527     96775       106
   88663     96912        28
   88692     96941        37
   88730     96979        87
   88818     97067        35
   88915     97164       128
   89101     97350        24
   89188     97442        25
   89249     97503        21
   89355     97621        25
   89416     97682        30
   89606     98014        33
   89664     98072        20
   89694     98108        28
   89729     98143        53
   89812     98227        27
   89953     98295        21
   89996     98342        32
   90123     98464        24
   90193     98534        23
   90285     98643        20
   90362     98675        33
   90396     98709        46
   90449     98767        38
   90489     98807        53
   90650     98900        35
   90787     99062        94
   90934     99208        25
   90998     99269        23
   91064     99336        94
   91159     99431        25
   91198     99470        79
   91288     99560        36
   91325     99597       150
   91494     99766        22
   91517     99789       223
   91743    100015        90
   91834    100106        37
   91882    100154       161
   92044    100316        94
   92139    100411        34
   92175    100448        23
   92234    100507        69
   92304    100577        70
   92376    100649        41
   92418    100691        37
   92523    100795        80
   92610    100876        22
   92672    100938        27
   92701    100971        42
   92887    101148       116
   93005    101266        46
   93052    101313        22
   93073    101330        46
   93120    101377        52
   93173    101430        54
   93228    101485        22
   93259    101516        96
   93386    101641        28
   93441    101701        23
   93465    101871        51
   93517    101923        24
   93604    102008        29
   93638    102042        39
   93685    102088        31
   93717    102120       110
   93832    102234        65
   93898    102300        81
   93980    102382        49
   94033    102435        82
   94116    102518        52
   94169    102571        40
   94210    102612        34
   94245    102647        42
   94294    102696        46
   94361    102763        60
   94422    102824        24
   94484    102886        49
   94541    102930        65
   94610    103000        29
   94642    103032        85
   94788    103172        34
   94823    103207        46
   94883    103267        94
   95016    103399       142
   95159    103542        20
   95204    103587       161
   95396    103776        22
   95426    103806        67
   95493    103868        34
   95528    103903        68
   95609    103984       156
   95770    104145        42
   95818    104193        20
   95839    104214        97
   95946    104321        37
   95984    104359        32
   96025    104400        43
   96069    104444        42
   96129    104504        36
   96166    104541        33
   96205    104580        79
   96285    104660        27
   96315    104690        39
   96496    104811        25
   96529    104840       159
   96705    105016       115
   96834    105145       249
   97104    105416        43
   97173    105486        55
   97229    105542        33
   97276    105589        39
   97331    105644       102
   97434    105747        50
   97495    105808        30
   97526    105839        55
   97582    105895        82
   97665    105978        30
   97716    106029        34
   97779    106093        26
   97813    106127        23
   97874    106198        50
   97932    106257        23
   98071    106394        25
   98162    106488        52
   98215    106541        35
   98280    106606        26
   98355    106673        21
   98401    106719        40
   98516    106869        76
   98630    106988        32
   98725    107430        27
   98769    107463        21
   98801    107495        20
   98855    107539        52
   98908    107592        31
   98973    107657        34
   99025    107709        42
   99070    107754        20
   99144    107825        50
   99325    107993        41
   99999    113406        28
  100536    113860        41
  100679    114003        33
  100939    114237        44
  101017    114315        29
