> gi|134286121|dbj|AP009366.1|
     122       345        30
     159       382        26
     189       412        23
     348       571        26
     375       598        26
     444       667        20
     468       691        20
     525       748        32
     603       826        25
     629       852        36
     681       904        58
     740       963        51
     846      1069        26
     954      1177        29
    1011      1234        38
    1118      1341        33
    1377      1635        29
    1464      1730        26
    2778      3067        25
    3466      3759        29
    3607      3892        20
    3774      4118        27
    3885      4228        30
    4675      5108        42
    5094      5569        22
    5504      6035        54
    6303      6491        28
    6878      7053        20
    6899      7074        22
    7318      7507        27
    7547      7715        29
    7607      7775        27
    8667     32328        21
    8774     32435        20
    8957     32618        38
    9105     32766        34
    9161     32822        23
    9248     32909        26
    9290     32951        26
    9365     33026        26
    9446     33107        39
    9554     33215        44
    9599     33260        20
    9620     33281        20
    9686     33347        54
    9743     33404        24
    9828     33489        54
    9909     33570        23
   10128     33789        23
   10155     33816        30
   10186     33847        20
   10254     33915        23
   10296     33957        32
   10492     34153        28
   10593     34254        50
   10794     34455        56
   11238     34940        37
   11278     34985        28
   12687     36301        28
   14701     31106        26
   14742     31147        25
   35914     36655        24
   36282     37000        20
   36306     37024        38
   36387     37105        29
   36444     37162        44
   36489     37207        23
   36558     37276        20
   36579     37297        32
   36654     37372        29
   36690     37408        44
   36789     37507        23
   36875     37593        27
   37053     37771        23
   37101     37819        26
   37203     37921        26
   37272     37990        20
   37407     38125        20
   37653     38371        26
   37902     38620        20
   38009     38727        39
   38067     38785        23
   38151     38869        26
   38223     38941        31
   38313     39031        38
   38358     39076        71
   38443     39161        29
   38473     39191        20
   38515     39233        41
   38583     39301        30
   38641     39359        20
   38712     39430        24
   38737     39455        20
   38806     39524        26
   38836     39554        33
   38884     39602        26
   38926     39644        20
   39142     39860        26
   39307     40025        23
   39337     40055        35
   39388     40106        23
   39473     40191        31
   39532     40250        23
   39657     40375        36
   39790     40508        20
   39940     40658        20
   39970     40688        20
   39991     40709        35
   40147     40865        20
   40183     40901        38
   40258     40976        37
   40396     41114        20
   40420     41138        26
   40558     41276        50
   40696     41414        30
   40727     41445        21
   41438     42018        20
   41585     42170        37
   41814     42454        22
   42050     42695        20
   42280     42925        20
   42301     42946        20
   42478     43123        20
   42574     43214        23
   44067     44288        46
   44661     44886        28
   44725     44950        25
   44751     44976        35
   44850     45075        23
   44982     45207        20
   45364     45677        38
   46105     46619        26
   46135     46649        20
   46203     46713        36
   46600     47041        22
   46668     47109        28
   47060     47318        69
   47710     47900        29
   47741     47931        23
   48031     48221        27
   48086     48276        24
   48636     48827        23
   48816     49007        29
   48900     49091        20
   49028     49227        25
   49154     49353        20
   50300     50456        26
   50363     50519        27
   50909     51074        20
   50978     51154        28
   51163     51298        40
   51204     51339        31
   51656     51811        20
   51856     52011        20
   51955     52110        28
   52089     52244        21
   52144     52299        20
   52264     52419        23
   52464     52619        21
   52506     52661        24
   52618     52773        23
   53017     53169        44
   54036     54034        30
   54199     54197        26
   54226     54224        29
   54277     54275        38
   54502     54500        29
   54622     54620        38
   54706     54704        32
   54841     54839        20
   54862     54860        22
   55126     55124        20
   55390     55388        26
   55586     55525        24
   55843    152259        26
   55894    152310        26
   55987    152403        32
   56020    152436        25
   57057     59058        23
   57348     59346        21
   58926     60982        28
   58989     61045        26
   59467     61523        25
   59504     61560        21
   59610     61666        35
   60574     62773        22
   60618     62817        21
   60830     63046        24
   60938     63153        34
   61211     63425        47
   61277     63491        29
   63015     65420        33
   63065     65470        26
   63222     65677        31
   63254     65709        53
   64889     67168        34
   64926     67205        31
   64982     67261        21
   65956     68292        29
   66234     68576        22
   66429     68796        20
   66804     69152        45
   66985     69926        20
   67826     71666        47
   67961     71801        23
   67997     71837        29
   68033     71873        23
   68177     72017        20
   68255     72095        21
   68465     72305        29
   68498     72338        20
   68519     72359        29
   68594     72434        23
   68663     72503        20
   68684     72524        23
   68771     72611        26
   68825     72665        44
   68900     72740        56
   69267     73107        52
   69530     73347        21
   69567     73384        26
   70277     74106        31
   71059     74927        20
   71080     74948        35
   71275     75143        23
   71315     75183        28
   71503     75371        21
   71533     75401        23
   71560     75428        32
   71643     75511        24
   71990     75862        20
   72537     76392        21
   72603     76458        21
   72679     76534        56
   72784     76639        20
   73033     76888        26
   73695     77491        20
   73787     77583        21
   74246     78042        30
   74331     78124        28
   75085     78788        21
   76208     79947        23
   76436     80175        20
   76965     80709        22
   77137     80887        33
   78115     81905        32
   78281     82067        30
   78952     82675        25
   78978     82701        24
   80332     83784        20
   80371     83823        21
   80536     83988        45
   80588     84042        50
   80718     84183        21
   80744     84209        28
   80775     84240        41
   80817     84282        61
   80900     84370        25
   80944     84414        45
   81008     84478        26
   81059     84529        41
   81102     84572        23
   81136     84606        73
   81207     84678        40
   81277     84748       120
   81415     84886        26
   81442     84913        46
   81489     84960        21
   81522     84993        33
   81656     85127        25
   81682     85153        32
   81781     85252        39
   81832     85303        26
   81898     85369        21
   82121     85586        45
   82357     90371        33
   82526     90534        35
   82598     90606        21
   82638     90655        20
   82667     90684        27
   82940     91383        22
   83128     91570        30
   83293     91729        22
   83342     91778        22
   83548     91994        25
   83780     93271        24
   84536     93526        39
   84576     93566        40
   84617     93607        31
   84678     93668        22
   84835     93822        20
   84994     93978        24
   85039     94034        23
   85055    143503        42
   85108     94108        22
   85155     94161        32
   85229     94235        45
   85275     94281        35
   85336     94342       114
   85487     94493        20
   85508     94514        23
   85532     94538        26
   85562     94568        58
   85621     94627        60
   85692     94698        46
   85739     94745        52
   85805     94811        44
   85850     94856        28
   85886     94892        62
   85949     94955        27
   85992     94998        44
   86077     95084        20
   86137     95132        53
   86202     95198        29
   86238     95234        33
   86272     95268        41
   86314     95310        44
   86359     95355        21
   86391     95391        22
   86414     95414        31
   86446     95446        31
   86478     95478        41
   86673     95652        21
   86737     95716        55
   86826     95805        89
   86955     95934        68
   87024     96003        86
   87132     96111        44
   87189     96168        29
   87237     96216        23
   87271     96250        76
   87378     96357        35
   87414     96393        51
   87499     96476        28
   87728     96720        28
   87757     96749        31
   87789     96781        20
   87812     96804        20
   87833     96825        44
   87891     96883        26
   88009     96998        21
   88032     97021        39
   88084     97073        29
   88135     97124        22
   88158     97147        23
   88186     97175        35
   88235     97224        20
   88269     97255        36
   88333     97319        47
   88392     97378        30
   88530     97512        27
   88584     97566        31
   88647     97630        37
   88692     97675       106
   88795     97779        58
   88862     97846        24
   88892     97876        34
   88939     97923        62
   89002     97986        41
   89073     98057        22
   89101     98085        42
   89641     98825        22
   89736     98925        28
   90217     99368        31
   90449     99602        21
   90517     99672        21
   90786     99960        86
   90998    100173        23
   91064    100240        94
   91159    100335        25
   91185    100361        46
   91243    100419        34
   91288    100464        36
   91325    100501       150
   91533    100709        41
   91575    100751        59
   91635    100811        58
   91694    100870        46
   91743    100919        77
   91834    101010        37
   91882    101058       188
   92071    101247        67
   92139    101315        34
   92175    101352        23
   92234    101411        48
   92283    101460        20
   92304    101481        71
   92376    101553        41
   92418    101595        37
   92523    101699        80
   92887    102064        83
   92971    102148        31
   93004    102181        47
   93073    102246        46
   93130    102303        36
   93173    102345        54
   93270    102447        20
   93291    102468        64
   93356    102533        29
   93476    102795        38
   93634    102952        46
   93681    102999        28
   93717    103035        37
   93755    103073        23
   93832    103149        65
   93898    103215        75
   93980    103297        33
   94052    103367        36
   94089    103404        26
   94129    103448        37
   94169    103488        39
   94210    103529        34
   94245    103564        42
   94319    103639        20
   94360    103680        36
   94454    103769        20
   94533    103847        77
   94611    103925        28
   94658    103970        54
   94762    104075        24
   94788    104101        23
   94823    104136        26
   94883    104196        40
   94924    104237        35
   95016    104328        40
   95057    104369        94
   95159    104471        20
   95180    104492        21
   95204    104516       143
   95398    104707        20
   95428    104736        65
   95493    104796        34
   95536    104839        39
   95576    104879        20
   95609    104912        25
   95635    104938       130
   95770    105073        39
   95816    105119        34
   95851    105154        85
   95946    105249        37
   95984    105287        32
   96025    105328        77
   96129    105432        36
   96166    105469        38
   96205    105508        79
   96285    105588        27
   96315    105618        39
   96375    105678        39
   96496    105734        25
   96534    105768       154
   96705    105938       115
   96834    106067       168
   97003    106236        30
   97034    106267        26
   97061    106294        36
   97098    106331        49
   97173    106407        89
   97276    106510        39
   97331    106565       101
   97434    106668        50
   97495    106729        30
   97526    106760       138
   97665    106899        30
   97716    106950        34
   97874    107119        50
   98152    107420        43
   98230    107498        26
   98405    107665        25
   98431    107691        20
   98521    107810        71
   98713    108366        40
   98863    108500        30
   98894    108531        45
   99025    108662        42
   99325    108952        41
  102154    110886        23
  102373    111105        41
  102445    111177        28
  102586    111318        23
  102795    111527        20
  102816    111548        46
  102922    111654        32
  103044    111776        20
  103359    112091        23
  104284    112939        33
  104324    112979        20
  105203    113619        42
  105537    113997        29
  106122    114600        35
  106694    115216        34
  106981    115503        21
  107678    116200        20
  107959    116481        22
  108184    116740        20
  108244    116800        35
  110305    118752        21
  110468    118915        23
  110826    119260        31
  111162    119587        20
  111285    119710        21
  112393    120856        24
  112446    120909        22
  113003    121469        24
  113394    121884        26
  113848    122338        46
