> gi|350529152|dbj|AP012265.1|
     159     77516        23
     231     77588        20
     465     77822        20
     489     77846        26
     537     77894        20
     606     77963        22
     645     78002        23
     669     78026        68
     912     78269        23
     945     78302        38
    5504     24685        36
    7551     27928        24
    8654     51133        32
    8712     51191        28
    8870     51349        20
    8957     51436        38
    9044     51523        29
    9119     51598        24
    9254     51733        38
    9344     51823        20
    9365     51844        32
    9446     51925        39
    9500     51979        20
    9545     52024        32
    9590     52069        29
    9686     52165        26
    9713     52192        25
    9743     52222        24
   10257     52736        20
   10467     52946        29
   10605     53084        35
   10962     53441        20
   11055     53534        25
   11243     27924        25
   11251     53767        23
   11279     53794        27
   12176     54460        21
   12718     54668        25
   14298      8040        20
   14697     49927        30
   35914     54967        20
   36459     55479        32
   36492     55512        20
   36552     55572        23
   36579     55599        20
   36696     55716        26
   36840     55860        56
   37044     56064        20
   37095     56115        26
   37212     56232        25
   37353     56373        25
   37601     56621        21
   37908     56928        26
   38067     57087        23
   38151     57171        26
   38178     57198        20
   38367     57387        32
   38473     57490        20
   38521     57538        20
   38695     57712        20
   38716     57733        29
   38914     57931        26
   38995     58012        20
   39082     58099        20
   39142     58159        33
   39276     58293        30
   39478     58495        26
   40003     59020        32
   40138     59155        29
   40198     59215        32
   40258     59275        23
   40375     59392        24
   40420     59437        20
   40558     59575        46
   41467     60394        24
   41492     60419        23
   41541     60468        24
   41577     60516        46
   42350     61253        22
   42415     61318        20
   42509     61412        23
   44037     62775        37
   44075     62813        38
   44682     63362        23
   44751     63431        26
   46135     65026        22
   46198     65076        23
   46668     65444        27
   47060     65698        42
   47103     65741        26
   47713     66223        20
   48564     67101        20
   48627     67164        29
   48804     67341        20
   49039     67579        20
   49148     67688        20
   50907     69220        22
   51167     69420        20
   54145     72202        31
   54214     72271        20
   54476     72533        25
   54631     72688        20
   54781     72838        20
   54931     72988        23
   55099     73156        20
   55396     73453        20
   58866     10529        20
   59370     11033        21
   60827     12421        24
   60867     12461        29
   60949     12552        38
   60988     12591        22
   61024     12627        22
   61187     12795        35
   61223     12831        32
   61256     12864        29
   63020     14627        24
   63075     14682        21
   63227     14840        28
   63256     14869        51
   89106     61458        36
  100942     91609        26
