> gi|118201020|gb|EF115541.1|
       5       533        40
      48       581        52
     101       634       315
     417       950       482
     900      1433        56
     957      1490       327
    1299      1832        45
    1345      1878       171
    1516      2050        34
    1545      2078        46
    1592      2125        22
    1616      2149        39
    1664      2197        41
    1706      2239        41
    1748      2281        55
    1804      2337       211
    2016      2549       119
    2136      2669        32
    2177      2710        24
    2202      2735        66
    2269      2802        46
    2329      2862        46
    2376      2909        25
    2402      2935        85
    2488      3021        43
    2532      3065        39
    2576      3109        25
    2606      3139        42
    2649      3182        70
    2720      3253       106
    2827      3360        32
    2860      3393        34
    2907      3440        36
    2947      3480        25
    2973      3506        70
    3044      3577        21
    3074      3604        24
    3135      3665        44
    3180      3710       164
    3371      3901        22
    3398      3928       159
    3559      4089        42
    3602      4132        46
    3666      4196        55
    3722      4252       308
    4034      4564        29
    4064      4594        35
    4105      4631        41
    4147      4672        89
    4249      4774       147
    4395      4915        22
    4418      4938        34
    4453      4973        35
    4489      5009        87
    4577      5097        87
    4665      5185        93
    4752      5271        95
    4848      5367        52
    4944      5461       268
    5213      5730        37
    5251      5768       102
    5356      5875        43
    5400      5919        80
    5481      6000       112
    5594      6113        42
    5650      6176        97
    5749      6275        24
    5778      6300        41
    5820      6342        53
    5874      6396        56
    5976      6498        48
    6025      6547        23
    6077      6599        34
    6113      6655        26
    6172      6715        46
    6220      6763        38
    6266      6809       142
    6409      6952        43
    6460      7004        30
    6491      7035       145
    6635      7172        45
    6691      7227       117
    6809      7345       160
    6973      7511        44
    7041      7579       102
    7143      7687        34
    7240      7783       162
    7403      7946        37
    7459      8003        58
    7521      8065       181
    7705      8246        53
    7759      8300        33
    7785      8327        31
    7833      8375        77
    7930      8475        97
    8028      8573        68
    8121      8666        75
    8197      8742        24
    8239      8783        20
    8275      8819        28
    8306      8850        87
    8451      8948        37
    8506      8997        23
    8530      9021        42
    8573      9064        20
    8593      9083        97
    8691      9181       172
    8864      9354        92
    8957      9447       179
    9137      9627       152
    9290      9780        29
    9320      9810        86
    9407      9897       197
    9605     10095       162
    9768     10258        56
    9837     10327       170
   10008     10498        92
   10101     10591       233
   10335     10825        50
   10386     10876        32
   10419     10909       272
   10692     11182       155
   10848     11338        62
   10911     11401       242
   11154     11644        48
   11203     11696       129
   11333     11826        49
   11395     11891        98
   11506     12002        27
   11553     12048        72
   11624     12118       271
   11896     12390        34
   11944     12433        74
   12018     12502        53
   12071     12567        38
   12121     12617        53
   12175     12671        93
   12271     12767        33
   12308     12804        27
   12336     12833        20
   12357     12854        39
   12412     12908        38
   12460     12956        27
   12488     12984        20
   12509     13005        29
   12562     13058        24
   12587     13083        61
   12660     13156        87
   12748     13244        43
   12792     13288        27
   12819     13318       206
   13026     13525       190
   13226     13725        43
   13270     13769        44
   13312     13812        40
   13357     13862        30
   13394     13899        98
   13493     13995        96
   13590     14092        47
   13638     14140        52
   13691     14193        22
   13714     14216        32
   13774     14282        48
   13815     14328        30
   13876     14389       124
   14001     14514       101
   14106     14634        36
   14143     14671        36
   14182     14710        61
   14244     14772        30
   14275     14803        85
   14359     14885        23
   14402     14928        22
   14446     14966        27
   14542     15046        29
   14611     15111        23
   14624     15126        47
   14680     15182       136
   14817     15319        42
   14895     15390        31
   14927     15422        36
   15023     15668        24
   15048     15693        28
   15077     15722       287
   15364     16004        22
   15387     16027        26
   15414     16054        37
   15469     16107        20
   15490     16128        38
   15537     16175        83
   15614     16258        48
   15663     16307        56
   15720     16364       102
   15823     16467        26
   15843     16485        35
   15879     16521        57
   15947     16588        70
   16025     16662        58
   16084     16721        45
   16130     16767        83
   16214     16851        48
   16263     16900        23
   16285     16906        55
   16336     16961        59
   16403     17028        36
   16444     17049       215
   16660     17265        56
   16717     17322        28
   16746     17351        43
   16790     17395        64
   16855     17460       127
   16983     17588        42
   17031     17635        33
   17061     17758        83
   17145     17842        21
   17167     17864        26
   17199     17884        75
   17300     17984        47
   17342     18031       184
   17531     18220        64
   17596     18285        35
   17641     18337        83
   17969     18434        28
   18007     18472        32
   18061     18526        63
   18144     18607        87
   18232     18695        24
   18257     18720        46
   18305     18768        38
   18369     18828       107
   18477     18936        54
   18527     18990        20
   18549     19012        30
   18610     19072        40
   18651     19113        51
   18715     19176        22
   18774     19238        44
   18821     19288        51
   18888     19355        51
   18940     19407        65
   19004     19472        81
   19086     19554        61
   19148     19616        59
   19208     19676        41
   19263     19731        35
   19299     19767        24
   19390     19853        31
   19440     19903       111
   19558     20021       136
   19695     20158       363
   20062     20525        20
   20083     20546       671
   20755     21218       230
   20986     21449        89
   21076     21539        68
   21157     21620       155
   21313     21776        72
   21386     21849       136
   21532     21995        59
   21592     22055        98
   21691     22154       127
   21819     22282        87
   21916     22379        26
   21943     22406        95
   22039     22502       950
   22990     23453       110
   23101     23564       826
   23928     24391       232
   24161     24624        29
   24191     24654        71
   24263     24726        92
   24356     24819        56
   24413     24876        44
   24458     24921        62
   24521     24984        43
   24617     25077       147
   24765     25225        40
   24806     25266        99
   24906     25366        74
   24976     25441       313
   25290     25755       439
   25730     26195       368
   26099     26564        29
   26129     26594       113
   26244     26709        43
   26288     26753       122
   26411     26876       149
   26561     27026        32
   26597     27062       140
   26738     27203       138
   26896     27361       145
   27042     27507        32
   27071     27530        69
   27120     27528        23
   27143     27602        21
   27165     27624        63
   27229     27688        43
   27278     27737        40
   27320     27779        41
   27362     27821        20
   27383     27842       204
   27588     28047        88
   27695     28154        52
   27748     28207       179
   27928     28387       203
   28153     28612        29
   28183     28642        47
   28231     28690        42
   28274     28733       103
   28378     28837        21
   28412     28871        54
   28467     28926        28
   28496     28955        65
   28562     29021        24
   28587     29046       138
   28737     29196       199
   28937     29396       107
   29045     29504       176
   29222     29681       338
   29561     30020        27
   29589     30048        25
   29637     30087        46
   29684     30134        23
   29708     30158        36
   29752     30204        21
   29762     30222        22
   29812     30272        49
   29889     30349       176
   30066     30526       215
   30282     30742        74
   30357     30817        53
   30411     30871        53
   30465     30925       184
   30712     31164        42
   30755     31207        50
   30816     31268       178
   31010     31462        89
   31100     31552       119
   31220     31672       179
   31400     31852       247
   31675     32126        49
   31727     32173       131
   31869     32319        24
   31894     32344        88
   31989     32439        57
   32055     32505        27
   32102     32546        56
   32159     32603        35
   32186     32631       276
   32473     32920       143
   32617     33064        27
   32645     33092        21
   32667     33114        71
   32739     33186        20
   32760     33207        21
   32782     33229       327
   33110     33557       123
   33234     33681       205
   33439     33888        87
   33527     33971        75
   33614     34058       115
   33730     34174        26
   33784     34240       315
   34100     34556       255
   34356     34812       173
   34543     34999        94
   34638     35094       152
   34789     35948        51
   34841     36000       188
   35030     36189        38
   35069     36228       113
   35183     36342        20
   35199     36380        23
   35253     36402       155
   35409     36558        21
   35411     36572        20
   35436     36597        66
   35551     36708        41
   35593     36750        68
   35679     36835       135
   35821     36977       263
   36118     37274        49
   36178     37334       178
   36357     37513        92
   36450     37606        56
   36507     37663       278
   36804     37960        23
   36828     37984       482
   37311     38467       196
   37508     38664       126
   37635     38791       125
   37761     38917       229
   37991     39147        57
   38049     39205        41
   38091     39247       465
   38557     39713       311
   38869     40025        98
   38971     40127       185
   39157     40313        26
   39184     40340       125
   39310     40466       479
   39790     40946        59
   39850     41006        47
   39898     41054       191
   40090     41246        86
   40177     41333        55
   40233     41389       105
   40339     41495       110
   40450     41606        65
   40524     41680       120
   40645     41801        83
   40729     41885        51
   40775     41935        24
   40804     41948        69
   40888     42030        36
   40925     42067        25
   40969     42111        35
   41045     42187        27
   41073     42215        59
   41122     42271        56
   41179     42328        26
   41212     42363        64
   41277     42428        94
   41388     42539        52
   41441     42592        97
   41539     42690        32
   41572     42723        64
   41637     42788        57
   41695     42846        46
   41751     42902       469
   42221     43372        35
   42259     43408       281
   42540     43684        78
   42630     43775        99
   42730     43875       118
   42849     43994        91
   42941     44086        79
   43025     44164       151
   43177     44316        36
   43225     44364        21
   43247     44386        20
   43259     44401        94
   43362     44504        52
   43415     44557        98
   43529     44666        82
   43612     44749        59
   43672     44809        42
   43735     44867        72
   43813     44945        26
   43840     44972        62
   43903     45035        31
   43948     45080        47
   43996     45128        32
   44029     45161       132
   44182     45309        25
   44224     45351        34
   44279     45401        55
   44335     45457        24
   44360     45482        56
   44417     45539       108
   44545     45667       124
   44670     45792       206
   44877     45999       109
   44987     46109        58
   45046     46164       116
   45163     46281        26
   45190     46317        50
   45241     46368        92
   45326     46451       159
   45486     46611        33
   45529     46663        59
   45624     46753        77
   45702     46831        20
   45723     46852        31
   45774     46903        43
   45818     46947        54
   45900     47029        71
   45962     47092        61
   46024     47154       144
   46177     47302       136
   46314     47439        67
   46398     47507        25
   46440     47550        36
   46483     47593        20
   46504     47614        45
   46577     47690        84
   46662     47775        44
   46744     47815        22
   46766     47832        51
   46810     47881        74
   46885     47956        32
   46918     47989        31
   46995     48067       146
   47133     48204        64
   47207     48299        55
   47324     48409        26
   47364     48449        69
   47444     48529        64
   47515     48600        39
   47556     48640        31
   47587     48670       102
   47690     48773        56
   47747     48830       206
   47966     49049        71
   48038     49121       180
   48219     49302        28
   48258     49341        22
   48281     49366        32
   48327     49412        29
   48357     49442        89
   48447     49532        95
   48543     49628       158
   48702     49787        89
   48804     49889        93
   48898     49983       159
   49058     50143       230
   49292     50377       350
   49643     50728        36
   49680     50766        28
   49722     50803        41
   49762     50851        46
   49808     50893        23
   49827     50913        49
   49877     50963        36
   50098     50999       105
   50216     51117        53
   50271     51172       293
   50565     51466       417
   50983     51884        41
   51025     51926        65
   51091     51992       492
   51584     52485        62
   51647     52548        38
   51686     52587        81
   51768     52669       360
   52144     53045       119
   52264     53165       221
   52486     53387        86
   52573     53474        32
   52606     53507        35
   52642     53543       101
   52739     53637       379
   53119     54017        29
   53149     54047        66
   53234     54132       109
   53336     54233       294
   53647     54544        30
   53678     54575        21
   53700     54597        22
   53723     54620        57
   53781     54678        42
   53823     54716       121
   53942     54832        21
   53964     54854        71
   54036     54926       296
   54333     55223        42
   54376     55266        35
   54427     55317       119
   54547     55437       272
   54820     55710        41
   54862     55752        32
   54914     55804       370
   55285     56175        41
   55327     56217        26
   55354     56244       119
   55520     56387        25
   55546     56413        70
   55622     56488        95
   55726     56591        21
   55784     56643       109
   55894    134733       182
   55989     56847       128
   56118     56976        66
   56214     57837        22
   56258     57871       209
   56468     58081        52
   56521     58134        40
   56572     58185        39
   56629     58242       119
   56749     58362       119
   56869     58482        51
   56930     58543       118
   57049     58662        25
   57075     58688        41
   57117     58730       173
   57291     58904        97
   57454     59067        69
   57600     59215        70
   57675     59283       484
   58160     59768       216
   58377     59985        23
   58401     60009        83
   58485     60093        92
   58587     60191        28
   58616     60220        23
   58640     60244        44
   58691     60295        67
   58759     60363       163
   58923     60527       191
   59133     60737        71
   59205     60809       107
   59313     60917       119
   59433     61037       105
   59539     61143       198
   59738     61342        66
   59805     61409        28
   59846     61450        28
   59875     61479        23
   59899     61503        22
   59939     61537       118
   60052     61655        35
   60088     61691        70
   60181     61789        26
   60218     61826        23
   60234     61841        36
   60262     61871        94
   60357     61966       133
   60486     62094        64
   60548     62150        69
   60618     62220       137
   60756     62358       181
   60938     62540       221
   61160     62762       222
   61383     62985       152
   61547     63131        39
   61629     63212       134
   61771     63358        22
   61803     63390        45
   61849     63436       156
   62065     63658        38
   62104     63697        59
   62156     63747        39
   62244     63835        38
   62326     63902        56
   62383     63959        36
   62420     63996       111
   62532     64108        62
   62595     64171        23
   62634     64210        23
   62659     64235       110
   62770     64346       145
   62982     64554        24
   63007     64579       157
   63165     64737        32
   63198     64770       127
   63326     64898        51
   63399     64950        76
   63526     65077        30
   63625     65172       146
   63772     65319        79
   63852     65404        65
   63918     65470        26
   63952     65504        39
   63992     65544        27
   64030     65583       108
   64130     65682        81
   64229     65781       225
   64455     66007        43
   64509     66061        50
   64560     66112        41
   64599     66152        75
   64694     66244       137
   64832     66382       203
   65036     66586        29
   65066     66616        62
   65129     66679        45
   65175     66725        67
   65243     66793        45
   65289     66839        60
   65350     66900       283
   65634     67184       310
   65942     67493        98
   66062     67613       127
   66199     67751        89
   66300     67853        21
   66322     67875        63
   66395     67949        94
   66501     68055        48
   66550     68104       167
   66718     68272       151
   66870     68424       140
   67011     68565        36
   67048     68602        83
   67132     68686       248
   67383     68933        45
   67429     68979        35
   67456     69032        34
   67520     69096       242
   67776     69346       357
   68134     69704       687
   68822     70392       155
   68978     70548        50
   69029     70599        40
   69070     70640        87
   69158     70728       193
   69352     70922        29
   69382     70952        32
   69419     70980        50
   69470     71031        50
   69521     71082       147
   69681     71242       244
   69926     71487       137
   70064     71625        59
   70135     71696        82
   70218     71779       206
   70417     71977       104
   70522     72082        34
   70557     72117        32
   70583     72149       122
   70706     72272        34
   70750     72314       120
   70879     72443        22
   70902     72466        53
   70956     72520        57
   71017     72581        68
   71086     72650       302
   71389     72953       313
   71709     73273        23
   71733     73297        72
   71821     73385       259
   72112     73676        20
   72132     73701       292
   72439     74008        26
   72470     74039        22
   72493     74062       317
   72827     74396        79
   72907     74476       147
   73072     74641        23
   73116     74685        40
   73156     74726        36
   73182     74760        48
   73246     74836       144
   73391     74981        69
   73473     75063        76
   73550     75140        50
   73614     75204        53
   73668     75258       255
   73924     75514        64
   73989     75579       101
   74097     75687        47
   74145     75735        29
   74175     75765        56
   74232     75822       127
   74359     75944        47
   74407     75992       230
   74638     76223       219
   74858     76436        38
   74897     76475        20
   74921     76494        60
   74982     76555        61
   75044     76617       108
   75159     76733        61
   75211     76786        39
   75251     76826       165
   75417     76992        92
   75516     77091        45
   75552     77128        24
   75620     77195        94
   75715     77290        92
   75823     77398        25
   75849     77424        77
   75927     77502        87
   76027     77602        92
   76116     77695        47
   76180     77760       111
   76292     77872        71
   76364     77944        38
   76407     77987       127
   76535     78115       121
   76659     78235        71
   76731     78307        65
   76811     78387       217
   77029     78605        95
   77125     78701        66
   77212     78793        50
   77268     78857        81
   77350     78939        32
   77400     78992       323
   77771     79363        20
   77792     79384        38
   77840     79432        88
   77950     79542       117
   78060     79658        38
   78107     79706        83
   78191     79790        70
   78281     79876        54
   78336     79931        35
   78372     79967        20
   78414     80009       303
   78738     80333       381
   79120     80715        74
   79195     80790        35
   79231     80826        98
   79330     80925       186
   79535     81132        95
   79631     81228        23
   79655     81252        68
   79724     81321       162
   79882     81477        83
   79966     81561       431
   80398     81993       649
   81048     82643      1398
   82447     84042       211
   82659     84254       220
   82880     84475       538
   83419     85014       702
   84120     85720        23
   84144     85744       102
   84239     85838        81
   84321     85920        61
   84399     85994       239
   84639     86234       166
   84806     86401       232
   85039     86634       104
   85144     86739       418
   85563     87158       914
   86478     88073       236
   86715     88310      2598
   89314     90909       403
   89718     91313       147
   89866     91461        49
   89922     91515       136
   90059     91652       592
   90652     92245        52
   90705     92298       211
   90917     92510       190
   91108     92701       216
   91325     92918      1398
   92724     94317        56
   92781     94374       674
   93456     95049       150
   93607     95200       680
   94288     95881       132
   94415     96014       396
   94812     96411       422
   95235     96834      1239
   96475     98074        52
   96528     98127       176
   96705     98304      1330
   98038     99638       328
   98367     99967       976
   99344    100944        89
   99448    101048       120
   99569    101168       241
   99810    101424        27
   99847    101461       203
  100051    101665       119
  100171    101785        97
  100272    101887        35
  100308    101923        47
  100356    101971        86
  100443    102058        53
  100497    102112       250
  100748    102363        41
  100787    102403        37
  100825    102441        79
  100905    102521        75
  100981    102597        38
  101020    102636        41
  101062    102678        30
  101093    102714        22
  101116    102737        28
  101149    102765       104
  101254    102870        74
  101329    102945        62
  101392    103008        41
  101434    103050        22
  101463    103079        42
  101506    103122        45
  101552    103168        74
  101627    103243        50
  101680    103296       176
  101857    103473       159
  102017    103633        58
  102076    103692       120
  102211    103827        53
  102265    103881        35
  102301    103917       311
  102613    104229        50
  102664    104280        83
  102753    104369       225
  102979    104595       200
  103180    104796       215
  103408    105012        49
  103458    105062        49
  103524    105128        23
  103555    105159        25
  103593    105197        24
  103692    105290        43
  103736    105330        28
  103765    105359        33
  103821    105391        66
  103888    105458        24
  103938    105518        25
  103976    105542        66
  104054    105610        32
  104130    105682        43
  104180    105732        38
  104219    105771       194
  104417    105969        47
  104454    106010        39
  104497    106053        31
  104529    106085        38
  104617    106166        81
  104708    106257        63
  104772    106321        66
  104839    106388        99
  104947    106496        28
  104969    106524        43
  105021    106570        42
  105054    106604        35
  105090    106640        61
  105152    106702       135
  105288    106838        57
  105346    106896        79
  105426    106976        26
  105454    107004        75
  105534    107084        56
  105591    107141        98
  105690    107240        95
  105786    107336       125
  105920    107470        30
  105955    107505        68
  106024    107574        29
  106054    107604       205
  106278    107828        49
  106363    107913        21
  106385    107935        80
  106478    108028       262
  106756    108306       135
  106892    108442       239
  107132    108682       236
  107369    108919        53
  107423    108973        38
  107462    109012        53
  107516    109066       203
  107720    109270        35
  107756    109306        44
  107801    109351        94
  107896    109446        39
  107936    109486       147
  108092    109648        37
  108130    109686       197
  108328    109884        74
  108418    109973        57
  108476    110031        20
  108607    110160        36
  108649    110202        26
  108676    110229        38
  108729    110287        33
  108772    110331        34
  108822    110381       102
  108925    110484        20
  108946    110505       233
  109177    110737        57
  109235    110795        28
  109264    110824        63
  109328    110888       192
  109521    111081        37
  109559    111119       266
  109826    111386       113
  109965    111524        30
  110010    111569        28
  110039    111598        21
  110061    111620        23
  110107    111653        74
  110182    111728       234
  110417    111963        34
  110452    111998       177
  110630    112176       101
  110732    112278        32
  110760    112310        56
  110817    112367        68
  110886    112436       143
  111030    112580       134
  111165    112715        65
  111231    112781        38
  111270    112820       161
  111465    113015        74
  111540    113090        26
  111570    113120        48
  111622    113177        35
  111660    113215        31
  111714    113263        49
  111767    113317       157
  111929    113479        94
  112047    113578        31
  112135    113666        40
  112177    113708        33
  112219    113751        24
  112255    113787        95
  112349    113882       266
  112616    114149        32
  112649    114182        29
  112679    114212       122
  112808    114341        35
  112844    114377        23
  112869    114402       131
  113001    114534        26
  113028    114561        29
  113073    114606        38
  113112    114645        20
  113133    114666        20
  113154    114687       112
  113267    114800        27
  113309    114842        21
  113337    114870        56
  113394    114927        41
  113436    114969        74
  113511    115044       116
  113628    115161        74
  113703    115236        68
  113781    115314       113
