> gi|442568970|gb|KC180802.1|
      22     88593        21
      46     88617        21
      94     88665        21
     116     88687        47
     164     88735        34
     251     88822        21
     273     88844        22
     296     88867        72
     384     88955        40
     425     88996        23
     449     89020        72
     522     89093        39
     593     89162        27
     621     89190       100
     732     89301        28
     783     89352        53
     874     89442       356
    1231     89799        29
    1261     89829        84
    1346     89914        35
    1387     89955        22
    1418     89986        26
    1445     90013        56
    1513     90087        82
    1625     90203        21
    1647     90225        24
    1687     90265        31
    1719     90297        34
    1937     90521        91
    2029     90613        34
    2169     90744        23
    2244     90819        26
    2297     90872        66
    2384     90959        52
    2441     91016        59
    2528     91103        41
    2582     91163        32
    2632     91213        56
    2690     91271        43
    2775     91356        23
    2931     91512        27
    2978     91559        26
    3038     91619        50
    3105     91686        21
    3127     91708        22
    3166     91747        47
    3215     91796        38
    3301     91882        27
    3330     91911        60
    3417     91995        26
    3473     92051        21
    3500     92069        27
    3536     92105        38
    3605     92180        44
    3681     92262        24
    3722     92303        22
    3761     92342        32
    3837     92418        26
    3917     92498        67
    3989     92570        29
    4039     92620        29
    4077     92667        35
    4113     92703        27
    4170     92760        32
    4205     92801        49
    4255     92851        30
    4312     92908        39
    4352     92948        32
    4406     93002        47
    4484     93080        21
    4521     93117        40
    4590     93186        20
    4637     93233        20
    4672     93268        28
    4721     93338        28
    4768     93385        22
    4794     93411        62
    4863     93480        22
    4953     93576        64
    5018     93641        34
    5058     93681        96
    5206     93829        26
    5234     93857        28
    5267     93890        20
    5335     93952        68
    5476     94093        48
    5552     94169        26
    5598     94221        56
    5655     94278        24
    5680     94303        24
    5705     94328        36
    5740     94369        21
    5762     94391        21
    5789     94418        25
    5815     94444        24
    5856     94482        44
    5965     94582        84
    6100     94717        25
    6169     94786        38
    6274     94888        35
    6404     95036        27
    6473     95114        52
    6542     95183        83
    6626     95267        45
    6672     95313        25
    6698     95339        74
    6780     95421        21
    6822     95463        40
    6941     95585        20
    6962     95606        29
    6992     95636        32
    7025     95669        28
    7238     95876        80
    7378     96025        21
    7400     96047        33
    7434     96081        22
    7457     96104        51
    7511     96158        50
    7571     96218        22
    7596     96243        34
    7631     96278        50
    7689     96336        27
    7725     96372        24
    7750     96397        21
    7772     96419        28
    7801     96448        24
    7849     96496        38
    7888     96535        55
    7955     96602        31
    7987     96637        33
    8021     96671        43
    8160     96810        20
    8257     96934        67
    8393     97067        34
    8434     97114        35
    8543     97223        26
    8716     97378        35
    8770     97432        26
    8797     97459        20
    8818     97480        30
    8849     97511        35
    8944     97610        23
    9005     97671        20
    9057     97723        21
    9079     97745        26
    9137     98098        28
    9204     98165        21
    9332     98310        29
    9371     98357        25
    9440     98427        20
    9570     98503        97
    9706    100706        63
    9792    100793        67
    9869    100870        20
    9888    100884        78
   10009    101008        70
   10096    101095        26
   10138    101137        21
   10166    101176        29
   10210    101220        72
   10283    101293        20
   10334    101358        38
   10508    101560        25
   10547    101610        29
   10577    101640        22
   10608    101699        23
   10632    101723        27
   10660    101751       109
   10771    101862        73
   10846    101937        61
   10908    101999        32
   10941    102032        47
   11009    102100        30
   11055    102146        45
   11162    102247        39
   11195    102284        52
   11267    102356        34
   11302    102391        56
   11359    102448        30
   11413    102509        36
   11457    102554        63
   11542    102644        23
   11578    102680        51
   11630    102732        27
   11658    102760        28
   11687    102789        81
   11784    102886        27
   11813    102915        54
   11868    102970       159
   12077    103179        26
   12108    103210        35
   12144    103246        23
   12206    103308        28
   12300    103405        20
   12520    103676        29
   12560    103727        35
   12608    103775        34
   12643    103810        24
   12708    103875        28
   12782    103958        32
   13112    104301        34
   13153    104342        24
   13223    104410        24
   13280    104466        24
   13305    104491        24
   13336    104724        20
   13424    104818        20
   13467    104869        25
   13500    104903        61
   13626    105029        42
   13674    105077        26
   13701    105104        22
   13761    105164       115
   13877    105280        31
   13909    105311        90
   14012    105414       275
   14288    105690       228
   14534    105936       243
   14784    106186       101
   14893    106295        70
   14964    106366        71
   15036    106438       141
   15178    106580        49
   15228    106630        51
   15296    106698        41
   15420    106817        43
   15511    106906        20
   15596    106985       107
   15704    107093        51
   15791    107178        27
   15819    107206        28
   15852    107239        32
   15890    107277        69
   15999    107392        28
   16033    107426        47
   16074    107465        38
   16129    107520        27
   16167    107558        56
   16224    107617        27
   16251    107640        29
   16281    107670       103
   16383    107774        21
   16405    107796        33
   16456    107847        32
   16489    107880        60
   16555    107953        72
   16629    108032        20
   16656    108059       172
   16859    108262        38
   16898    108301        25
   16974    108378        39
   17022    108426        29
   17066    108470        24
   17091    108495        36
   17128    108532        21
   17167    108571        33
   17212    108616        41
   17331    108732        51
   17389    108786        26
   17416    108813        80
   17507    108904        21
   17529    108926        39
   17581    108978        41
   17640    109037        25
   17736    109103        73
   17810    109177        32
   17843    109210        24
   17868    109235        70
   17951    109316        91
   18101    109465        41
   18143    109507        63
   18207    109571        95
   18318    109686       352
   18671    110039        20
   18699    110067        90
   18815    110183       128
   18944    110312        41
   19012    110380        97
   19110    110478        71
   19205    110570        36
   19262    110624        33
   19313    110675        29
   19343    110705        32
   19377    110738       134
   19512    110869        38
   19551    110908       176
   19728    111085        49
   19779    111136        37
   19825    111181        25
   19870    111226        40
   19919    111275        78
   19998    111354       252
   20251    111607       172
   20424    111780        84
   20509    111865        48
   20598    111954        38
   20637    111993        52
   20690    112046        27
   20718    112074        25
   20744    112100        44
   20833    112189        44
   20878    112234        40
   20919    112275        22
   20965    112322       100
   21066    112423        79
   21217    112585        23
   21274    112652        35
   21310    112690        26
   21347    112727        26
   21374    112754        51
   21459    112840        30
   21493    112874        20
   21590    112986        24
   21682    113086        29
   21769    113194        21
   21959    113421        42
   22031    113493        23
   22057    113519        31
   22124    113586        24
   22183    113640        36
   22264    113721        20
   22409    113866        37
   22455    113912        47
   22631    114097        20
   22678    114144        20
   22717    114177        35
   22785    114245        54
   22842    114302        20
   22863    114323        22
   22886    114346        30
   23026    114504        24
   23182    114663        21
   31245    134795        20
   31310    134860        36
   31381    134926        24
   31441    134986        31
   31475    135020        23
   31528    135073        42
   31739    135321        21
   31818    135421        29
   31915    135526        24
   32016    135642        20
   32040    135666        30
   32104    135731        51
   32156    135783        26
   32193    135820        26
   32220    135849        35
   32289    135928        23
   32384    136034        79
   32464    136114       100
   32588    136239        22
   32611    136262        40
   32652    136303        44
   32741    136392        44
   32786    136437        25
   32812    136463        27
   32840    136491        52
   32893    136544        38
   32972    136623        48
   33021    136672        84
   33106    136757       172
   33279    136930       252
   33532    137183        78
   33619    137270        40
   33679    137330        25
   33713    137363        37
   33752    137402        49
   33802    137452       176
   33979    137629        38
   34018    137664       134
   34154    137799        32
   34187    137832        29
   34234    137879        33
   34288    137930        36
   34348    137987        71
   34420    138059        97
   34544    138183        41
   34586    138225       128
   34740    138379        90
   34838    138477        20
   34859    138498       352
   35227    138870        95
   35323    138966        63
   35387    139030        41
   35487    139129        91
   35591    139231        70
   35662    139302        24
   35687    139327        32
   35720    139360        73
   35864    139474        25
   35907    139517        41
   35961    139571        39
   36001    139611        21
   36033    139643        80
   36114    139724        26
   36147    139753        51
   36276    139879        41
   36329    139932        33
   36380    139983        21
   36402    140005        36
   36439    140042        24
   36478    140081        29
   36516    140119        39
   36606    140210        25
   36632    140236        38
   36701    140305       172
   36880    140484        20
   36902    140511        72
   36980    140596        60
   37041    140657        32
   37091    140707        33
   37125    140741        21
   37145    140763       103
   37249    140867        29
   37278    140892        27
   37306    140922        56
   37373    140989        27
   37417    141033        38
   37449    141063        47
   37502    141116        28
   37570    141190        69
   37645    141265        32
   37682    141302        28
   37711    141331        27
   37774    141392        51
   37826    141444       107
   37998    141610        20
   38066    141676        43
   38192    141797        41
   38250    141855        51
   38302    141907        49
   38352    141957       141
   38494    142099        71
   38566    142171        70
   38644    142249       101
   38752    142357       243
   39013    142618       228
   39242    142847       275
   39530    143135        90
   39621    143225        31
   39653    143257       115
   39806    143410        22
   39829    143433        26
   39861    143465        42
   39968    143572        61
   40037    143642        25
   40085    143698        20
   40173    143792        20
   40200    144021        24
   40225    144046        24
   40282    144102        24
   40352    144170        24
   40383    144201        34
   40715    144546        32
   40793    144633        28
   40862    144702        24
   40887    144727        34
   40934    144774        35
   40980    144831        29
   41209    145111        20
   41295    145200        28
   41362    145267        23
   41386    145291        35
   41426    145331        26
   41502    145407       159
   41662    145567        54
   41718    145623        27
   41761    145666        81
   41843    145748        28
   41872    145777        27
   41900    145805        51
   41964    145869        23
   42009    145919        63
   42080    145991        36
   42140    146058        30
   42171    146089        56
   42228    146146        34
   42282    146200        52
   42328    146250        39
   42429    146345        45
   42490    146406        30
   42541    146457        47
   42589    146505        32
   42622    146538        61
   42685    146601        73
   42760    146676       109
   42870    146786        27
   42898    146814        23
   42930    146874        22
   42953    146897        29
   42996    146951        25
   43157    147140        38
   43226    147223        20
   43247    147244        72
   43334    147331        29
   43370    147378        21
   43407    147415        26
   43450    147458        70
   43563    147574        78
   43640    147646        20
   43670    147676        67
   43760    147767        63
   43862    149936        97
   44069    150089        20
   44133    150154        25
   44168    150197        29
   44304    150350        21
   44364    150410        28
   44424    150765        26
   44451    150792        21
   44504    150845        20
   44562    150903        23
   44645    150990        35
   44681    151026        30
   44712    151057        20
   44733    151078        26
   44778    151123        35
   44960    151287        26
   45060    151387        35
   45102    151435        34
   45205    151535        67
   45349    151706        20
   45465    151822        43
   45509    151866        33
   45543    151903        31
   45586    151946        55
   45642    152002        38
   45704    152064        24
   45729    152089        28
   45758    152118        21
   45780    152140        24
   45813    152173        27
   45848    152208        50
   45899    152259        34
   45936    152296        22
   45968    152328        50
   46021    152381        51
   46073    152433        22
   46096    152456        33
   46130    152490        21
   46211    152580        80
   46476    152839        28
   46505    152868        32
   46538    152901        29
   46568    152931        20
   46667    153033        40
   46728    153094        21
   46757    153123        74
   46832    153198        25
   46858    153224        45
   46904    153270        83
   47004    153370        52
   47098    153473        27
   47220    153613        35
   47322    153712        38
   47404    153794        25
   47480    153870        84
   47629    154010        44
   47690    154068        24
   47715    154093        25
   47746    154124        21
   47768    154146        21
   47788    154172        36
   47825    154209        24
   47850    154234        24
   47875    154259        56
   47951    154341        26
   48005    154395        48
   48126    154516        68
   48242    154626        20
   48267    154651        28
   48297    154681        26
   48375    154759        96
   48477    154861        34
   48512    154896        64
   48644    155034        22
   48673    155063        62
   48739    155129        22
   48780    155170        28
   48829    155240        28
   48872    155283        20
   48919    155330        20
   48968    155379        40
   49024    155435        21
   49076    155487        47
   49145    155556        32
   49178    155589        39
   49244    155655        30
   49275    155686        49
   49327    155744        32
   49389    155806        27
   49417    155834        35
   49461    155887        29
   49511    155937        29
   49545    155971        67
   49666    156092        26
   49736    156162        32
   49785    156211        22
   49824    156250        24
   49880    156312        44
   49955    156393        38
   50002    156440        27
   50035    156464        21
   50086    156515        26
   50139    156565        60
   50201    156627        27
   50276    156702        38
   50316    156742        47
   50380    156806        22
   50403    156829        21
   50441    156867        50
   50525    156951        26
   50571    156997        27
   50731    157157        23
   50796    157222        43
   50841    157267        56
   50915    157341        32
   50960    157392        41
   51029    157461        59
   51093    157525        52
   51166    157598        66
   51259    157691        26
   51337    157769        23
   51466    157889        34
   51501    157924        91
   51776    158205        34
   51811    158240        31
   51858    158287        24
   51883    158312        21
   51934    158367        82
   52028    158467        56
   52085    158524        26
   52120    158559        22
   52148    158587        35
   52184    158623        84
   52269    158708        29
   52299    158738       356
   52693    159131        53
   52769    159207        28
   52808    159246       100
   52909    159347        27
   52968    159404        39
   53008    159444        72
   53081    159517        23
   53105    159541        40
   53161    159597        72
   53234    159670        22
   53257    159693        21
   53331    159767        34
   53366    159802        47
   53414    159850        21
   53462    159898        21
   53486    159922        21
   53557     32097        21
   77112      8831        28
   94764     48713        30
  101869    118422        21
  102381     88328        24
