> gi|442566390|gb|KC180772.1|
     237       684        32
     282       729        23
     306       753        20
     329       776        21
     351       798        26
     468       915        59
     528       975        20
     567      1014        20
     672      1119       101
     774      1221        37
     828      1275        26
     915      1362        25
     957      1404        35
    1014      1461        38
    1053      1500        32
    1122      1569        34
    1386      1876        51
    1474      1965        26
    1903      2395        22
    2362      2854        26
    2631      3126        20
    3890      4429        30
    4635      5167        20
    4662      5194        23
    4686      5218        29
    4745      5280        21
    5082      5672        22
    5523      6106        44
    5568      6151        29
    7122      7551        27
    7169      7598        26
    7701      8132        33
    8122      8548        21
    8363      8814        30
    8424      8875        28
    9430     35818        30
    9523     35911        20
    9622     36010        20
    9748     36136        32
    9830     36218        22
    9901     36289        23
    9943     36331        20
   10027     36415        32
   10144     36532        50
   10201     36589        23
   10237     36625        27
   10279     36667        21
   10312     36700        44
   10357     36745        29
   10387     36775        23
   10465     36853        26
   10492     36880        27
   10522     36910        30
   10628     37016        20
   10649     37037        26
   10682     37070        29
   10727     37115        23
   10799     37187        20
   10868     37256        62
   10931     37319        23
   10965     37353        20
   11006     37394        20
   11039     37427        20
   11076     37464        28
   11114     37502        26
   11204     37592        20
   11264     37652        22
   11287     37675        21
   11321     37709        20
   11375     37763        20
   11396     37784        26
   11504     37892        32
   11549     37937        20
   11687     38075        20
   11708     38096        29
   11744     38132        20
   11819     38207        26
   12031     38502        35
   12070     38546        28
   12486     38972        20
   12579     39065        47
   13543     40189        28
   15409     27554        21
   16360     34369        26
   16401     34410        25
   38840     40331        22
   38997     40476        26
   39152     40622        39
   39203     40673        27
   39527     40981        32
   39566     41020        32
   39611     41065        35
   39719     41173        32
   39791     41245        32
   39824     41278        38
   39875     41329        20
   40181     41635        44
   40241     41695        20
   40343     41797        32
   40376     41830        23
   40418     41872        29
   40454     41908        23
   40478     41932        32
   40511     41965        23
   40571     42025        44
   40662     42116        22
   40744     44422        30
   40793     42247        20
   40880     42334        26
   40952     42406        20
   41012     42466        23
   41042     42496        20
   41149     42603        21
   41204     42658        26
   41231     42685        23
   41297     42751        20
   41318     42772        20
   41363     42817        41
   41453     42907        38
   41510     42964        59
   41583     43037        29
   41613     43067        20
   41646     43100        61
   41708     43162        45
   41781     43235        20
   41862     43316        56
   42024     43478        23
   42279     43733        23
   42408     43862        22
   42486     43940        20
   42531     43985        20
   42588     44042        38
   42711     44165        26
   42797     44251        48
   43038     44492        26
   43110     44564        20
   43134     44588        29
   43230     44684        28
   43287     44741        29
   43323     44777        23
   43374     44828        47
   43422     44876        38
   43461     44915        20
   43557     45011        29
   43632     45086        23
   43692     45146        53
   43746     45200        29
   43867     45321        21
   44037     45486        28
   44536     46136        35
   44658     46263        39
   44831     46429        26
   44897     46492        21
   44987     46569        23
   45345     46941        42
   45388     46984        20
   45511     47107        30
   45562     47158        33
   45769     47358        24
   46123     47706        26
   46156     47739        20
   46188     47771        24
   47064     48936        33
   47098     48970        38
   47670     49537        34
   47750     49617        44
   47849     49716        23
   48377     50115        38
   49257     51435        23
   49296     51474        23
   49324     51502        23
   49392     51583        24
   49648     51854        25
   49698     51904        20
   49722     51928        31
   50112     52139        59
   50757     52943        31
   50835     53021        25
   50978     53164        20
   51019     53205        21
   51068     53254        22
   51091     53277        41
   51410     53583        22
   51766     53933        20
   51840     54007        54
   52095     54264        34
   52221     54390        23
   52944     75816        20
   53396     55141        36
   53728     55462        25
   54009     55749        22
   54042     55782        20
   54080     55831        28
   54290     55973        73
   54515     56344        22
   54806     56632        31
   54981     56807        20
   55101     56927        20
   55167     56993        37
   55269     57095        23
   55389     57215        20
   55430     57256        24
   55470     57296        26
   55589     57415        21
   55629     57455        23
   55743     57569        23
   55800     57626        20
   55971     57797        20
   56100     57926        26
   56151     57977        32
   56184     58010        25
   56840     58853        21
   57139     59006        58
   57198     59065        20
   57276     59143        38
   57357     59224        29
   57525     59392        23
   57685     59552        22
   57798     59665        20
   57906     59773        26
   57972     59839        23
   58065     59932        41
   58230     60097        23
   58356     60223        21
   59597     63505        23
   60180     64134        26
   60534     64485        21
   61153     65717        23
   61975     66527        35
   62032     66584        35
   62095     66647        27
   62123     66675        22
   62149     66701        25
   62296     66848        29
   62404     66956        26
   62605     67157        20
   62728     67280        23
   62752     67304        21
   63770     68410        42
   63828     68468        22
   63986     68649        35
   64037     68700        32
   64109     68772        36
   64219     68879        20
   64297     68956        26
   64387     69046        38
   64426     69085        56
   64483     69142        24
   65754     70418        39
   66018     70688        29
   66057     70727        20
   66117     70787        20
   66248     70924        53
   66312     70988        21
   66457     71192        29
   66487     71222        53
   66959     71666        23
   67395     72147        22
   67875    118594        20
   68060     72641        39
   68100     72681        33
   68158     72739        21
   68786     73312        32
   68945     73471        23
   69084     73622        33
   69648     74272        30
   69679     74303        28
   70022     74619        27
   70395     75613        20
   70539     76631        20
   70896     76873        24
   71095     77060        30
   71225     77190        20
   71252     77217        29
   71285     77250        26
   71354     77319        20
   71393     77358        23
   71417     77382        26
   71480     77445        23
   71510     77475        21
   71591     77556        20
   71720     77685        20
   71780     77745        23
   71936     77901        24
   71984     77949        29
   72041     78006        35
   72155     78120        44
   72377     78342        20
   72428     78393        20
   72485     78450        20
   72522     78487        22
   72551     78516        24
   72790     78701        21
   72831     78742        25
   72977     78885        44
   73049     78957        20
   73370     79279        43
   73548     79465        24
   74325     80266        23
   74367     80308        51
   74466     80407        23
   74595     80536        38
   74703     80644        20
   74736     80677        29
   74841     80782        32
   74924     80865        24
   75138     81089        25
   75326     81284        23
   75808     81789        30
   75871     81852        26
   75898     81879        32
   75976     81957        20
   76087     82068        29
   76123     82104        23
   76312     82293        20
   76962     82929        23
   77016     82983        21
   77059     83026        50
   77304     83271        32
   77415     83382        23
   77539     83506        24
   77624     83588        29
   77675     83641        20
   78586     84449        27
   78938     84816        32
   79177     85049        21
   79449     85369        20
   79503     85423        31
   80007     85942        30
   80128     86063        20
   80197     86132        21
   80362     86297        24
   80668     86587        25
   81398     87248        23
   82182     88023        24
   82207     88048        24
   83436     89000        22
   83485     89049        22
   83565     89129        20
   83610     89174        21
   83691     89255        32
   83755     89319        66
   83827     89393        50
   83980     89541        31
   84014     89575        41
   84056     89617        41
   84139     89705        43
   84183     89749        40
   84247     89812        26
   84274     89839        23
   84298     89863        41
   84341     89906        23
   84375     89940       111
   84516     90081        75
   84592     90157        29
   84650     90215        30
   84681     90246        25
   84707     90272        35
   84895     90466        25
   84921     90492        65
   85020     90591        39
   85071     90642        26
   85137     90708        22
   85245     90815        22
   85352     90926        45
   85757     95820        35
   85827     95890        23
   85867     95939        58
   86167     96669        22
   86283     96785        27
   86354     96856        30
   86517     97015        28
   86994     97449        22
   87031     97486        25
   87078     97534        23
   87102     97558        21
   87124     97580        24
   87393     97825        25
   87432     97860        24
   87646     98069        27
   87796     98221        23
   87917     98351        37
   87955     98389        31
   88039     98467        32
   88138     98562        37
   89016     98842        79
   89096     98922        47
   89153     98979        26
   89313     99140        21
   89472     99292        24
   89513     99344        27
   89533    149602        42
   89561     99399        23
   89585     99421        40
   89626     99462        39
   89680     99517        22
   89707     99544        45
   89753     99590        58
   89818     99655        64
   89883     99720        33
   89965     99802        20
   89986     99823       173
   90170    100007        46
   90217    100054        52
   90270    100107        86
   90371    100208        55
   90427    100264        27
   90470    100307        62
   90533    100370        54
   90615    100440        53
   90680    100508        35
   90716    100544        33
   90750    100578        41
   90792    100620        44
   90868    100696        23
   90892    100720        27
   90920    100748        54
   90975    100803        22
   91044    100846        31
   91148    100958        21
   91227    101037        46
   91274    101084        20
   91301    101111        94
   91430    101240        53
   91499    101309        20
   91538    101348        49
   91600    101410        51
   91664    101474        41
   91706    101516        39
   91746    101556        20
   91767    101577        55
   91853    101663        34
   91888    101698        38
   91982    101801        36
   92029    101848        51
   92146    101975        27
   92203    102038        24
   92233    102068        31
   92265    102100        20
   92288    102123        20
   92309    102144        44
   92367    102202        26
   92485    102317        21
   92508    102340        39
   92560    102392        29
   92611    102443        22
   92662    102494        35
   92711    102543        24
   92764    102588        31
   92796    102624        61
   92868    102696        34
   92903    102731        23
   93005    102834        46
   93065    102894        31
   93144    102974        67
   93212    103042        57
   93270    103100        64
   93343    103173        24
   93373    103203        34
   93439    103269        85
   93579    103409        61
   93669    103504        25
   94029    104039        32
   94117    104127        22
   94195    104210        63
   94294    104310        21
   94479    104427        30
   94651    104603        21
   94698    104650        27
   94882    104847        34
   94991    104948        21
   95040    104998        23
   95266    105240        78
   95356    105329        25
   95543    105514        94
   95638    105609        25
   95664    105635        46
   95722    105693        34
   95767    105738       187
   96012    105983        41
   96054    106025        59
   96114    106085       105
   96222    106193        60
   96313    106284        37
   96361    106332       182
   96550    106521        67
   96618    106589        34
   96654    106626        23
   96713    106685        48
   96762    106734        20
   96783    106755        71
   96855    106827        41
   96897    106869        37
   97002    106973        80
   97089    107054        20
   97180    107149        48
   97240    107199        30
   97362    107324       115
   97479    107441        38
   97559    107516        35
   97605    107562        41
   97654    107610        48
   97703    107659        22
   97744    107705        21
   97766    107727        28
   97795    107756        51
   97839    107802        21
   97910    107873        32
   97943    107906        27
   97998    107963        23
   98034    107999        27
   98062    108027        35
   98096    108056        53
   98254    108217        46
   98301    108264        28
   98337    108300        61
   98399    108367        28
   98452    108419        65
   98536    108503        63
   98600    108567        34
   98672    108637        36
   98736    108701        50
   98787    108752        41
   98841    108806        23
   98865    108830        48
   98939    108905        21
   98986    108952        30
   99017    108983        23
   99079    109041        27
   99109    109071        22
   99127    109093        26
   99164    109125        75
   99280    109240        57
   99407    109374        34
   99502    109469        40
   99543    109510        35
   99635    109601       142
   99823    109789       117
   99941    109907        25
  100017    109980        20
  100047    110012        64
  100112    110072        42
  100155    110115        60
  100228    110188       156
  100389    110349        41
  100443    110403       112
  100565    110525        37
  100603    110563        32
  100644    110604        43
  100694    110654        36
  100748    110708        36
  100785    110745        33
  100824    110784        79
  100904    110864        27
  100934    110894        39
  100994    110954        39
  101115    111010        25
  101141    111032       166
  101315    111205       124
  101453    111343       127
  101582    111472        97
  101680    111570        36
  101717    111607        49
  101792    111683        89
  101895    111786        39
  101950    111841       102
  102053    111944        50
  102114    112005        30
  102145    112036       138
  102284    112175        25
  102335    112226        34
  102385    112277        39
  102432    112324        21
  102493    112395        50
  102609    112512        20
  102777    112672        62
  102840    112735        51
  102911    112806        23
  103021    112918        20
  103055    112952        22
  103078    112975        20
  103166    113064        76
  103363    113623        43
  103481    113755        88
  103676    113950        21
  103700    113974        20
  103979    114238        43
  105702    115672        20
  106306    116282        20
  106476    116452        26
  106548    116524        32
  106695    116671        47
  106908    116884        26
  107289    117265        20
  107326    117302        21
  107565    117541        20
  109243    119375        31
  109724    119888        30
  110099    120263        29
  110150    120314        23
  110594    120893        20
  110723    121022        41
  110765    121064        23
  111623    121922        20
  111724    122023        21
  111865    122164        23
  112009    122308        22
  112312    122641        29
  112360    122689        23
  113104    123233        23
  113771    123922        23
  114245    124583        53
  114308    124646        20
  114428    124766        41
  114791    125136        32
  115242    125586        26
  115269    125613        30
  116123    126491        26
  116324    126703        24
  116377    126756        22
  116445    126824        20
  116661    127040        20
  116684    127063        39
  116931    127313        21
  117103    127485        26
  117262    127644        20
  117421    127803        26
  117483    127865        21
  117802    128184        23
  117862    128244        35
  117913    128295        23
  117952    128334        26
  117985    128367        20
  119517    134720        43
  119819    135007        20
  119842    135030        21
  119970    135158        88
  120133    135335        43
  120297    135861        76
  120441    136006        20
  120462    136027        22
  120498    136063        20
  120605    136172        23
  120648    136215        51
  120700    136267        62
  120910    136469        20
  120996    136556        50
  121086    136656        21
  121115    136685        39
  121170    136741        34
  121230    136801        25
  121256    136827       138
  121395    136966        30
  121436    137007        50
  121487    137058       102
  121605    137176        39
  121658    137229        89
  121773    137345        49
  121823    137395        36
  121860    137432        97
  121959    137531       127
  122100    137672       124
  122232    137803       166
  122399    137966        25
  122506    138008        39
  122566    138068        39
  122608    138110        27
  122636    138138        79
  122721    138223        33
  122755    138257        36
  122809    138311        36
  122852    138354        43
  122904    138406        32
  122937    138439        37
  122984    138486       112
  123109    138611        41
  123155    138657       156
  123324    138826        60
  123385    138887        42
  123428    138925        64
  123502    139001        20
  123573    139069        25
  123599    139095       117
  123762    139258       142
  123961    139456        35
  123997    139492        40
  124098    139593        34
  124202    139704        57
  124300    139801        75
  124386    139882        26
  124408    139908        22
  124433    139933        27
  124499    139995        23
  124523    140019        30
  124579    140075        21
  124626    140123        48
  124675    140172        23
  124711    140208        41
  124753    140250        50
  124831    140328        36
  124905    140400        34
  124940    140435        63
  125022    140517        65
  125112    140606        28
  125141    140640        61
  125210    140709        28
  125239    140738        46
  125390    140892        53
  125442    140939        35
  125478    140975        27
  125518    141015        23
  125569    141068        27
  125597    141096        32
  125679    141178        21
  125693    141194        51
  125745    141246        28
  125774    141275        21
  125814    141320        22
  125837    141343        48
  125893    141398        41
  125945    141450        35
  126022    141522        38
  126062    141562       115
  126269    141772        30
  126311    141804        48
  126430    141927        20
  126457    141948        80
  126605    142095        37
  126643    142133        41
  126685    142175        71
  126757    142247        20
  126778    142268        48
  126862    142352        23
  126887    142378        34
  126922    142413        67
  126996    142487       182
  127189    142680        37
  127257    142748        60
  127320    142811       105
  127426    142917        59
  127486    142977        41
  127585    143076       187
  127783    143274        34
  127829    143320        46
  127876    143367        25
  127902    143393        94
  128158    143647        25
  128195    143683        78
  128476    143980        23
  128527    144032        21
  128623    144120        34
  128814    144324        27
  128867    144377        21
  129030    144544        30
  129224    144670        21
  129281    144728        63
  129400    144852        22
  129478    144930        32
  129845    145472        25
  129899    145531        61
  130015    145647        85
  130132    145764        34
  130172    145804        24
  130205    145837        64
  130270    145902        57
  130328    145960        67
  130443    146076        31
  130488    146121        46
  130613    146247        23
  130637    146271        34
  130682    146316        61
  130744    146382        31
  130804    146434        24
  130842    146472        35
  130906    146536        22
  130950    146580        29
  130992    146622        39
  131033    146663        21
  131146    146773        26
  131186    146813        44
  131231    146858        20
  131254    146881        20
  131275    146902        31
  131312    146939        24
  131366    146999        27
  131459    147102        51
  131521    147164        36
  131613    147265        38
  131652    147304        34
  131717    147369        55
  131773    147425        20
  131794    147446        39
  131834    147486        41
  131888    147540        51
  131952    147604        49
  132020    147672        20
  132056    147708        53
  132144    147796        94
  132245    147897        20
  132266    147918        46
  132370    148022        21
  132464    148124        31
  132542    148176        22
  132565    148199        54
  132620    148254        27
  132648    148282        23
  132703    148337        44
  132748    148382        41
  132790    148424        33
  132824    148458        35
  132871    148508        53
  132952    148577        54
  133007    148632        62
  133085    148710        27
  133113    148738        55
  133183    148808        86
  133270    148895        52
  133323    148948        46
  133380    149005       173
  133554    149179        20
  133623    149248        33
  133657    149282        64
  133728    149353        58
  133787    149412        45
  133837    149462        22
  133874    149500        39
  133914    149540        40
  133955    149579        23
  133964     99357        42
  133999    149630        27
  134043    149685        24
  134205    149840        21
  134360    149996        26
  134396    150032        47
  134444    150080        79
  135364    150402        37
  135468    150502        32
  135553    150581        31
  135585    150613        37
  135720    150757        23
  135866    150905        27
  136083    151117        24
  136121    151151        25
  136391    151397        24
  136416    151422        21
  136438    151444        23
  136483    151490        25
  136523    151530        22
  136994    151958        28
  137155    152115        30
  137229    152189        27
  137350    152310        22
  137614    153004        58
  137689    153088        23
  137747    153146        35
  138142    158030        45
  138272    158164        22
  138380    158271        22
  138553    158444        65
  138619    158510        25
  138797    158694        35
  138833    158730        25
  138859    158756        30
  138918    158815        29
  138948    158845        75
  139053    158950       111
  139175    159072        23
  139200    159097        41
  139242    159139        23
  139266    159163        26
  139316    159212        40
  139357    159253        43
  139442    159343        41
  139484    159385        41
  139528    159429        31
  139662    159558        50
  139718    159616        66
  139816    159714        32
  139908    159806        21
  139954    159852        20
  140032    159930        22
  140081    159979        22
  140226         1        76
