> gi|474452054|gb|KC561139.1|
     164       555        26
     191       582        23
     218       609        41
     260       651        20
     284       675        23
     308       699        20
     353       744        26
     410       801        26
     449       840        20
     473       864        20
     494       885        31
     569       960        20
     608       999        25
     689      1080        44
     776      1167        38
     959      1350        29
     995      1386        20
    1016      1407        20
    1124      1515        34
    1397      1790        35
    1713      2103        22
    1898      2285        22
    1943      2330        21
    3471      3832        28
    3623      3960        21
    3780      4165        27
    3867      4252        23
    3895      4280        26
    4584      5113        26
    4633      5162        37
    4695      5224        32
    4759      5289        22
    5499      6079        44
    5544      6124        21
    5616      6184        24
    6308      7397        28
    6880      7961        33
    7313      8160        21
    7535      8377        32
    7576      8418        50
    8616     33863        21
    8645     33892        29
    8735     33982        23
    8768     34015        20
    8789     34036        23
    8837     34084        20
    8912     34159        24
    8951     34198        38
    9099     34346        40
    9155     34402        41
    9227     34474        23
    9251     34498        23
    9359     34606        20
    9410     34657        29
    9440     34687        39
    9494     34741        21
    9593     34840        32
    9680     34927        54
    9737     34984        30
    9840     35087        38
    9946     35193        22
    9996     35243        20
   10122     35369        23
   10170     35417        30
   10245     35492        26
   10296     35543        23
   10542     35789        23
   10587     35834        50
   10677     35924        32
   10764     36011        20
   10794     36041        47
   10878     36125        29
   10923     36170        27
   10956     36203        26
   11262     36569        36
   11302     36614        24
   11327     36639        26
   11730     37012        20
   11782     37064        28
   12710     37740        28
   12741     37771        20
   14766     32521        25
   36456     37876        22
   36650     38057        26
   36774     38172        29
   37037     38438        20
   37082     38483        23
   37139     38540        26
   37196     38597        38
   37235     38636        26
   37286     38687        46
   37367     38768        23
   37412     38813        26
   37460     38861        26
   37490     38891        20
   37544     38945        23
   37628     39029        23
   37823     39224        26
   37928     39329        62
   38027     39428        20
   38063     39464        29
   38102     39503        31
   38162     39563        35
   38342     39743        35
   38359     41984        21
   38429     39830        23
   38552     39953        32
   38657     40058        20
   38735     40136        21
   38764     40165        39
   38822     40223        23
   38846     40247        23
   38906     40307        26
   38978     40379        41
   39086     40487        20
   39113     40514        50
   39164     40565        20
   39198     40599        29
   39228     40629        20
   39270     40671        23
   39339     40740        29
   39396     40797        20
   39639     41040        26
   39669     41070        31
   39813     41214        20
   39861     41262        20
   39885     41286        38
   40092     41493        29
   40143     41544        23
   40203     41604        56
   40332     41733        20
   40416     41817        40
   40725     42126        20
   40749     42150        44
   40806     42207        29
   40953     42354        26
   41013     42414        37
   41097     42498        23
   41175     42576        26
   41307     42708        56
   41444     42845        37
   41482     42883        44
   42217     43675        29
   42329     43792        50
   42569     44045        22
   42659     44127        23
   42803     44281        22
   43026     44517        48
   43162     44653        32
   43228     44719        32
   43322     44812        21
   43433     44925        29
   44784     46153        33
   44818     46187        41
   45399     46737        26
   45489     46827        26
   45588     46926        20
   46099     47492        38
   46755     48324        35
   46796     48365        23
   46865     48436        21
   46933     48499        20
   47387     48880        29
   47786     49245        57
   48401     49939        47
   48449     49987        23
   48473     50011        22
   48512     50050        25
   48739     50277        41
   48794     50332        24
   49293     50830        20
   49368     50905        23
   49484     51021        27
   49742     51277        28
   49862     51397        20
   49934     51469        29
   50050     51585        20
   51012     53020        36
   51068     53076        34
   51095     53106        24
   51344     53353        25
   51652     53639        20
   51690     53684        25
   51890     53872        25
   51917     53899        30
   52667     54752        28
   52792     54877        30
   52856     54941        29
   52976     55061        32
   53176     55261        39
   53330     55415        23
   53459     55544        20
   53558     55643        20
   53675     55760        38
   53723     55808        22
   53746     55831        24
   54715     56794        20
   54851     56930        31
   54902     56981        20
   54932     57011        29
   55091     57170        32
   55196     57275        20
   55262     57341        20
   55334     57413        38
   55547     57626        20
   55649     57728        20
   55805     57884        23
   55958     58037        23
   57907     61213        23
   58116     84354        20
   58493     61894        25
   58789     62187        29
   58819     62217        20
   58840     62238        21
   60352     63896        26
   60481     64025        26
   60509     64053        23
   60533     64077        22
   60697     64241        20
   61108     64652        29
   62066     65792        28
   62147     65873        27
   62305     66032        41
   62347     66074        41
   62389     66116        22
   62430     66158        40
   62703     66430        38
   62751     66478        20
   62772     66499        26
   63986     67665        25
   64250     67912        30
   64483     68169        49
   64533     68219        31
   64698     68375        23
   64722     68399        42
   65697     69413        22
   66355     69859        20
   66392     69896        31
   66433     69937        36
   67025     70469        22
   67600     71053        22
   67693     71137        39
   68289     71733        26
   68785     73635        22
   69292     74105        23
   69316     74129        20
   69427     74240        20
   69496     74309        26
   69565     74378        20
   69715     74528        27
   69811     74624        20
   69868     74681        26
   70018     74831        23
   70340     75153        25
   70378     75191        29
   70639     75452        20
   71244     76098        20
   71387     76240        24
   71574     76427        21
   71743     76570        23
   71839     76663        30
   72591     77394        20
   72651     77454        20
   72726     77529        30
   73026     77829        32
   73077     77880        30
   73327     78132        25
   74008     78784        21
   74074     78850        21
   74183     78959        20
   74204     78980        29
   75254     80009        32
   75481     80236        32
   75587     80342        34
   76079     80847        20
   76271     81015        23
   76572     81230        21
   78026     82671        21
   78378     83043        20
   78509     83174        28
   78541     83206        25
   78928     83568        24
   79417     84066        21
   79590     84234        28
   80449     85011        26
   81673     85974        41
   81801     86102        27
   82012     86313        45
   82064     86367        31
   82217     86499        31
   82251     86533        41
   82293     86575        61
   82381     86660        20
   82420     86699        33
   82454     86733        21
   82484     86763        26
   82535     86814        41
   82578     86857        23
   82614     86893       109
   82753     87032       120
   82918     87197        25
   82944     87223        20
   82998     87277        33
   83132     87411        25
   83158     87437        32
   83257     87536        39
   83374     87653        24
   83480     87754        25
   83597     87867        45
   83842     92586        24
   84002     92740        35
   84071     92809        24
   84112     92859        22
   84142     92889        28
   84416     93589        22
   84604     93776        30
   84769     93935        28
   84818     93984        22
   85024     94200        29
   85152     95087        31
   85250     95181        37
   85986    145217        20
   85998     95489        53
   86052     95543        40
   86093     95584        49
   86150     95641        26
   86311     95778        21
   86398     95859        28
   86470     95930        24
   86515     95986        23
   86524    144673        49
   86559     96030        23
   86582     96051        24
   86624     96085        41
   86705     96167        35
   86751     96213        32
   86789     96257        20
   86812     96280        68
   86904     96372        22
   86963     96431        20
   86987     96455        83
   87071     96539       143
   87215     96683        52
   87281     96749        73
   87369     96837        55
   87425     96893        27
   87468     96936        27
   87496     96964        34
   87538     97006        47
   87616     97072        50
   87678     97134        26
   87714     97175        24
   87748     97209        41
   87801     97262        33
   87835     97296        21
   87866     97327        23
   87890     97351        24
   87915     97376        38
   87961     97422        34
   88037     97477        31
   88149     97589        21
   88218     97658        50
   88275     97715        20
   88302     97742        94
   88419     97859        50
   88500     97940        26
   88527     97967        61
   88608     98048        56
   88665     98105        41
   88707     98147        29
   88761     98201        62
   88854     98294        83
   89151     98589        25
   89204     98620        28
   89233     98649        31
   89288     98704        20
   89309     98725        44
   89367     98783        26
   89485     98898        21
   89508     98921        51
   89560     98973        29
   89611     99024        22
   89671     99084        26
   89698     99111        48
   89758     99168        32
   89791     99201        52
   89859     99269        52
   89969     99379        28
   90000     99405        46
   90047     99452        44
   90123     99529        44
   90172     99578       157
   90338     99744        24
   90368     99774        34
   90415     99821        35
   90451     99857        68
   90576    121537        42
   90577     99983        42
   90664    100075        25
   90970    100471        21
   91117    100630        22
   91205    100723        36
   91282    100804        25
   91465    100943        21
   91639    101117        21
   91662    101140        23
   91686    101164        30
   91754    101233        20
   92256    101527        94
   92467    101725        23
   92533    101792        94
   92628    101887        25
   92654    101913        46
   92712    101971        34
   92757    102016        36
   92794    102053       150
   93002    102261        41
   93044    102303        59
   93104    102363       105
   93212    102471        77
   93303    102562        37
   93351    102610       165
   93517    102776        22
   93540    102799        67
   93608    102867        33
   93644    102904        23
   93703    102963        48
   93752    103012        20
   93791    103051        53
   93845    103105        79
   93992    103251        73
   94073    103332        21
   94183    103446        23
   94350    103602       103
   94467    103719        47
   94537    103785        34
   94601    103849        33
   94642    103889        48
   94691    103938        22
   94732    103984        62
   94795    104054        32
   94939    104341        65
   95097    104498        46
   95144    104545        28
   95180    104581        89
   95296    104695        64
   95375    104774        67
   95444    104843        33
   95496    104893        55
   95552    104949        22
   95592    104989        37
   95632    105029        39
   95675    105077        32
   95709    105111        41
   95757    105159        26
   95782    105185        21
   95823    105226        36
   95917    105325        20
   95947    105355        22
   95965    105377        31
   95999    105410       100
   96115    105525        24
   96140    105550        35
   96286    105703        26
   96346    105784        40
   96390    105828        50
   96479    105916       142
   96665    106103       145
   96861    106296        20
   96891    106325        65
   96956    106385        34
   96999    106428        60
   97072    106501       156
   97233    106662        44
   97279    106708       120
   97409    106838        37
   97447    106876        32
   97488    106917        43
   97538    106967        29
   97592    107021        36
   97629    107058        33
   97668    107097        79
   97778    107207        39
   97838    107267        46
   97959    107323        25
   97992    107352        27
   98035    107395       116
   98168    107527       115
   98297    107656       199
   98497    107856        67
   98565    107924        45
   98636    107996        89
   98739    108099        39
   98794    108154       101
   98897    108257        50
   98958    108318        30
   98989    108349       138
   99128    108488        30
   99179    108539        34
   99276    108637        21
   99337    108708        50
   99453    108825        20
   99495    131815        20
   99616    108975        62
   99679    109038        51
   99750    109109        23
   99826    109178        22
   99865    109217        29
   99980    109365        76
  100323    109992        34
  100361    110030        42
  100534    110203        20
  100789    110453        41
  103613    112413        26
  103832    112632        41
  103904    112704        26
  103984    112784        26
  104063    112863        26
  104275    113075        21
  104503    113303        20
  105697    114354        21
  106660    115526        41
  107576    116464        28
  107736    116624        29
  108112    117073        21
  108146    117107        22
  108169    117130        27
  108478    117439        23
  108562    117523        26
  108748    117709        21
  109003    117964        26
  109030    117991        20
  109713    118684        26
  109797    118768        21
  110520    119249        23
  110890    119518        22
  110942    119570        26
  111184    119812        27
  111766    120494        23
  111949    120677        26
  112090    120818        21
  112169    120903        20
  112286    121004        37
  112598    121322        20
  112739    121463        49
  113791    122548        22
  113824    122581        26
  113950    122707        22
  114187    122944        23
  114433    123194        21
  114763    123524        24
  114827    123588        20
  115065    123826        34
  115304    124065        23
  115451    124212        20
  115487    124248        20
  115716    124449        20
  115835    124568        21
  116341    125102        24
  116369    125130        46
  117048    130223        41
  117324    130494        20
  117475    130645        42
  117521    130691        34
  117822    131276        76
  117984    131471        29
  118030    131517        22
  118105    131585        23
  118148    131628        51
  118200    131680        62
  118363    108882        20
  118405    131872        20
  118491    131959        50
  118581    132059        21
  118665    132144        34
  118720    132199        30
  118751    132230       138
  118890    132369        30
  118931    132410        50
  118983    132462       101
  119100    132579        39
  119153    132632        89
  119268    132748        45
  119314    132794        67
  119382    132862       199
  119595    133075       115
  119727    133206       116
  119859    133338        27
  119894    133369        25
  119994    133404        46
  120061    133471        39
  120131    133541        79
  120216    133626        33
  120250    133660        36
  120311    133721        29
  120347    133757        43
  120399    133809        32
  120432    133842        37
  120479    133889       120
  120601    134011        44
  120650    134060       156
  120819    134229        60
  120888    134298        34
  120922    134327        65
  120997    134401        20
  121068    134469       145
  121257    134659       142
  121438    134839        50
  121492    134893        40
  121566    134988        26
  121703    135132        35
  121739    135168        24
  121779    135207       100
  121882    135309        31
  121909    135340        22
  121941    135372        20
  122019    135455        36
  122075    135511        21
  122095    135532        26
  122128    135565        41
  122171    135608        32
  122207    135649        39
  122249    135691        37
  122304    135746        22
  122327    135769        55
  122401    135841        33
  122436    135876        67
  122518    135958        64
  122609    136047        89
  122706    136144        28
  122735    136173        46
  122874    136311        65
  123051    136631        32
  123084    136671        62
  123165    136757        22
  123188    136780        48
  123244    136835        33
  123307    136898        34
  123364    136951        47
  123425    137012       103
  123672    137248        23
  123784    137364        21
  123813    137393        73
  123954    137533        79
  124034    137613        53
  124106    137685        20
  124127    137706        48
  124211    137790        23
  124237    137817        33
  124271    137851        67
  124339    137919        22
  124362    137942       165
  124538    138118        37
  124589    138169        77
  124669    138249       105
  124775    138355        59
  124835    138415        41
  124934    138514       150
  125085    138665        36
  125132    138712        34
  125178    138758        46
  125225    138805        25
  125251    138831        94
  125388    138969        23
  125528    139096        94
  126104    139464        20
  126162    139523        30
  126193    139554        23
  126218    139579        21
  126392    139753        21
  126571    139888        25
  126637    139958        36
  126739    140065        22
  126887    140225        21
  127189    140617        25
  127259    140692        42
  127359    140792        68
  127428    140861        35
  127476    140909        34
  127516    140949        24
  127549    140982       157
  127711    141144        44
  127787    141221        44
  127832    141266        46
  127881    141310        28
  127967    141396        52
  128035    141464        52
  128088    141517        32
  128132    141558        48
  128181    141607        26
  128245    141671        22
  128289    141715        29
  128319    141745        51
  128372    141798        21
  128485    141908        26
  128525    141948        44
  128570    141993        20
  128614    142037        31
  128646    142069        28
  128702    142103        25
  128941    142340        83
  129055    142454        62
  129142    142541        29
  129172    142571        41
  129214    142613        56
  129290    142689        61
  129352    142751        26
  129409    142808        50
  129482    142881        94
  129583    142982        20
  129610    143009        50
  129708    143107        21
  129810    143209        31
  129883    143261        34
  129925    143303        38
  129964    143342        24
  129989    143367        23
  130022    143400        21
  130044    143422        33
  130089    143467        41
  130140    143518        24
  130174    143557        26
  130212    143595        50
  130293    143664        47
  130348    143719        34
  130383    143754        27
  130426    143797        27
  130454    143825        55
  130524    143895        73
  130611    143982        52
  130664    144035       143
  130808    144179        83
  130895    144266        20
  130952    144323        22
  130998    144369        68
  131069    144440        20
  131095    144472        32
  131138    144515        35
  131213    144591        41
  131272    144642        24
  131296    144664        23
  131305     95995        49
  131340    144708        23
  131384    144763        24
  131452    144830        28
  131546    144918        21
  131702    145050        26
  131736    145084        49
  131786    145134        40
  131827    145175        53
  131872     95480        20
  132591    145499        37
  132695    145599        31
  132825    146488        29
  133038    146711        22
  133081    146754        28
  133244    146911        30
  133440    147106        22
  133708    147800        28
  133744    147836        22
  133783    147884        24
  133841    147942        35
  134012    148107        24
  134236    152805        45
  134373    152938        25
  134480    153040        24
  134847    153407        33
  134914    153474        20
  134935    153495        25
  135005    153565       120
  135155    153715       109
  135277    153837        23
  135302    153862        41
  135368    153928        26
  135403    153963        21
  135425    153985        33
  135477    154037        20
  135524    154081        61
  135586    154143        41
  135630    154187        31
  135783    154319        31
  135821    154359        45
  136050    154588        27
  136164    154702        41
  136325         1        79
