> gi|326457019|gb|JF317351.1|
       6        20        81
     547       461        28
     583       497        69
     653       567        59
     725       639        23
     761       675        34
     803       717        80
     884       798       146
    1052       966        35
    1112      1026        23
    1154      1068        35
    1190      1104        20
    1211      1125        58
    1295      1209        35
    1343      1257        41
    1400      1314        68
    1469      1383        59
    1547      1461       112
    1700      1603        36
    1882      1833        56
    1956      1926        50
    2277      2260        20
    2319      2308        28
    2372      2361        36
    2458      2447        24
    2539      2528        32
    2643      2632        30
    3010      2996        21
    3068      3054        35
    3172      3155        20
    3286      3269        26
    3381      3364        33
    3525      3502        20
    3586      3566        20
    3769      3738        33
    3803      3772        33
    3934      3898        21
    4366      4314        39
    4454      4402        50
    4510      4457        21
    4885      4768        20
    5089      5275        27
    5181      5367        35
    5232      5418        57
    5304      5489        21
    5560      5751        24
    5679      5868        38
    5915      6104        25
    5947      6140        21
    6133      6317        83
    7579      6980        26
    7606      7007        48
    7772      7183        21
    7794      7205        21
    7816      7227        22
    7856      7267        26
    7987      7389        22
    8083      7485        41
    8126      7528        57
    8422      7852        21
    8548      7986        27
    8606      8044        20
    8627      8065        20
    8826      8183        21
    8871      8228        47
    9680      9137        54
    9793      9245        40
    9853      9305        21
   10005      9492        26
   10054      9535        21
   10172      9636        32
   10368      9840        39
   10408      9880        28
   10445      9917        71
   10764     10182        80
   11312     10436        33
   11346     10470        38
   11424     10548        23
   11508     10632        23
   11622     10746        44
   11667     10791        32
   11757     10881        23
   11817     10941        35
   11862     10986        44
   11913     11037        20
   11973     11097        29
   12003     11127        23
   12075     11199        62
   12156     11280        35
   12192     11316        65
   12276     11400        26
   12366     11490        41
   12424     11548        85
   12525     11649        29
   12555     11679        22
   12578     11702        21
   12618     11742        77
   12732     11855        21
   12760     11905        22
   12840     11985        31
   12886     12031        30
   12938     12083        26
   12966     12111        21
   13002     12147        34
   13108     12253        35
   13144     12289        21
   13212     12362        24
   13243     12393        26
   13434     12682        26
   13507     12739        26
   13771     12957        30
   13829     13003        33
   13876     13048        21
   13925     13097        98
   14040     13212        48
   14642     13844        20
   14716     13918        42
   14768     13970        65
   14840     14042        56
   15812     15136        23
   15833     15162        20
   15946     15258        20
   16015     15343        41
   16057     15385        29
   16087     15415        26
   16133     15461        40
   16186     15514        26
   16261     15589        23
   16309     15637        41
   16351     15679        32
   16474     15802        29
   16516     15844        20
   16567     15895        26
   16599     15927        45
   16670     15998        37
   16754     16073        35
   16941     16265        72
   17016     16340        24
   17041     16365        44
   17100     16424        27
   17128     16452        23
   17152     16476        20
   17205     16529        37
   17243     16567        28
   17314     16638        26
   17386     16710        20
   17407     16731        20
   17483     16807        49
   17593     16917        41
   18090     17387        26
   18153     17450        23
   18195     17492        29
   18354     17651        26
   18456     17753        35
   18494     17791        27
   18567     17864        20
   18588     17885        29
   18618     17915        53
   18672     17969        32
   18714     18011        23
   18879     18176        20
   18937     18234        21
   19202     18502        22
   19248     18548        25
   19476     18779        32
   19702     19005        24
   19764     19067        20
   19785     19088        44
   19863     19166        23
   19932     19235        29
   20030     19333        21
   20185     19488        28
   20214     19517        26
   20644     19950        22
   20667     19973        20
   20688     19994        26
   20760     20066        38
   20799     20105        23
   20823     20129        34
   20868     20174        37
   20997     20303        24
   21057     20363        38
   21120     20426        32
   21198     20504        29
   21228     20534        31
   21285     20591        29
   21339     20645        26
   21459     20765        50
   21531     20837        38
   21570     20876        35
   21627     20933        32
   21660     20966        20
   21687     20993        23
   21723     21029        58
   21789     21095        20
   21826     21132        22
   21849     21155        23
   21915     21221        43
   21977     21283        48
   22028     21334        21
   22127     21433        32
   22291     21602        31
   22382     21693        21
   22413     21724        31
   22548     21859        26
   22635     21940        23
   22674     21979        23
   22722     22027        77
   22806     22111        20
   22827     22132        40
   22868     22173        24
   22929     22234        38
   22978     22283        31
   23016     22321        37
   23054     22359        21
   23097     22402        20
   23211     22516        32
   23244     22549        29
   23274     22579        20
   23295     22600        44
   23343     22648        23
   23367     22672        38
   23409     22714        38
   23510     22815        41
   23552     22857        57
   23611     22916        23
   23697     23002        20
   23772     23077        20
   23829     23134        32
   23862     23167        23
   23906     23209        20
   23940     23243        31
   24122     23414        40
   24193     23494        26
   24297     23608        28
   24489     23802        27
   24561     23874        20
   24599     23912        34
   24637     23950        20
   24670     23983        32
   24730     24043        44
   24775     24088        23
   24820     24133        23
   24844     24157        20
   24865     24178        20
   24895     24208        56
   24976     24289        23
   25000     24313        38
   25042     24355        20
   25067     24380        86
   25161     24474        32
   25278     24591        26
   25311     24624        26
   25371     24684        38
   25413     24726        44
   25458     24771        20
   25489     24802        34
   25530     24843        34
   25584     24897        29
   25636     24949        22
   25694     25007        21
   25731     25044        26
   25758     25071        20
   25806     25119        20
   25940     25253        20
   25961     25274        36
   26010     25323        20
   26061     25374        26
   26094     25407        62
   26157     25470        20
   26187     25500        35
   26223     25536        35
   26259     25572        20
   26286     25599        25
   26388     25701        21
   26422     25735        54
   26578     25891        40
   26628     25941        23
   26676     25989        26
   26703     26016        23
   26727     26040        22
   27024     26331        29
   27102     26409        29
   27153     26460        20
   27174     26481        20
   27195     26502        26
   27222     26529        50
   27291     26598       110
   27434     26741        44
   27495     26802        41
   27605     26912        42
   27696     27003        83
   27780     27087        25
   27828     27135        23
   27855     27162        23
   27909     27216        56
   27972     27279        28
   28021     27328        22
   28044     27351        50
   28116     27423        44
   28161     27468        48
   28223     27530        27
   28251     27558        21
   28285     27589        25
   28389     27699        26
   28578     27907        28
   29557     28811        35
   29595     28850        34
   30439     29379        31
   30477     29439        23
   30504     29466        53
   30558     29520        29
   30641     29604        24
   30887     30033        27
   31546     30677        25
   31572     30703        29
   31626     30757        35
   31680     30812        38
   31764     30896        32
   31816     30948        43
   31959     31084        24
   32226     31286        57
   32284     31344        20
   32736     31860       104
   32856     31980        69
   32938     32062        24
   33004     32118        27
   33359     32174        26
   33660     32478        26
   33872     32659        75
   34274     33069        25
   34364     33159        26
   35007     33768        21
   35393     34116        33
   35428     34151        34
   35463     34186        41
   35505     34228        29
   35535     34258        29
   35580     34303        23
   35604     34327        23
   35649     34372        23
   35676     34399        80
   35775     34498        32
   35808     34531        23
   35832     34555        26
   35859     34582       113
   35994     34717        59
   36060     34783        29
   36090     34813        62
   36153     34876        29
   36183     34906       155
   36393     35116       117
   36511     35234        47
   36562     35285        23
   36586     35309        80
   36685     35408        27
   36748     35471        23
   36772     35495        29
   36814     35537        32
   36853     35576        23
   36880     35603        56
   36941     35664        39
   36997     35720        50
   37048     35771        38
   37105     35828        41
   37147     35870        27
   37180     35903        41
   37243     35966        25
   37279     36002        59
   37357     36080        20
   37378     36101        59
   37477     36200        71
   37594     36317        20
   37669     36392        20
   37705     36428        41
   37756     36479        23
   37810     36533        20
   38086     36826        40
   38134     36874        29
   38230     36959        33
   38518     37264        63
   38584     37330        21
   38606     37352        20
   38635     37381        24
   38693     37439        20
   39596     38161        80
   39871     38413        34
   39999     38540        27
   40067     38616        29
   40145     38694        41
   40187     38736        20
   40223     38772       106
   40330     38879        21
   40368     38917        26
   40395     38944        37
   40524     39074        23
   40551     39101        20
   40572     39122        23
   40605     39155        86
   40731     39281        41
   40773     39323        23
   40806     39356        25
   40832     39382        57
   40890     39440        53
   40944     39494        26
   40971     39521        20
   41019     39569        44
   41100     39650        41
   41142     39692        29
   41172     39722        26
   41261     39811        30
   41346     39896        20
   41367     39917        26
   41418     39968       107
   41553     40103        35
   41589     40139        83
   41691     40241        56
   41772     40322        41
   41820     40370        20
   41886     40436        47
   41934     40484        54
   42006     40556        22
   42050     40600        21
   42101     40651        21
   42156     40706        41
   42198     40748        53
   42267     40817        29
   42297     40847        26
   42327     40877        29
   42408     40958        41
   42468     41018        26
   42495     41045        35
   42531     41081        83
   42630     41180        44
   42675     41225        90
   42766     41316        41
   42808     41358       113
   42922     41472        49
   42991     41541        29
   43030     41580        20
   43130     41680        37
   43207     41757        53
   43264     41814        20
   43285     41835        26
   43318     41868        35
   43357     41907        47
   43521     42071        42
   43594     42144       152
   43801     42351        76
   43878     42428        47
   43926     42476        27
   43987     42537        43
   44155     42705        98
   44254     42804        20
   44275     42825        20
   44326     42876        38
   44377     42927        50
   44443     42993        23
   44503     43053        95
   44617     43167        35
   44653     43203        20
   44680     43230        32
   44782     43332        21
   44804     43354        28
   44833     43383        32
   44869     43419        26
   44905     43455        50
   44956     43506        57
   45140     43689        57
   45210     43759        20
   45684     44091        23
   45850     44454        35
   45898     44502        41
   45940     44544        42
   45993     44597        29
   46023     44627        22
   46170     44799        28
   46239     44874        24
   46324     44960        34
   46499     45134        32
   46574     45209        34
   46607     45243        22
   46686     45353        66
   46753     45420        20
   46814     45481        25
   46849     45516        53
   46906     45573        45
   46988     45656        28
   47017     45685        22
   47092     45762        28
   47346     46010        26
   47444     46106        30
   47502     46164        33
   47680     46352        29
   47710     46382        96
   48651     46779        53
   48708     46836        34
   49010     47135        45
   49056     47181        23
   49095     47220        29
   49166     47291        26
   49236     47361        30
   49272     47397        35
   49308     47433        35
   49362     47487        44
   49419     47544        35
   49455     47580        44
   49520     47645        54
   49587     47712        38
   49819     48263        80
   50211      4877        21
   50855     49303        30
   51153     49670        56
   51227     49744        29
   51261     49778        24
   51342     49871        24
   51618     50195        36
   51664     50247        47
   51712     50295        38
   51931     50752        57
   51989     50810        24
   52040     50843        22
   52731     51442        25
   52757     51468        20
   52889     51600        28
   52918     51629        20
   52970     51681        56
   53069     51780        32
   53102     51813        23
   53126     51837        29
   53162     51873        23
   53343     52060        27
   53384     52101        20
   53479     52196        29
   53551     52268        42
   53705     52422        20
   53732     52449        29
   53765     52482        20
   53801     52518        35
   53837     52554        20
   53858     52575        29
   53888     52605        38
   53933     52650        60
   54061     52783        56
   54118     52840        28
   54167     52889       135
   54357     53079        27
   54385     53107        46
   54950     54048        47
   54998     54096        25
   55050     54146        33
   55194     54312        28
   55234     54352        24
   55282     54399        21
   55331     54447        20
   55460     54566        32
   55566     54667        40
   55607     54707        24
   55632     54732        59
   55709     54820        41
   55790     54911        22
   55813     54934        74
   56150     55242        26
   56177     55269        32
   56260     55352        21
   56300     55392        20
   56327     55419        35
   56363     55455        92
   56457     55549        36
   56494     55586        21
   56522     55614        28
   56551     55643        38
   56590     55682        26
   56632     55724        29
   56682     55774        36
   56737     55829        23
   56761     55853        32
   56794     55886        50
   56863     55955        53
   56959     56051        26
   57037     56129        44
   57082     56174        68
   57151     56243        23
   57217     56309        65
   57283     56375        20
   57307     56399        25
   57354     56446        21
   57376     56468        41
   57463     56555        41
   57565     56657        44
   57715     56807        28
   57751     56843        24
   57793     56885        56
   57901     56993        38
   58103     57192        28
   58216     57302        27
   58323     57392        26
   58486     57583        20
   58506     57596        22
   58616     57920        24
   58646     57950        35
   58772     58064        20
   58793     58085        92
   58921     58213        24
   58946     58238        20
   58994     58286        38
   59033     58325        35
   59112     58404        61
   59174     58466        59
   59264     58556        26
   59303     58595        23
   59339     58631        68
   59468     58760        37
   59506     58798        63
   59570     58862        20
   59600     58892        29
   59648     58940        65
   59723     59015        20
   59780     59072        30
   59819     59111        26
   59852     59144        56
   59909     59201        26
   59942     59234        23
   59966     59258        30
   59997     59289        40
   60038     59330        60
   60110     59402        26
   60146     59438        20
   60167     59459        52
   60236     59597        25
   60297     59653        38
   60379     59722        20
   60489     59818        21
   60599     59955        21
   60915     60233        27
   61031     60349        20
   61243     60564        20
   61656     60974        20
   61668     60992        20
   61733     61057        26
   61770     61094        25
   61864     61188        20
   61964     61288        26
   61991     61315        44
   62063     61387        29
   62108     61432        30
   62141     61465        20
   62189     61513        23
   62336     61660        26
   62363     61687        35
   63094     62501        22
   63176     62583        39
   63257     62670        33
   63555     62952        34
   63628     63022        26
   63711     63109        29
   63870     63268        29
   63924     63322        20
   63975     63373        35
   64013     63411        22
   64061     63459        29
   64095     63493        20
   64121     63519        21
   64179     63577        20
   64549     63937        21
   65147     64550        22
   65211     64614        65
   65302     64705        27
   65330     64733        28
   65388     64791        43
   65451     64854        24
   65476     64879        24
   65542     64945        22
   65579     64982        32
   65622     65025        35
   65688     65091        22
   65713     65116        21
   65787     65190        26
   65850     65253        24
   66045     65463        58
   66183     65601        29
   66222     65640        20
   66246     65664        32
   66285     65703        20
   66306     65724        32
   66346     65764        20
   66369     65787        23
   66456     65874        52
   66525     65943        27
   66574     65992        22
   66624     66042        20
   66738     66156        42
   66884     66302        27
   66957     66375        21
   67011     66429        24
   67036     66454        22
   67210     66621        20
   67369     66780        37
   68070     67606        32
   68124     67660        61
   68206     67736        22
   68314     67841       104
   68448     67979        43
   68492     68023        29
   68531     68062        91
   68624     68155        50
   68675     68206        41
   68717     68248        23
   68741     68272        32
   68774     68305        64
   68839     68370        20
   68932     68453        21
   68964     68485        29
   68994     68515        22
   70008     69118        20
   70049     69168        20
   70112     69224        25
   70146     69258        21
   70185     69297        20
   70373     69489        29
   70403     69519        26
   70617     69771        35
   70653     69807        52
   70883     70013        96
   70997     70127        20
   71401     70458        31
   71433     70490        20
   71478     70535        20
   71838     71080        21
   71997     71239        29
   72027     71269        24
   72262     71623       140
   72418     71779        58
   72484     71845        20
   72505     71866        21
   72860     72145        27
   72890     72175        29
   72933     72218        43
   72983     72268        20
   73004     72289        26
   73121     72406        22
   73233     72512        22
   73268     72539        62
   73385     72662        24
   73451     72739        20
   73473     72761        21
   73942     73225        32
   73975     73258        23
   73999     73282        20
   74035     73318        29
   74090     73369        22
   74252     73571        44
   74330     73649        23
   74390     73709        20
   74411     73730        23
   74704     74035        28
   74752     74081        31
   74843     74216        20
   74944     74301        25
   74973     74340        37
   75017     74385        27
   75077     74453        30
   75147     74523        26
   75174     74550        41
   75216     74592        41
   75262     74638        49
   75312     74688        65
   75410     74785        40
   75451     74824        20
   75659     75049        39
   75712     75112        29
   75974     75382        30
   76158     75561        38
   76210     75613        22
   76233     75636        28
   76294     75697        23
   76498     75923        23
   76533     75958        24
   76597     76019        28
   76666     76074        54
   76721     76129        30
   76807     76215        22
   76830     76238        20
   76866     76274        38
   76905     76313        47
   76986     76394        20
   77016     76424        41
   77103     76511        26
   77133     76541        23
   77157     76565        20
   77178     76586        50
   77283     76691        56
   77418     76826        29
   77448     76856        32
   77481     76889        32
   77532     76940        20
   77553     76961        29
   77602     77010        61
   77688     77096        44
   77772     77180        81
   77907     77315        23
   77949     77357        44
   78037     77445        25
   78063     77471        20
   78105     77513        36
   78174     77582        76
   78350     77825        45
   78399     77874        41
   78552     78022       100
   78653     78123        33
   78730     78200        22
   78781     78251        29
   78976     78446        29
   79109     78574        45
   79155     78620        22
   79259     78735        25
   79424     78924        34
   79460     78960        23
   79482     78983        24
   79530     79031        20
   79636     79133        52
   79789     79292        20
   79830     79336        34
   79891     79396        36
   79943     79448        50
   79994     79499        44
   80057     79562        20
   80087     79592        62
   80150     79655        36
   80187     79692        28
   80216     79721        21
   80238     79743        28
   80322     79827        31
   80414     79919        32
   80447     79952        32
   80513     80018        20
   80540     80045        22
   80597     80109        46
   80644     80158        26
   80726     80246        59
   80807     80323        33
   80885     80399        24
   81059     80576        23
   81102     80615        38
   81376     80865        20
   81436     80955        37
   81506     81025        21
   81531     81050        23
   81603     81122        30
   81657     81176        20
   81678     81197        20
   81699     81218        32
   81732     81251        47
   81780     81299        35
   81816     81335        20
   81861     81380        32
   81918     81437        32
   81951     81470        38
   82245     81711        23
   82390     81856        23
   82482     81948        23
   82506     81972        29
   82545     82011        23
   82639     82105        61
   82743     82209        28
   82806     82272        22
   82829     82295        28
   82910     82376        39
   82950     82416        35
   83037     82503        35
   83100     82566        23
   83138     82604        25
   83182     82654        20
   83208     82679        23
   83262     82733        25
   83288     82759        35
   83324     82795        40
   83365     82836        30
   83405     82876        23
   83456     82927        20
   83531     83002        29
   83561     83032        41
   83710     83181        39
   83793     83291        31
   83865     83363        28
   83898     83396        20
   83945     83442        29
   84389     83854        30
   84420     83885        23
   84462     83927        41
   84591     84056        45
   84677     84142        24
   84747     84212        42
   84995     84428        41
   85057     84490        33
   85106     84539        20
   85153     84586        27
   85181     84614        20
   85210     84643        26
   85244     84677        34
   85282     84715        33
   85397     84819        27
   85519     84950        38
   85591     85022        23
   85630     85061        20
   85669     85100        44
   85741     85172        20
   85762     85193        20
   85810     85241        20
   85834     85265        23
   85901     85335        22
   85924     85358        24
   86234     85698        24
   86602     86116        21
   86734     86270        32
   86881     86409        34
   87146     86688        29
   87258     86800        20
   87330     86872        26
   87362     86904        35
   87605     87147        24
   87665     87207        53
   87840     87403        25
   87868     87431        29
   87976     87539        27
   88058     87621        34
   88093     87656        25
   88295     87887        44
   88412     88004        29
   88481     88073        29
   88534     88138        25
   88585     88184        29
   88615     88214        71
   88690     88289        44
   88735     88334        56
   88822     88421        80
   88921     88520        33
   88955     88554        76
   89027     88630        65
   89093     88696        24
   89145     88772        30
   89181     88808       119
   89301     88928        44
   89346     88973        85
   89442     89070       164
   89607     89235        27
   89635     89263       163
   89799     89427        29
   89829     89457        31
   89873     89501        40
   89914     89542        35
   89950     89578        35
   89986     89614        41
   90028     89656        41
   90099     89721        49
   90149     89771        22
   90172     89794        27
   90200     89822        24
   90225     89847        71
   90315     89937        27
   90348     89970        24
   90373     89995        36
   90425     90043        31
   90480     90098        40
   90521     90139       150
   90672     90290        20
   90693     90311       109
   90803     90421       314
   91118     90736        77
   91196     90814        27
   91224     90842        46
   91271     90889        84
   91380     90998        22
   91406     91024        23
   91455     91073        22
   91478     91096       115
   91596     91214        20
   91619     91237        86
   91708     91326        57
   91787     91405        47
   91835     91453        33
   91869     91487        36
   91906     91524       120
   92069     91696        27
   92105     91732        58
   92180     91807        29
   92210     91837       193
   92418     92039        26
   92445     92066        22
   92487     92108        78
   92620     92241        68
   92717     92338       126
   92851     92472        56
   92910    155057        20
   92931     92552        56
   93002     92623        63
   93102     92723        61
   93164     92785        21
   93186     92807        25
   93212     92833        41
   93254     92875        42
   93297     92918        34
   93338     92959        46
   93411     93032        31
   93443     93064        52
   93545     93166        33
   93579     93200        72
   93652     93273       162
   93829     93450        27
   93857     93478        56
   93968     93595        21
   93995     93622        28
   94024     93651        21
   94046     93673        47
   94094     93721        47
   94142     93769        26
   94206     93833        77
   94284     93911        43
   94330     93957        49
   94380     94007        37
   94418     94045        25
   94444     94071       104
   94568     94195        54
   94623     94250        55
   94702     94329        40
   94749     94376        63
   94825     94452        21
   94847     94474        26
   94874     94501        57
   94940     94567        31
   94972     94599        40
   95013     94640        50
   95055     94691        35
   95114     94750        59
   95198     94834        68
   95267     94903        45
   95313     94949        62
   95376     95012        66
   95459     95095        44
   95539     95175        33
   95576     95212        35
   95628     95264        72
   95701     95337        33
   95782     95454        41
   95853     95525        22
   95892     95564        65
   95958     95630        42
   96001     95673        22
   96025     95697        21
   96047     95719        27
   96086     95758        20
   96107     95779        50
   96158     95830        69
   96241     95913        64
   96306     95978       114
   96421     96093        28
   96450     96122        76
   96527     96199        63
   96591     96263        45
   96654     96326        60
   96741     96413        38
   96801     96473        36
   96844     96516        51
   96896     96568        26
   96923     96595        29
   96953     96625        44
   97003     96675        22
   97026     96698        40
   97067     96739        22
   97090     96762        31
   97122     96794        58
   97187     96859        53
   97241     96913        43
   97301     96973        59
   97361     97033        50
   97417     97083       129
   97563     97229        29
   97671     97337        20
   97694     97360        23
   97718     97384        65
   97797     97463        25
   97823     97489        46
   97870     97536        59
   97929     97589        33
   97963     97623        27
   98003     97663        20
   98010     97681        40
   98051     97727        33
   98095     97771        20
   98222     97898        23
   98246     97922        36
   98316     97988        46
   98359     98035        23
   98424     98099        23
   98456     98131        37
   98494     98169       207
   98712     98387        23
   98778     98463        21
   98800     98489        20
   98884     98579        22
   98907     98602        39
   98947     98642        40
   99004     98699        74
   99079     98774        57
   99143     98839        31
   99170     98882       111
   99282     98994        32
   99315     99027        64
   99380     99092        33
   99414     99126        77
   99507     99219        29
   99537     99249       335
   99873     99585       144
  100039     99754        33
  100096     99811        62
  100161     99874       279
  100441    100154        21
  100463    100176        24
  100506    100219        47
  100554    100267        94
  100649    100362        36
  100697    100410       146
  100844    100557        25
  100870    100583       119
  101008    100721       120
  101129    100842        76
  101206    100919       151
  101358    101071        38
  101397    101110        20
  101419    101133        21
  101461    101176        75
  101537    101252        38
  101610    101325        52
  101699    101412        23
  101723    101436       137
  101861    101574       137
  101999    101712        40
  102040    101753       151
  102204    101917        82
  102284    101993        46
  102356    102065        34
  102391    102100       102
  102494    102197        33
  102545    102248       214
  102760    102463       209
  102970    102673       208
  103179    102882        21
  103210    102913        35
  103273    102973        31
  103304    103006        38
  103345    103047        22
  103368    103070        36
  103405    103107        20
  103421    103117        28
  103502    103196        22
  103525    103219        22
  103588    103289        22
  103634    103330        38
  103673    103369        24
  103750    103441        24
  103775    103466        78
  103892    103583        65
  103958    103649        39
  103991    103719        31
  103993    103748        35
  104008    103783        55
  104092    103878        45
  104179    103955        27
  104266    104048        82
  104391    104173        25
  104453    104230        28
  104482    104259        64
  104562    104339        42
  104612    104389        23
  104641    104418        36
  104678    104455        22
  104724    104502        29
  104767    104545        36
  104812    104590        26
  104869    104642        32
  104902    104675        81
  105033    104805        96
  105130    104902        31
  105164    104936       754
  105919    105691       260
  106180    105952       128
  106309    106081        89
  106399    106171       340
  106811    106583        21
  106833    106605        48
  106936    106706        24
  106975    106746       187
  107178    106950        73
  107272    107044        21
  107294    107066       198
  107493    107265       121
  107626    107398       124
  107821    107599       214
  108032    107805        56
  108084    107856        64
  108167    107939       120
  108303    108075        44
  108371    108142        98
  108486    108257        55
  108542    108313        28
  108616    108387        67
  108728    108495        55
  108784    108551       109
  108904    108670        75
  108998    108764        25
  109037    108807        33
  109103    108888       166
  109270    109055        38
  109309    109094        91
  109401    109186        24
  109453    109238       117
  109571    109356        42
  109614    109399        52
  109676    109458       383
  110075    109857       242
  110318    110100        27
  110372    110154        70
  110443    110225       264
  110708    110490       426
  111136    110918        39
  111176    110958        30
  111207    110989        26
  111234    111016        32
  111267    111049       339
  111607    111389       323
  111941    111723        25
  112000    111782        45
  112046    111828       117
  112164    111946        37
  112178    111992        64
  112257    112071        40
  112328    112143        51
  112380    112195        57
  112451    112266        55
  112582    112396        30
  112633    112447        55
  112701    112513        22
  112727    112539        78
  112840    112651        33
  112989    112810        45
  113102    112924        40
  113161    112983        38
  113261    113080        25
  113287    113106        57
  113357    113172        34
  113383    113206        21
  113438    113245        51
  113490    113297        28
  113519    113326        31
  113587    113393        23
  113616    113422        23
  113640    113446        32
  113777    113582        20
  113804    113598        26
  113891    113685        21
  115256    114117        39
  115912    114728        38
  116012    114828        37
  116050    114866        39
  116149    114965        29
  116215    115031        32
  116248    115064        47
  116329    115145        20
  116479    115295        20
  116512    115328        29
  116612    115428        28
  116698    115514        28
  116734    115550        23
  116770    115586       104
  116887    115703        34
  116922    115738        29
  117046    115862        30
  117118    115934        20
  117166    115982        20
  118333    117432        26
  119128    118597        81
  119342    118803        20
  119465    118932        44
  119522    118989        26
  119637    119110        22
  119762    119235        38
  119882    119346        43
  119981    119445        23
  120005    119469        23
  120068    119532        35
  120197    119661        26
  120248    119712        22
  120436    119868        20
  120522    119986        23
  120768    120224        21
  120806    120262        37
  120844    120300        28
  120879    120335        24
  121009    120465        26
  121036    120492        35
  121117    120573        23
  121150    120606        26
  121177    120633        29
  121261    120717        20
  121294    120750        26
  121324    120780        34
  121408    120864        20
  121435    120891        44
  121492    120948        38
  121588    121044        26
  121618    121074        26
  121654    121110        20
  121675    121131        59
  121804    121260        20
  121840    121296        50
  122070    121526        57
  122271    121706        41
  122328    121763        23
  122376    121811        32
  122801    122210        26
  122858    122267        26
  122896    122305        30
  122939    122348        20
  122963    122372        56
  123026    122435        31
  123326    122736        34
  123369    122779        21
  123519    122929        26
  123580    122990        38
  123685    123095        41
  123727    123137        41
  123817    123227        24
  124293    123712        24
  124318    123737        21
  124349    123768        26
  124379    123798        20
  124400    123819        38
  124454    123873        35
  124547    123966        29
  124577    123996        26
  124625    124044        32
  124670    124089        23
  124694    124113        20
  124736    124155        37
  124777    124196        41
  124881    124282        32
  124914    124315        26
  125010    124411        29
  125072    124473        21
  125133    124534        31
  125165    124566        33
  125268    124669        26
  125328    124729        35
  125370    124771        39
  125410    124811        24
  125626    124986        24
  125708    125075        20
  125754    125120        26
  125916    125276        29
  126094    125452        37
  126177    125553        28
  126457    125814        28
  126492    125849        38
  126552    125909        20
  126573    125930        22
  126609    125966        22
  126810    126167        20
  126834    126191        23
  126858    126215        20
  126888    126245        41
  127033    126390        35
  127081    126438        53
  127195    126552        20
  127255    126612        47
  127384    126741        25
  127426    126783        29
  127546    126903        27
  127594    126951        50
  127652    127009        43
  127699    127056        85
  127785    127142        30
  127819    127176        26
  127861    127218        26
  127888    127245        20
  127948    127305        23
  128035    127392        38
  128094    127451        23
  128125    127482        29
  128347    127696        22
  128477    127826        25
  128564    127913        25
  129101    128388        23
  129150    128437        39
  129684    128968        23
  129716    129000        33
  129804    129088        20
  129854    129132        23
  129935    129213        31
  130177    129440        21
  130287    129541        26
  130859    130140        20
  131715    130999        20
  131925    131209        32
  132036    131323        41
  132084    131371        20
  132126    131413        22
  132180    131467        26
  132338    131625        20
  132534    131809        22
  132639    131914        20
  132780    132061        23
  132832    132113        44
  133483    132758        27
  133970    133251        32
  134019    133300        32
  134115    133396        20
  134160    133441        44
  134205    133486        23
  134229    133510        58
  134288    133569        20
  134309    133590        37
  134383    133664        53
  134472    133753        20
  134524    133805        30
  134600    133881        45
  134706    133987        26
  134739    134009        20
  134864    134133        32
  134897    134166        23
  134926    134195        23
  134950    134219        20
  134986    134255        31
  135018    134287        28
  135047    134316        51
  135132    134385        21
  135145    134406        34
  135192    134449        57
  135250    134507        25
  135337    134591        38
  135394    134648        40
  135502    134757        45
  135663    134928        33
  135731    134995        78
  135813    135077        22
  135848    135110        55
  135924    135186        30
  136030    135291        55
  136099    135360        57
  136157    135418        51
  136239    135501        40
  136294    135556        64
  136335    135629        37
  136373    135667       117
  136491    135785        45
  136570    135864        25
  136606    135900       323
  136930    136224       339
  137270    136564        32
  137303    136597        26
  137330    136624        30
  137361    136655        39
  137402    136696       426
  137829    137123       264
  138094    137388        70
  138191    137485        27
  138219    137513       242
  138477    137771       383
  138870    138161        52
  138923    138214        42
  138966    138257       117
  139111    138402        24
  139136    138427        91
  139228    138519        38
  139267    138558       166
  139466    138772        33
  139513    138823        25
  139557    138867        75
  139643    138952       109
  139753    139062        55
  139853    139158        67
  139966    139271        28
  139995    139300        55
  140067    139372        98
  140189    139493        44
  140249    139553       120
  140388    139692        64
  140448    139751        56
  140501    139799       214
  140786    140090       124
  140922    140226       121
  141044    140348       198
  141243    140547        21
  141285    140589        73
  141374    140679       187
  141576    140882        24
  141655    140959        48
  141704    141008        21
  141797    141101       340
  142138    141442        89
  142228    141532       128
  142357    141661       260
  142618    141922       754
  143375    142679        31
  143407    142711        96
  143553    142856        81
  143635    142938        32
  143698    142996        26
  143733    143031        36
  143783    143081        29
  143836    143135        22
  143859    143158        36
  143901    143200        23
  143932    143231        42
  143990    143289        64
  144055    143354        28
  144120    143414        25
  144188    143482        82
  144330    143630        27
  144399    143689        45
  144473    143774        55
  144508    143829        35
  144514    143862        31
  144539    143924        39
  144579    143964        65
  144683    144068        78
  144762    144147        24
  144839    144219        24
  144864    144244        38
  144926    144301        22
  144989    144371        22
  145012    144394        22
  145087    144467        28
  145111    144485        20
  145132    144506        36
  145169    144543        22
  145194    144568        38
  145232    144608        31
  145291    144664        35
  145336    144709        21
  145358    144731       208
  145567    144940       209
  145777    145150       214
  146009    145382        33
  146043    145410       102
  146146    145513        34
  146206    145573        46
  146250    145613        82
  146345    145708       151
  146497    145860        40
  146538    145901       137
  146676    146039       137
  146814    146177        23
  146874    146235        52
  146961    146322        38
  147000    146361        75
  147096    146458        21
  147119    146482        20
  147140    146503        38
  147179    146542       151
  147331    146694        76
  147408    146771       120
  147547    146910       119
  147667    147030        25
  147693    147056       146
  147851    147214        36
  147888    147251        94
  147983    147346        47
  148049    147412        24
  148074    147437        21
  148096    147459       279
  148378    147739        62
  148464    147825        33
  148519    147883       144
  148664    148028       335
  149000    148364        29
  149045    148409        77
  149123    148487        33
  149157    148521        64
  149222    148586        32
  149255    148619       111
  149362    148742        31
  149400    148781        57
  149458    148839        74
  149549    148930        40
  149590    148971        39
  149630    149011        22
  149716    149103        20
  149737    149128        21
  149801    149202        23
  149835    149236       207
  150043    149444        37
  150089    149490        23
  150154    149554        23
  150174    149578        46
  150254    149654        36
  150291    149691        23
  150421    149821        20
  150452    149852        33
  150486    149891        40
  150513    149929        20
  150546    149962        27
  150574    149990        33
  150607    150017        59
  150667    150077        46
  150714    150124        25
  150753    150163        65
  150819    150229        23
  150845    150255        20
  150944    150354        29
  150990    150400       129
  151125    150529        50
  151176    150580        59
  151252    150656        43
  151296    150700        53
  151356    150760        58
  151415    150819        31
  151447    150851        22
  151470    150874        40
  151511    150915        22
  151539    150943        44
  151584    150988        29
  151614    151018        26
  151641    151045        51
  151699    151103        36
  151757    151161        38
  151822    151226        60
  151900    151304        45
  151946    151350        63
  152010    151414        76
  152087    151491        28
  152116    151520       114
  152231    151635        64
  152309    151713        69
  152379    151783        50
  152430    151834        20
  152462    151866        27
  152490    151894        21
  152513    151917        22
  152536    151940        42
  152579    151983        65
  152661    152065        22
  152713    152117        41
  152802    152242        33
  152836    152276        72
  152925    152365        35
  152964    152404        33
  153033    152473        44
  153094    152534        66
  153161    152601        62
  153224    152664        45
  153270    152710        68
  153363    152803        59
  153446    152886        35
  153473    152922        50
  153524    152973        40
  153565    153014        31
  153605    153054        57
  153663    153112        26
  153690    153139        21
  153724    153173        63
  153794    153243        40
  153858    153307        55
  153914    153363        54
  153988    153437       104
  154093    153542        25
  154119    153568        37
  154157    153606        49
  154209    153658        43
  154253    153702        77
  154368    153817        26
  154395    153844        47
  154443    153892        47
  154491    153940        21
  154513    153962        28
  154547    153996        21
  154623    154078        56
  154680    154135        27
  154722    154177       162
  154885    154340        72
  154958    154413        33
  155041    154496        52
  155094    154549        31
  155152    154607        46
  155205    154660        34
  155240    154695        42
  155283    154738        41
  155325    154780        25
  155351    154806        21
  155373    154828        61
  155471    154926        63
  155549    155004        56
  155606     92535        20
  155629    155084        56
  155693    155148       126
  155848    155303        68
  155971    155426        78
  156069    155524        22
  156092    155547        26
  156133    155582       193
  156327    155776        29
  156373    155822        58
  156440    155889        27
  156510    155968       120
  156631    156089        36
  156668    156126        33
  156702    156160        47
  156771    156229        57
  156831    156289        86
  156920    156378        20
  156943    156401       115
  157059    156517        22
  157107    156565        23
  157134    156592        22
  157181    156639        84
  157266    156724        46
  157313    156771        27
  157341    156799        77
  157419    156877       314
  157734    157192       109
  157844    157302        20
  157865    157323       150
  158016    157474        40
  158080    157538        31
  158127    157581        36
  158164    157618        24
  158194    157648        27
  158240    157694        71
  158312    157766        24
  158337    157791        27
  158365    157819        22
  158388    157842        49
  158467    157915        41
  158509    157957        41
  158551    157999        35
  158587    158035        35
  158623    158071        40
  158676    158124        31
  158708    158156        29
  158738    158186       163
  158902    158350        27
  158930    158378       164
  159105    158554        85
  159191    158640        44
  159236    158685       119
  159361    158810        30
  159419    158892        24
  159444    158917        65
  159505    158982        76
  159582    159059        33
  159634    159111        80
  159745    159222        56
  159802    159279        44
  159850    159327        71
  159922    159399        29
  159977    159449        25
