> gi|442568454|gb|KC180796.1|
       8         1        96
     131       122        29
     161       154        59
     221       214        21
     224       235        32
     257       268        22
     276       292        25
     322       338        20
     343       352        23
     397       406        23
     457       466        59
     541       550       270
     812       821        38
     851       860        32
     884       893       326
    1211      1220       170
    1382      1391       290
    1673      1682        63
    1737      1746        30
    1768      1777        63
    1832      1841        21
    1854      1863        27
    1882      1891       198
    2087      2096        50
    2129      2139        38
    2187      2197        57
    2277      2287       205
    2483      2493        81
    2581      2591        41
    2623      2633        70
    2713      2723       200
    2914      2924        34
    2949      2959        82
    3081      3091       168
    3250      3260        73
    3338      3348       116
    3454      3458       160
    3615      3619       122
    3769      3775        63
    3833      3839        42
    3876      3882        79
    3964      3969        92
    4057      4055        38
    4100      4098        58
    4159      4157        41
    4183      4198        56
    4240      4255        37
    4278      4293       118
    4397      4412       106
    4499      4512        32
    4621      4633        28
    4650      4662        20
    4679      4690        42
    4712      4724        40
    4753      4765        36
    4790      4802        58
    4869      4881        39
    4931      4943        33
    4965      4977        88
    5054      5066        45
    5100      5112        95
    5196      5208       116
    5306      5317        62
    5369      5374       110
    5470      5476       157
    5628      5634        31
    5679      5685        70
    5762      5768       118
    5909      5915        96
    6004      6004        44
    6049      6049        61
    6106      6121       134
    6241      6256        70
    6324      6340        27
    6373      6389        61
    6435      6451        87
    6514      6529        42
    6556      6576        50
    6605      6619        45
    6676      6692        76
    6748      6760        75
    6839      6850       170
    7041      7053        68
    7122      7133        28
    7177      7188        29
    7207      7218       117
    7325      7336        23
    7350      7361        53
    7421      7427       116
    7538      7544        23
    7550      7568       164
    7714      7741       167
    7902      7933        83
    7976      8009       247
    8214      8246        84
    8315      8351        44
    8360      8396        24
    8386      8419        28
    8415      8448        41
    8457      8490        34
    8509      8542        25
    8523      8557        76
    8600      8634        79
    8680      8714        48
    8729      8763        45
    8771      8799       188
    8978      9006        41
    9020      9048        90
    9113      9139        41
    9155      9181        66
    9234      9266        24
    9284      9309        48
    9391      9418        28
    9420      9447       101
    9523      9550       226
    9750      9777        27
    9782      9809        51
    9834      9861       103
    9930      9955        23
    9954      9979       106
   10061     10086        31
   10093     10118        34
   10128     10153        22
   10151     10176       118
   10259     10285        58
   10326     10352        40
   10376     10402       151
   10536     10562        46
   10587     10613        36
   10630     10656       103
   10734     10760        34
   10763     10790        99
   10880     10907        54
   10940     10968        54
   10997     11024        86
   11101     11125        21
   11118     11138       116
   11235     11255       193
   11429     11449       369
   11799     11819       915
   12715     12735        25
   12731     12752        92
   12824     12845       191
   13016     13037       155
   13172     13193       126
   13290     13312        47
   13339     13361       163
   13499     13514        26
   13526     13541        22
   13540     13556       113
   13653     13663        56
   13710     13720        57
   13768     13778       156
   13925     13935       215
   14132     14143        63
   14196     14207        36
   14233     14244       174
   14408     14419        20
   14422     14429        25
   14491     14498        57
   14549     14556        38
   14588     14595        37
   14626     14633       207
   14834     14841        73
   14912     14914        95
   15008     15010        24
   15047     15049        32
   15075     15076       113
   15189     15190       198
   15389     15390        41
   15431     15432        83
   15515     15516        22
   15538     15539        36
   15575     15576        56
   15651     15652        25
   15706     15707        21
   15733     15734        33
   15770     15771        86
   15872     15869        48
   15921     15918        25
   15953     15945        31
   15985     15977        56
   16042     16034        71
   16114     16106        23
   16138     16130       245
   16399     16391       127
   16527     16519        27
   16555     16547       289
   16845     16837       103
   16949     16941       178
   17128     17120        53
   17182     17174       160
   17343     17335        33
   17380     17372       169
   17550     17542       143
   17713     17710        64
   17788     17785        65
   17896     17891        28
   17925     17920        56
   17982     17977       149
   18132     18127       383
   18516     18511        21
   18538     18533       175
   18714     18709        37
   18752     18747       106
   18859     18854       188
   19048     19043        46
   19095     19090        97
   19193     19188        90
   19284     19279        90
   19375     19370        76
   19452     19447       282
   19752     19747        69
   19822     19817       383
   20206     20201        55
   20262     20257        85
   20360     20355        37
   20398     20393        25
   20424     20419       208
   20633     20628       264
   20898     20893       310
   21209     21204       102
   21312     21307       128
   21441     21436       278
   21720     21715       128
   21849     21844        44
   21894     21889        79
   21977     21972       247
   22229     22224        34
   22264     22259       136
   22401     22396       113
   22515     22510        77
   22593     22588       380
   22974     22969       128
   23103     23098       507
   23611     23606       321
   23933     23928        41
   23968     23965        89
   24077     24074        27
   24078     24101       258
   24349     24372        58
   24407     24424        40
   24448     24465       326
   24775     24792        40
   24816     24833        78
   24895     24912       143
   25039     25056       102
   25142     25159        50
   25193     25210       144
   25353     25370        56
   25410     25427        47
   25458     25475       177
   25636     25653       444
   26081     26098       195
   26277     26294        71
   26349     26366       472
   26824     26841       127
   26952     26969        68
   27021     27038       468
   27490     27507        46
   27537     27554        47
   27585     27602        62
   27648     27665       557
   28210     28227        69
   28278     28292        39
   28318     28332       154
   28502     28516        47
   28577     28590        32
   28610     28623        40
   28651     28664        46
   28712     28725        78
   28782     28803        50
   28833     28854        46
   28880     28901        44
   28925     28946        30
   28975     28996        22
   28997     29015       124
   29122     29140        33
   29156     29174       117
   29276     29294        51
   29328     29346        21
   29350     29368        25
   29376     29394        36
   29413     29431        62
   29503     29521        30
   29534     29552       203
   29738     29756       102
   29841     29859        64
   29917     29935        72
   30020     30038        21
   30041     30060        54
   30096     30115       112
   30209     30228        71
   30287     30307       179
   30461     30486        42
   30504     30529        89
   30594     30619        46
   30641     30666        24
   30666     30691        21
   30687     30736        33
   30727     30770        43
   30789     30832        72
   30862     30905        82
   30945     30993        44
   30990     31038        26
   31015     31069        21
   31037     31091        24
   31058     31110        26
   31085     31137        22
   31108     31160        71
   31189     31236        60
   31250     31297        68
   31331     31370        50
   31401     31440        44
   31446     31485        38
   31485     31524        53
   31539     31578       136
   31665     31705        53
   31719     31759        24
   31744     31784       153
   31940     31986        20
   31967     32014       118
   32096     32670        37
   32134     32708        91
   32226     32800       235
   32462     33036        53
   32539     33118        37
   32587     33165        87
   32686     33264       356
   33043     33621        40
   33089     33667        42
   33131     33705        23
   33155     33729        27
   33183     33757        56
   33233     33805        57
   33291     33863        61
   33353     33925        62
   33423     33995        21
   33445     34017        67
   33523     34095       101
   33625     34197        34
   33660     34232        28
   33699     34276        51
   33751     34328        68
   33820     34397       132
   33945     34520        55
   34001     34576        37
   34041     34616        26
   34068     34643        65
   34154     34734        69
   34226     34806        49
   34276     34856        34
   34311     34891        30
   34362     34936        20
   34383     34957        39
   34428     35002        39
   34468     35042        23
   34482     35057        62
   34545     35120       183
   34722     35296        69
   34792     35366        93
   34956     35481        47
   35004     35529        24
   35031     35556        26
   35058     35583        21
   35080     35605       214
   35326     35858       214
   35541     36073        71
   35613     36145        44
   35658     36190       701
   36378     36910       602
   36981     37513       165
   37147     37679       293
   37441     37973       113
   37555     38087        53
   37609     38141       242
   37852     38384       105
   37956     38482        49
   38012     38538        36
   38049     38575        23
   38073     38599        23
   38091     38622       103
   38195     38726        32
   38227     38752        99
   38327     38852        26
   38354     38879       101
   38456     38981        21
   38474     39006        44
   38519     39051       129
   38649     39181       203
   38843     39378        30
   38908     39434        20
   39043     39531        62
   39111     39601        23
   39187     39666        23
   39214     39747        31
   39255     39804        36
   39399     39848        63
   39463     39912        21
   39485     39934        52
   39543     39992        57
   39590     40040       119
   39729     40179        25
   39756     40206        27
   39788     40238        46
   39829     40278       134
   39973     40431        48
   40022     40480        24
   40067     40525       212
   40280     40738       160
   40441     40899        54
   40496     40954       657
   41154     41612       101
   41256     41714        47
   41304     41762       464
   41769     42227       119
   41889     42347       296
   42186     42644      1053
   43246     43704       140
   43387     43845        69
   43457     43915       106
   43564     44022       233
   43798     44256       743
   44542     45000       182
   44725     45183       205
   44931     45389        82
   45014     45472        30
   45045     45503        20
   45084     45525        55
   45153     45594       134
   45289     45731        62
   45359     45801        25
   45446     45816        20
   45464     45810        25
   45473     45852        48
   45521     45888        31
   45553     45920        97
   45651     46018       102
   45753     46113        26
   45797     46156        88
   45886     46245        83
   45990     46349        75
   46071     46429        79
   46155     46513        61
   46220     46578       352
   46565     46928        78
   46644     47007       153
   46798     47161       247
   47046     47409       180
   47227     47590       113
   47342     47705        94
   47449     47812        52
   47502     47865        43
   47536     47898       143
   47669     48037       215
   47892     48260        57
   47939     48311        95
   48033     48403        68
   48102     48472        55
   48158     48528        64
   48223     48593        23
   48253     48623        27
   48271     48642        33
   48305     48676        32
   48338     48709        53
   48392     48763        49
   48433     48805        93
   48524     48893        41
   48567     48935        83
   48651     49019       143
   48795     49163        65
   48861     49229        71
   48933     49301        29
   48963     49330        67
   49031     49398        52
   49084     49451       126
   49211     49578        21
   49233     49600       156
   49390     49757       414
   49805     50172       114
   49917     50278        58
   49976     50337       219
   50225     50588        25
   50251     50614        84
   50336     50699        57
   50394     50757        39
   50458     50815        45
   50503     50873        20
   50504     50893        34
   50539     50928        30
   50585     50974        31
   50632     51021        22
   50655     51044        82
   50744     51133        30
   50800     51189        58
   50872     51257       118
   50993     51366        55
   51058     51431        89
   51148     51521        61
   51210     51583        40
   51251     51624       169
   51421     51794        89
   51511     51884        46
   51558     51931        37
   51596     51969        93
   51690     52063        21
   51712     52085        47
   51760     52133        34
   51795     52168        41
   51837     52210       313
   52151     52524        39
   52191     52564        49
   52262     52630        61
   52373     52741        20
   52411     52779        44
   52456     52845        44
   52503     52892       154
   52658     53047        22
   52690     53079        72
   52763     53152        54
   52818     53207        87
   52906     53295        39
   52946     53335       215
   53162     53551        51
   53214     53603        55
   53300     53657       302
   53603     53960       728
   54332     54689        99
   54432     54789        58
   54482     54844       102
   54585     54947        54
   54627     55001        27
   54655     55029        29
   54685     55059        38
   54728     55102        21
   54750     55124        35
   54789     55173        66
   54877     55269        48
   54947     55339        55
   55003     55395        55
   55048     55441       257
   55306     55699       101
   55408     55801        89
   55522     55915       418
   55941     56334       116
   56058     56451        22
   56104     56497        63
   56168     56561        28
   56197     56590       158
   56356     56749       137
   56494     56887       296
   56791     57184        77
   56869     57262       263
   57133     57526        74
   57208     57601        95
   57304     57697        71
   57376     57769        71
   57448     57841       514
   57963     58356        74
   58038     58431        52
   58082     58476        21
   58104     58498        73
   58190     58590       124
   58313     58712        63
   58388     58787        67
   58456     58855        36
   58506     58898        35
   58542     58934        22
   58565     58967        20
   58597     58999       315
   58913     59315       198
   59112     59514       178
   59291     59693        29
   59321     59723       489
   59811     60213       393
   60236     60638        60
   60297     60699        53
   60335     60752        35
   60371     60788        36
   60415     60831        48
   60477     60893        32
   60510     60926        37
   60555     60971        72
   60627     61038        30
   60661     61077        31
   60721     61138        56
   60771     61182        27
   60799     61210        59
   60833     61267        30
   60843     61296        71
   60915     61368        39
   60966     61419        47
   61014     61467        89
   61105     61558        23
   61129     61582        35
   61179     61632        52
   61232     61685        22
   61273     61726       102
   61376     61829       136
   61525     61978        55
   61581     62034        73
   61655     62108        56
   61712     62165       181
   61894     62347        41
   61943     62396       104
   62048     62501       419
   62468     62921        90
   62576     63029        28
   62615     63064        27
   62660     63110        36
   62708     63156       115
   62824     63272        27
   62849     63302        56
   62920     63450        27
   62948     63478        58
   63056     63601       260
   63347     63892        36
   63379     63926        40
   63427     63974        42
   63470     64017        35
   63506     64053        32
   63555     64102       311
   63867     64414        35
   63903     64450       217
   64121     64668        63
   64185     64732        54
   64245     64792        56
   64336     64883        48
   64399     64946        63
   64461     65002        80
   64542     65083        22
   64565     65106        31
   64601     65143        47
   64662     65204        51
   64733     65275        53
   64806     65350        36
   64847     65391        41
   64922     65498       154
   65097     65673       126
   65224     65800       311
   65536     66112        23
   65560     66136       174
   65735     66311       141
   65883     66459        88
   65982     66558       143
   66162     66738        86
   66249     66825       188
   66438     67014       177
   66616     67192        72
   66689     67265        54
   66744     67320       191
   66936     67512       158
   67125     67711        29
   67154     67735        64
   67237     67818        21
   67251     67831        36
   67288     67868        53
   67357     67937        22
   67384     67964        37
   67422     68002        36
   67469     68049        67
   67537     68117        28
   67593     68173        28
   67627     68207        22
   67650     68230        48
   67699     68279        49
   67749     68329        62
   67812     68392        89
   67894     68475        26
   67912     68492        37
   67943     68527        43
   67995     68579       122
   68118     68702       848
   68967     69551       113
   69081     69665       126
   69208     69792        20
   69236     69817        53
   69290     69871        41
   69332     69913        22
   69355     69936        24
   69380     69961        49
   69430     70011        48
   69476     70052        28
   69505     70081        45
   69551     70127        34
   69586     70162       160
   69747     70323        23
   69805     70381        23
   69829     70405        53
   69883     70459        44
   69928     70504        97
   70026     70602        32
   70070     70646        23
   70094     70670       158
   70268     70839        43
   70312     70883        60
   70373     70944       158
   70529     71095        44
   70574     71140        43
   70618     71184       115
   70734     71301        25
   70760     71327        21
   70782     71349        32
   70824     71384       273
   71098     71658        31
   71167     71722        51
   71236     71791        45
   71281     71831        94
   71369     71915       162
   71550     72096        63
   71615     72155        25
   71638     72280        23
   71662     72304       130
   71807     72437        71
   71879     72509       245
   72125     72755        74
   72200     72830        43
   72244     72874       403
   72653     73282        62
   72716     73345       266
   72983     73612       381
   73367     74001        52
   73420     74054        72
   73493     74127        37
   73571     74205        68
   73640     74274       181
   73813     74446        64
   73878     74511        43
   73914     74548        22
   73937     74571       247
   74202     74836       178
   74381     75015        93
   74475     75109       141
   74604     75244        37
   74642     75282        27
   74670     75310       114
   74778     75415        20
   74799     75436        80
   74898     75535       152
   75044     75679        80
   75125     75760        95
   75221     75856       156
   75385     76020       104
   75513     76161        24
   75538     76186        48
   75599     76247        99
   75706     76354       122
   75819     76466        84
   75913     76559        27
   75953     76599       203
   76157     76803        68
   76226     76872       224
   76451     77097       145
   76590     77235        35
   76626     77271       239
   76866     77511       179
   77058     77703       821
   77886     78531       131
   78037     78682       242
   78312     78957       195
   78508     79153       314
   78823     79468        82
   78906     79551       155
   79062     79707        52
   79101     79750        88
   79190     79839        67
   79258     79907        97
   79377     80022       147
   79525     80170        87
   79613     80258        70
   79696     80341        70
   79771     80416        38
   79826     80478       411
   80238     80890       480
   80719     81371       156
   80876     81528        40
   80919     81572       123
   81043     81696       128
   81185     81838        37
   81223     81876        51
   81275     81928        26
   81296     81961        95
   81392     82057        24
   81417     82082       110
   81528     82193        62
   81591     82256       158
   81750     82415       217
   81968     82633       140
   82101     82771        47
   82140     82809        83
   82224     82893       146
   82389     83058        44
   82434     83103       324
   82759     83428       750
   83510     84179       193
   83704     84373       124
   83829     84498        23
   83853     84522        40
   83894     84563       134
   84029     84698        23
   84053     84722        22
   84078     84747        38
   84117     84786        79
   84197     84866       615
   84813     85482        45
   84876     85550        24
   84901     85575        23
   84925     85599        36
   84970     85644       162
   85133     85807       280
   85414     86088        23
   85449     86122       137
   85587     86260       391
   85981     86654       105
   86078     86752        21
   86100     86774        34
   86152     86826        50
   86227     86881        23
   86251     86905        20
   86272     86926       131
   86404     87058        63
   86473     87126        50
   86524     87177       134
   86670     87323        23
   86696     87348        70
   86767     87419        45
   86813     87465        55
   86864     87511        51
   86931     87578        74
   87025     87676        22
   87048     87699        22
   87071     87722       105
   87177     87828        68
   87246     87897       139
   87386     88037        99
   87498     88149       116
   87638     88289        82
   87724     88375        66
   87802     88453        75
   87878     88529        50
   87929     88580       128
   88061     88712        32
   88094     88745        81
   88176     88827        67
   88236     88893        76
   88313     88970        35
   88349     89006        90
   88457     89114        35
   88493     89150        36
   88562     89221       108
   88671     89330       830
   89502     90161       584
   90087     90746       426
   90514     91173       507
   91022     91681       248
   91271     91930        84
   91356     92015       740
   92097     92756      1156
   93254     93913       270
   93525     94184        52
   93578     94237       268
   93847     94506       294
   94142     94801        26
   94169     94828       206
   94376     95035       187
   94564     95223       248
   94813     95472       230
   95044     95703       726
   95743     96384       128
   95872     96513       174
   96047     96688       146
   96194     96835        98
   96293     96934       421
   96715     97356       122
   96838     97479       180
   97019     97660       265
   97285     97926       186
   97472     98113       350
   97823     98464       142
   97966     98607        84
   98051     98692       229
   98281     98922        61
   98343     98984        39
   98383     99024       898
   99282     99923       867
  100150    100791      1356
  101507    102148       102
  101610    102251      1091
  102702    103343       586
  103289    103930       136
  103421    104056        72
  103494    104129       695
  104190    104825        55
  104246    104881      2931
  107178    107813       295
  107465    108101      1323
  108789    109425       825
  109615    110251      1651
  111267    111903      1423
  112680    113317       248
  112929    113563       442
  113373    114005       403
  113777    114409       107
  113885    114517       140
  114026    114658       201
  114228    114860       480
  114713    115339        64
  114778    115404        99
  114878    115504        38
  115054    115712        57
  115112    115770       144
  115257    115915        37
  115330    115988        41
  115375    116033        56
  115432    116090        41
  115486    116144        60
  115591    116249       105
  115708    116366        35
  115744    116402        52
  115828    116480        30
  115859    116511        20
  115880    116532        52
  115933    116585       281
  116221    116873        26
  116248    116900       174
  116423    117075        49
  116473    117125       260
  116734    117386       414
  117149    117801       141
  117318    117969        48
  117367    118018        80
  117448    118099        46
  117511    118162        33
  117545    118196       121
  117667    118318        45
  117715    118365        24
  117740    118390        34
  117802    118452        69
  117875    118519        32
  117915    118559        27
  117954    118598        35
  117980    118630        33
  118035    118685        28
  118072    118724        52
  118125    118777        77
  118196    118847        92
  118289    118940        35
  118325    118976        35
  118361    119012        46
  118445    119082        33
  118479    119116        51
  118540    119180        28
  118600    119240        31
  118632    119272        34
  118667    119307        50
  118735    119375        33
  118966    119458        58
  119027    119519        27
  119052    119538       173
  119226    119712        78
  119319    119799        53
  119373    119853        25
  119399    119879       183
  119583    120063        27
  119619    120099        72
  119694    120174       137
  119837    120317        82
  119920    120400        52
  119973    120453        38
  120012    120492       211
  120230    120710        44
  120275    120755        71
  120371    120846       115
  120506    120990        21
  120517    121002        56
  120578    121060        50
  120629    121111       276
  120906    121388        30
  120937    121419        71
  121009    121491        31
  121041    121523       273
  121315    121797        43
  121359    121841        27
  121387    121869        52
  121440    121922        26
  121480    121962        32
  121513    121995       133
  121650    122132       268
  121919    122401        61
  121985    122467        21
  122007    122489        36
  122044    122526        60
  122105    122587        29
  122158    122638        49
  122199    122681       119
  122319    122801       125
  122445    122927       112
  122558    123040        27
  122586    123068        22
  122613    123095        56
  122671    123158        39
  122711    123198        24
  122769    123239        55
  122828    123298        80
  122909    123379        29
  122939    123409       155
  123095    123565        42
  123138    123608       100
  123239    123709        23
  123263    123733        26
  123290    123760        76
  123367    123837        41
  123409    123879       157
  123567    124037       212
  123780    124250        24
  123805    124275       112
  123918    124388        24
  123954    124424        23
  123978    124448        34
  124026    124488        24
  124067    124529        26
  124096    124558        34
  124131    124593        99
  124228    124676        26
  124259    124706        86
  124346    124793        53
  124400    124847       176
  124577    125024        41
  124619    125066        50
  124676    125123        56
  124733    125180       180
  124914    125361        44
  124959    125406        83
  125043    125490        50
  125094    125541        95
  125190    125637        59
  125250    125697        61
  125312    125759       242
  125608    126061        25
  125634    126087        20
  125650    126100        42
  125693    126143        56
  125760    126210        58
  125823    126273        54
  125867    126319        29
  125902    126355        63
  125984    126437        38
  126023    126476        36
  126060    126543        88
  126149    126632        68
  126227    126710        54
  126272    126756        40
  126325    126809       102
  126421    126903        36
  126466    126949       232
  126699    127182        25
  126725    127208       266
  126992    127475       361
  127354    127837        45
  127420    127903        59
  127480    127963       164
  127645    128128       203
  127849    128332        98
  127948    128431       125
  128074    128557       183
  128287    128770        50
  128342    128825       128
  128471    128954        57
  128529    129012        34
  128564    129047        48
  128617    129101        90
  128714    129198        33
  128779    129249        51
  128847    129317        25
  128882    129353        53
  128949    129420        93
  129043    129514        42
  129106    129577        31
  129150    129621        79
  129230    129701        83
  129330    129801        28
  129359    129830        25
  129385    129856       156
  129542    130013        44
  129603    130074        65
  129669    130140        22
  129716    130187        63
  129781    130252        21
  129803    130274        29
  129833    130304        23
  129875    130346        58
  129934    130405       104
  130043    130502        20
  130068    130512        46
  130133    130577        67
  130247    130688        22
  130270    130711        48
  130319    130760        22
  130342    130783        73
  130416    130857        26
  130443    130884        67
  130511    130952       172
  130684    131125        41
  130726    131167        73
  130839    131280        51
  130889    131324        37
  130937    131378        23
  130961    131402        30
  130992    131433        30
  131027    131468        31
  131059    131500        49
  131161    131581        25
  131187    131607        51
  131239    131659        23
  131272    131692        21
  131307    131727        60
  131368    131788        35
  131404    131824        53
  131458    131878        81
  131542    131962        40
  131602    132022        23
  131643    132063        31
  131698    132118        29
  131728    132148        35
  131802    132228        34
  131872    132298        36
  131927    132353        64
  132010    132436        29
  132040    132466        75
  132116    132542        51
  132171    132597        55
  132227    132653        61
  132320    132746        26
  132375    132801        44
  132427    132853        28
  132456    132882        54
  132511    132937        20
  132560    132986        63
  132624    133050        20
  132670    133096        36
  132740    133166        34
  132811    133237        21
  132833    133259        45
  132879    133305        68
  132982    133408        38
  133040    133466        38
  133100    133526        24
  133141    133567        27
  133191    133617        42
  133238    133664        23
  133262    133688        29
  133338    133764        58
  133428    133854        23
  133452    133878        36
  133489    133915        46
  133536    133962        20
  133557    133983        62
  133620    134046        38
  133659    134085        99
  133759    134185        64
  133828    134248       480
  134309    134729       201
  134511    134931       140
  134652    135072       107
  134760    135180       403
  135165    135583       442
  135608    136023       248
  135846    136262      1423
  137270    137686      1651
  138922    139338       825
  139748    140164      1323
  141063    141480       295
  141359    141776      2931
  144291    144708        55
  144347    144764       695
  145043    145460        72
  145111    145522       136
  145248    145659       586
  145835    146246      1091
  146927    147338       102
  147030    147441      1356
  148387    148798       867
  149255    149666       898
  150154    150565        39
  150194    150605        61
  150256    150667       229
  150486    150897        84
  150571    150982       142
  150714    151125       350
  151065    151476       186
  151252    151663       265
  151518    151929       180
  151699    152110       122
  151822    152233       421
  152244    152655        98
  152343    152754       146
  152490    152901       174
  152665    153076       128
  152766    153159       726
  153493    153886       230
  153724    154117       248
  153973    154366       187
  154161    154554       206
  154368    154761        26
  154395    154788       294
  154690    155083       268
  154959    155352        52
  155012    155405       270
  155283    155676      1156
  156440    156833       740
  157181    157574        84
  157266    157659       248
  157515    157908       507
  158023    158416       426
  158450    158843       584
  159035    159428       830
  159866    160259       108
