> gi|442566304|gb|KC180771.1|
       8    159702        23
      10         1        94
     125       114        44
     141       155        74
     231       239        34
     277       314        42
     320       357        23
     342       372        26
     388       418        66
     459       489        73
     543       573        48
     592       622        80
     673       703       212
     886       916        62
     949       979       263
    1213      1243        67
    1281      1311       102
    1384      1414       259
    1644      1674        94
    1739      1769        94
    1835      1865        47
    1889      1914       185
    2096      2121        38
    2135      2160        58
    2204      2229        63
    2268      2293       126
    2395      2420        94
    2490      2515        45
    2536      2561        21
    2572      2597        89
    2662      2687        29
    2692      2717       346
    3055      3080        77
    3133      3158        66
    3218      3243        38
    3257      3282        41
    3299      3324        31
    3331      3356       105
    3461      3486       154
    3616      3641       122
    3769      3797        63
    3833      3861        42
    3876      3904        55
    3932      3960        23
    3965      3991        92
    4055      4077        38
    4098      4120        70
    4169      4191        29
    4181      4220        56
    4238      4277        37
    4276      4315       226
    4496      4534        33
    4555      4593        32
    4588      4626        23
    4625      4663        22
    4648      4686        70
    4710      4747        40
    4751      4788        97
    4867      4904        39
    4929      4966        58
    4981      5017        70
    5052      5088        39
    5106      5142       204
    5304      5339       173
    5468      5504        51
    5520      5556        32
    5553      5589       123
    5677      5713        70
    5748      5784       139
    5888      5924       115
    6047      6077       191
    6239      6269        66
    6322      6353        43
    6356      6394        76
    6433      6471       120
    6554      6592        49
    6602      6634        21
    6624      6656        23
    6649      6681        21
    6671      6703        32
    6717      6749        33
    6757      6782        81
    6839      6864       144
    6984      7009        24
    7012      7039        25
    7040      7067        68
    7108      7134        41
    7176      7202        66
    7243      7269        80
    7324      7350        24
    7359      7377        27
    7387      7405        35
    7420      7433        43
    7464      7477        22
    7501      7514        35
    7549      7575       128
    7678      7704        36
    7715      7741        86
    7802      7828       101
    7904      7930        92
    7988      8016       247
    8236      8264        84
    8325      8357        47
    8401      8425       105
    8507      8531        41
    8539      8562        73
    8613      8636        79
    8693      8716        85
    8779      8797        33
    8815      8831       178
    8994      9010        41
    9036      9052        57
    9094      9110        32
    9122      9133        34
    9157      9168        23
    9181      9192        59
    9233      9250        33
    9267      9284        34
    9302      9319        67
    9368      9380        30
    9406      9413        26
    9422      9431        27
    9452      9461        42
    9495      9504        41
    9555      9567        64
    9620      9632        34
    9655      9667        49
    9724      9736        57
    9783      9795        30
    9819      9826        51
    9871      9878       104
    9967      9972        24
    9992      9997        26
   10019     10024        73
   10094     10104        31
   10127     10137        33
   10161     10171        22
   10184     10194       121
   10306     10316        50
   10357     10367        49
   10407     10417       151
   10568     10578        45
   10614     10624        37
   10661     10671        63
   10718     10730       107
   10826     10838        67
   10894     10906        71
   11002     11015        23
   11027     11051        22
   11080     11102        32
   11106     32239        21
   11113     11156       141
   11255     11298        33
   11289     11332       115
   11405     11448        43
   11449     11492       369
   11819     11862        53
   11873     11916       413
   12290     12333       413
   12704     12747        56
   12751     12795        92
   12844     12888       191
   13036     13080       258
   13303     13353        54
   13359     13409        52
   13412     13462       110
   13529     13572        35
   13563     13612       104
   13667     13710        56
   13724     13767        57
   13782     13825       156
   13939     13982       178
   14118     14161        55
   14169     14210        21
   14183     14230        28
   14212     14259        69
   14282     14329        32
   14315     14362       130
   14437     14481        26
   14464     14508        36
   14507     14551       120
   14621     14664       301
   14913     14955       104
   15018     15060        24
   15057     15099       122
   15198     15240       198
   15398     15438        41
   15440     15480       106
   15547     15587        36
   15584     15624        56
   15660     15700        21
   15766     15784        22
   15789     15807        85
   15889     15903       169
   16059     16073        71
   16131     16145       122
   16254     16268       146
   16416     16430       155
   16572     16586       377
   16966     16980       223
   17199     17213       367
   17567     17581       147
   17731     17745        74
   17806     17820        33
   17840     17854        24
   17865     17879        39
   17914     17927        27
   17942     17955       206
   18149     18162       173
   18323     18336       125
   18449     18462        83
   18574     18587        72
   18647     18660        83
   18731     18744        37
   18769     18782       135
   18905     18918        31
   18940     18953       243
   19184     19197        33
   19217     19224        89
   19307     19314        90
   19398     19405       249
   19648     19655       109
   19758     19765        78
   19837     19844       208
   20046     20053        77
   20124     20131       104
   20229     20236        55
   20285     20292        77
   20372     20379        74
   20447     20454       208
   20656     20663       264
   20921     20928       122
   21044     21051       348
   21393     21400        30
   21424     21431       318
   21743     21750        51
   21795     21802        76
   21872     21879       127
   22000     22007       247
   22248     22255        88
   22337     22344        29
   22367     22374        56
   22424     22431       113
   22538     22545        77
   22616     22623       380
   22997     23004       636
   23634     23641        23
   23658     23665       260
   23930     23938        66
   23990     24000        89
   24080     24090        28
   24118     24128       245
   24381     24391        48
   24429     24433       349
   24797     24801        40
   24838     24842        58
   24917     24921       246
   25164     25168        50
   25215     25219       144
   25375     25379       282
   25658     25662       444
   26103     26107       490
   26594     26598       158
   26753     26757        90
   26844     26848       129
   26974     26978        68
   27043     27047       443
   27487     27491       119
   27607     27611       104
   27712     27716       173
   27886     27890       415
   28300     28301        39
   28340     28341       105
   28446     28447        28
   28475     28476        39
   28524     28525        57
   28582     28583        89
   28672     28673        69
   28742     28743        70
   28804     28813        49
   28854     28863        46
   28901     28910        91
   29018     29024        32
   29051     29057        74
   29118     29436        67
   29213     29531       234
   29448     29766       102
   29553     29871        48
   29627     29945       101
   29750     30070        41
   29792     30112        46
   29839     30159        90
   29930     30250        40
   29971     30291       205
   30171     30496       132
   30304     30629        46
   30351     30676        24
   30376     30701        46
   30421     30740        27
   30447     30760        49
   30515     30828        72
   30591     30909        79
   30671     30994        23
   30704     31027        89
   30790     31111        49
   30840     31161        81
   30921     31237        60
   30995     31311        45
   31063     31364        50
   31133     31434        44
   31178     31479        38
   31217     31518        50
   31271     31572       134
   31399     31698        30
   31451     31750       178
   31635     31929        22
   31677     31970        27
   31705     31998        33
   31739     32032        84
   31827     32120        25
   31839     32659        30
   31870     32690        91
   31962     32782       147
   32110     32930       141
   32254     33072        20
   32276     33100        37
   32306     33128        34
   32338     33154        22
   32361     33177        57
   32419     33235       395
   32825     33641        21
   32847     33663        47
   32895     33711        27
   32939     33739        21
   32961     33761        33
   32990     33787        27
   33027     33818        69
   33109     33900        91
   33220     34011        48
   33276     34060        71
   33378     34129        44
   33423     34174        28
   33462     34218        51
   33530     34286       186
   33706     34463        94
   33803     34560        28
   33840     34580        46
   33916     34661        62
   33986     34731        51
   34038     34783        69
   34109     34847       145
   34244     34983       187
   34434     35172        25
   34452     35189        40
   34486     35222        83
   34570     35306        32
   34604     35340        45
   34665     35396        56
   34722     35453        28
   34769     35500        30
   34800     35531        43
   34844     35575        48
   34893     35624       121
   35054     35762        27
   35082     35790       177
   35260     35968        71
   35332     36040       143
   35476     36184       620
   36097     36805       279
   36377     37085       305
   36683     37391       521
   37205     37913        68
   37274     37982        53
   37328     38036       200
   37529     38237       147
   37675     38377        49
   37731     38433        36
   37785     38487        30
   37810     38517       103
   37914     38621        45
   37958     38672        74
   38060     38774        86
   38162     38876        21
   38180     38901        44
   38225     38946        29
   38255     38976        99
   38355     39076       106
   38450     39176       107
   38551     39275        35
   38615     39336        20
   38691     39352        22
   39232     39386        30
   39277     39442        35
   39313     39478        78
   39383     39547       137
   39521     39685        30
   39549     39710        26
   39580     39741        46
   39621     39781       135
   39766     39934        23
   39790     39958        24
   39815     39983        32
   39860     40028       373
   40234     40402        34
   40289     40457       372
   40662     40830       311
   40974     41142       122
   41097     41265       464
   41562     41730       353
   41916     42084      1116
   43033     43201       146
   43192     43360       398
   43591     43759       214
   43806     43974       528
   44335     44503       182
   44518     44686       288
   44807     44975        30
   44838     45006        20
   44860     45028        55
   44929     45097        71
   45001     45169        62
   45065     45234        62
   45128     45297        32
   45161     45382        68
   45230     45451        39
   45270     45491       140
   45430     45644        35
   45474     45720        88
   45563     45809        83
   45667     45913        31
   45698     45921        81
   45771     45993        77
   45853     46086       417
   46263     46501       480
   46744     46982       151
   46896     47134       142
   47040     47278        94
   47153     47391        46
   47200     47438       115
   47329     47567        48
   47366     47605       265
   47622     47862        25
   47647     47888        61
   47709     47950        92
   47808     48049        49
   47858     48099        64
   47923     48164        57
   47971     48213       120
   48092     48334        49
   48133     48377        23
   48157     48401        69
   48224     48465        41
   48281     48515       278
   48561     48795       370
   48932     49166       410
   49343     49577        32
   49376     49610        30
   49406     49634       212
   49616     49838        58
   49675     49897       197
   49918     50069        52
   49971     50122        20
   49984     50134        24
   50033     50158        23
   50057     50182        42
   50109     50234        28
   50138     50263        52
   50220     50337        29
   50256     50379        59
   50317     50440        45
   50378     50501       111
   50546     50669        21
   50568     50691        36
   50615     50737        73
   50689     50811        47
   50736     50846        55
   50801     50911        31
   50833     50943        57
   50891     51001        61
   50953     51063       210
   51164     51274       111
   51291     51378        37
   51338     51425        84
   51423     51510        21
   51445     51532        47
   51493     51580        32
   51525     51613        46
   51572     51660       305
   51878     51966        95
   52010     52093        46
   52071     52154       117
   52189     52272        46
   52236     52319       226
   52463     52546        87
   52551     52634       127
   52679     52762       267
   52947     53030        55
   53033     53084       156
   53190     53241       590
   53772     53822       226
   53999     54049        24
   54024     54074       140
   54165     54215       152
   54318     54368        66
   54389     54440        29
   54429     54480        32
   54462     54513        21
   54504     54555        22
   54527     54588        61
   54617     54674        41
   54680     54737       109
   54782     54838        81
   54864     54920       275
   55140     55196        89
   55250     55306       210
   55461     55517        26
   55488     55544       184
   55685     55736        57
   55743     55794        51
   55795     55846        25
   55836     55887       186
   56023     56074       504
   56528     56579        77
   56606     56657       263
   56870     56921        74
   56945     56996       601
   57547     57598       152
   57700     57751        74
   57775     57826        52
   57819     57871        95
   57915     57967        20
   57956     57994        95
   58050     58087        63
   58125     58162        35
   58161     58198        31
   58193     58230        36
   58230     58267        41
   58272     58309        22
   58295     58342       347
   58643     58690        56
   58700     58747       320
   59021     59068        29
   59051     59098       179
   59249     59296       698
   59948     59995        78
   60027     60074        73
   60159     60191        48
   60208     60240        45
   60254     60286        44
   60299     60331        97
   60400     60437        31
   60441      9124        20
   60460     60498       125
   60586     60624        38
   60625     60663        22
   60648     60686        39
   60699     60737       125
   60838     60876        59
   60912     60950        32
   60945     60983        54
   61000     61038       108
   61109     61147       136
   61275     61313       112
   61388     61426        56
   61472     61510       423
   61896     61934       358
   62252     62285        55
   62314     62347        28
   62352     62382        44
   62397     62428        36
   62453     62483        41
   62495     62525        64
   62561     62591        41
   62606     62636        37
   62649     62756        98
   62748     62855        22
   62797     62904       222
   63011     63119        64
   63088     63196        72
   63161     63269        85
   63247     63369        32
   63296     63418        62
   63357     63475       197
   63555     63673        91
   63647     63765        53
   63701     63819       227
   63929     64047        41
   63989     64107        56
   64046     64164        32
   64079     64197        49
   64129     64247        77
   64205     64317       103
   64309     64421        31
   64345     64458        46
   64392     64505        45
   64457     64586        72
   64549     64680        36
   64586     64717        45
   64665     64837       108
   64774     64946        37
   64840     65013       126
   64967     65140       134
   65102     65275       176
   65279     65452       198
   65478     65651        71
   65559     65732        60
   65626     65799        88
   65715     65888        65
   65791     65964        74
   65875     66048       116
   65992     66165       188
   66181     66354       177
   66359     66532        72
   66432     66605        75
   66508     66681        59
   66568     66741       250
   66819     66992        50
   66878     67051        48
   66943     67116        30
   66974     67147        32
   66999     67171        36
   67045     67217        25
   67105     67277        26
   67132     67304        73
   67212     67372        92
   67329     67489        45
   67375     67535       121
   67497     67657        62
   67560     67720        80
   67642     67803        28
   67659     67821       150
   67810     67972        34
   67845     68007        21
   67867     68029       216
   68084     68246       660
   68745     68907        20
   68779     68935        69
   68849     69005       113
   68963     69119        20
   69003     69154        74
   69069     69218        44
   69114     69263        24
   69152     69301        36
   69189     69338        33
   69206     69368        33
   69232     69392        30
   69263     69423        39
   69303     69463        40
   69353     69513       117
   69470     69624        25
   69511     69664        23
   69587     69739       236
   69837     69989        21
   69863     70015        50
   69914     70066       103
   70018     70170        58
   70077     70229        60
   70138     70290       155
   70292     70447        37
   70330     70485       159
   70493     70645        25
   70519     70671        54
   70574     70725       218
   70812     70957        29
   70840     70968        27
   70868     70996        31
   70911     71033        24
   70936     71058        37
   71041     71105        99
   71134     71194       162
   71315     71375        63
   71380     71434        25
   71406     71562       103
   71510     71666        47
   71572     71716        54
   71627     71771        48
   71669     71819        25
   71695     71845       194
   71890     72040        29
   71928     72079        36
   71965     72116        43
   72009     72160       282
   72292     72443        36
   72329     72479        96
   72419     72568        62
   72482     72631        73
   72556     72705       195
   72752     72901       136
   72889     73038       195
   73085     73234        45
   73133     73287        52
   73186     73340       113
   73337     73491        68
   73421     73575       142
   73566     73720        21
   73579     73732        64
   73644     73797        24
   73680     73835       226
   73907     74062        55
   73967     74122       179
   74147     74302       221
   74384     74539        23
   74408     74563        56
   74465     74620        87
   74541     74700        22
   74564     74723        80
   74645     74804        92
   74738     74897       220
   74959     75118        63
   75023     75182       119
   75150     75309       106
   75246     75404        20
   75281     75440        74
   75368     75527        99
   75468     75627       202
   75676     75834       174
   75851     76009        72
   75928     76086        64
   75993     76151       370
   76365     76522        27
   76393     76550        32
   76426     76583        61
   76488     76645       618
   77107     77264       539
   77653     77810       150
   77804     77961       274
   78079     78236       195
   78288     78445       160
   78446     78594       235
   78682     78830       155
   78849     78997        41
   78877     79029        88
   78966     79118        51
   79018     79170       113
   79144     79292       136
   79301     79449        82
   79377     79524        95
   79473     79620        70
   79548     79695        61
   79610     79757       569
   80180     80327       513
   80693     80848       126
   80820     80975        67
   80888     81043        60
   80949     81104        50
   81000     81155        51
   81073     81240        95
   81169     81336        24
   81194     81361       173
   81368     81535       158
   81527     81694       263
   81791     81958        94
   81878     82050        48
   81932     82100        22
   81947     82114       204
   82170     82337        44
   82215     82382        41
   82257     82424       295
   82553     82720       114
   82668     82835       202
   82871     83038       132
   83004     83171        38
   83051     83218       239
   83329     83496        95
   83425     83592        59
   83485     83652       124
   83610     83777        23
   83634     83801       146
   83781     83948        28
   83865     84027       158
   84032     84194        32
   84065     84227       538
   84604     84766        47
   84663     84829        24
   84688     84854        23
   84714     84880        61
   84776     84942       449
   85226     85390        55
   85282     85446        92
   85375     85539       391
   85787     85951       100
   85888     86052        34
   85923     86087        67
   86012     86156       179
   86192     86336        49
   86242     86386        20
   86261     86404        32
   86294     86437        33
   86323     86470        54
   86378     86525        79
   86458     86605        21
   86482     86635        23
   86506     86659        93
   86600     86753        47
   86651     86799        66
   86737     86885        71
   86813     86962        22
   86859     87008        40
   86900     87049        64
   86965     87114        50
   87034     87183       123
   87158     87307        79
   87247     87396        26
   87274     87423        75
   87350     87499        52
   87426     87575        85
   87512     87661       153
   87666     87815        50
   87717     87866        44
   87762     87911        40
   87803     87952        42
   87849     87998        76
   87926     88075        21
   87964     88113        67
   88024     88179        46
   88071     88226        65
   88137     88292       101
   88239     88394        78
   88336     88484      1280
   89617     89765       257
   89875     90023      1183
   91059     91207        84
   91144     91292      1668
   92813     92961        54
   92868     93016       444
   93313     93461        52
   93366     93514       166
   93533     93681       101
   93635     93783       294
   93930     94078       670
   94601     94749       190
   94792     94940        39
   94832     94980       984
   95817     95965       146
   95964     96112        98
   96063     96211       421
   96485     96633       122
   96608     96756       180
   96789     96937       452
   97242     97390       350
   97593     97741       227
   97821     97969       291
   98113     98261        39
   98153     98301       477
   98631     98779      1300
   99923    100072      1438
  101362    101511       853
  102216    102365       742
  102957    103107       155
  103113    103263        42
  103156    103306       100
  103257    103407        90
  103348    103498       426
  103775    103925       177
  103953    104103        55
  104009    104159       518
  104528    104678      1833
  106362    106512       874
  107228    107379        24
  107253    107404       583
  107837    107988       714
  108552    108703      2477
  111030    111181      1273
  112295    112444       102
  112398    112547        69
  112468    112617       668
  113138    113285       511
  113650    113797       342
  113993    114140       480
  114478    114619        64
  114543    114684        99
  114643    114784        38
  115912    114994        66
  115979    115061        46
  116026    115108        55
  116082    115164        41
  116124    115206        37
  116162    115244       178
  116353    115435        60
  116414    115496        34
  116458    115540        48
  116507    115589       125
  116633    115715        29
  116726    115802        20
  116747    115823        52
  116800    115876       245
  117046    116122        35
  117088    116164        26
  117133    116209        60
  117194    116270       145
  117340    116416       260
  117610    116686       350
  117961    117037        54
  118016    117092        75
  118092    117168        77
  118185    117261        48
  118234    117310        30
  118265    117341        49
  118315    117391        24
  118356    117425        22
  118379    117448        33
  118430    117499        22
  118471    117540        62
  118535    117604        45
  118581    117650        25
  118607    117676        34
  118665    117731        26
  118692    117758        49
  118785    117853        61
  118847    117915        21
  118869    117937        31
  118901    117969        38
  118932    118001        77
  119002    118070        76
  119075    118139        64
  119140    118204        27
  119168    118232        71
  119240    118304        61
  119290    118355        23
  119315    118368        96
  119406    118462        30
  119430    118485        23
  119454    118509        22
  119477    118532        22
  119514    118569        34
  119549    118604        24
  119582    118637        34
  119617    118672        22
  119853    118745        53
  119917    118809        30
  119951    118844       156
  120108    119001        74
  120200    119088        54
  120255    119143        49
  120305    119193        36
  120344    119232       142
  120501    119389        34
  120536    119424        37
  120574    119462        69
  120644    119532        69
  120714    119602        87
  120802    119690        52
  120855    119743       185
  121041    119929        70
  121112    120000        65
  121170    120064        58
  121242    120131       139
  121400    120300       111
  121512    120412       117
  121630    120530       174
  121815    120715       103
  121929    120829       307
  122237    121137        80
  122318    121218        26
  122358    121258       108
  122467    121367        57
  122525    121425       239
  122765    121665        75
  122863    121763        21
  122885    121785        97
  122983    121883        29
  123023    121922        62
  123093    121993       103
  123197    122097       125
  123323    122223       167
  123492    122392        58
  123549    122454        40
  123569    122494        36
  123616    122537        58
  123675    122596        22
  123716    122637        95
  123812    122733       198
  124011    122932        42
  124054    122975        24
  124095    123016        67
  124163    123084       118
  124282    123203       217
  124500    123421       229
  124740    123661        85
  124829    123750        56
  124899    123819        23
  124929    123844        42
  124972    123887       141
  125114    124029        94
  125209    124124       230
  125440    124355        41
  125482    124397        56
  125539    124454        56
  125596    124511        80
  125651    124591       305
  125957    124897        95
  126053    124993        59
  126113    125053        61
  126175    125115       205
  126381    125321        36
  126429    125375        41
  126471    125417        46
  126513    125456        49
  126563    125506        49
  126623    125566        43
  126686    125630       161
  126848    125792        38
  126887    125831        34
  126924    125868       160
  127091    126035        54
  127139    126080        98
  127237    126156        78
  127312    126227        21
  127344    126255       244
  127589    126500        47
  127637    126548        29
  127667    126578       214
  127882    126793       217
  128100    127011       189
  128290    127201       244
  128535    127446       139
  128675    127586       116
  128792    127703       171
  128964    127875       155
  129120    128031        44
  129165    128076        66
  129232    128143       128
  129361    128272        49
  129411    128322        42
  129454    128365        48
  129507    128419        53
  129560    128527        20
  129615    128548        47
  129676    128609        40
  129717    128650        20
  129737    128667        36
  129774    128704        55
  129831    128761        87
  129924    128854        51
  129976    128906        91
  130068    128998        61
  130130    129060        21
  130168    129098        28
  130197    129127        25
  130223    129153        75
  130299    129229        48
  130380    129310        60
  130441    129371        46
  130507    129437        22
  130550    129480        60
  130619    129549        21
  130648    129578        46
  130693    129704        57
  130744    129761        24
  130769    129786        87
  130875    129892        44
  130920    129937        22
  130960    129977        21
  130989    130006        22
  131012    130029        48
  131065    130082        90
  131158    130175        26
  131185    130202        40
  131227    130244        56
  131284    130301        89
  131374    130391        51
  131426    130443        23
  131468    130485        72
  131577    130594        55
  131631    130642        38
  131679    130696        47
  131734    130751        34
  131801    130818        30
  131891    130893        31
  131923    130925        40
  131999    131001        26
  132043    131045        60
  132104    131106        59
  132172    131174        21
  132207    131209        21
  132229    131231        29
  132278    131280        59
  132344    131346        30
  132375    131377        35
  132417    131419        80
  132500    131502        21
  132536    131538        36
  132590    131592        54
  132663    131665        47
  132728    131730        47
  132793    131795        58
  132852    131854        51
  132907    131909        53
  132963    131965        48
  133056    132058        26
  133100    132102        55
  133156    132158        30
  133210    132212        31
  133247    132249        48
  133296    132298        42
  133339    132341        20
  133360    132362        20
  133417    132419        26
  133476    132478        34
  133511    132513        78
  133620    132628        30
  133694    132702        50
  133764    132772        38
  133803    132811        45
  133922    132930        35
  133981    132989        34
  134062    133070        22
  134097    133105        41
  134172    133180        40
  134213    133221        46
  134281    133289        62
  134344    133352        38
  134383    133391        99
  134483    133491        64
  134552    133554       480
  135033    134035       342
  135376    134378       511
  135889    134889       668
  136558    135558        69
  136628    135628       102
  136722    135720      1273
  137996    136994      2477
  140474    139472       714
  141189    140187       583
  141773    140771        24
  141789    140788       874
  142664    141663      1833
  144498    143497       518
  145017    144016        55
  145073    144072       177
  145251    144250       426
  145678    144677        90
  145769    144768       100
  145870    144869        42
  145913    144912       155
  146067    145067       742
  146810    145810       853
  147664    146664      1438
  149094    148095      1300
  150395    149396       477
  150873    149874        39
  150913    149914       291
  151205    150206       227
  151433    150434       350
  151784    150785       452
  152237    151238       180
  152418    151419       122
  152541    151542       421
  152963    151964        98
  153062    152063       146
  153209    152210       984
  154194    153195        39
  154234    153235       190
  154425    153426       670
  155096    154097       294
  155391    154392       101
  155493    154494       166
  155660    154661        52
  155713    154714       444
  156158    155159        54
  156213    155214      1668
  157882    156883        84
  157967    156968      1183
  159151    158152       257
  159409    158410      1280
