> gi|442567594|gb|KC180786.1|
       8         1        83
     132       116        30
     163       147        34
     199       182        23
     258       241        27
     278       263        25
     304       289        31
     345       323        22
     400       377        23
     424       401        35
     460       437        59
     544       521       102
     647       624       206
     854       831        32
     887       864       326
    1214      1191       170
    1385      1362       290
    1676      1653        63
    1740      1717        21
    1771      1748        63
    1835      1812        21
    1857      1834       226
    2090      2067        35
    2131      2108        29
    2190      2167       174
    2365      2342       120
    2486      2463        81
    2568      2545        57
    2626      2603        74
    2701      2678       333
    3071      3048        34
    3106      3083        23
    3130      3107       122
    3253      3230        73
    3341      3318        96
    3470      3441       147
    3618      3589       122
    3772      3745        45
    3836      3809        42
    3885      3858        73
    3959      3932        55
    4015      3988        44
    4061      4026        38
    4104      4069       100
    4187      4169        56
    4244      4226        37
    4282      4264        29
    4304      4293       204
    4502      4490        33
    4625      4609        28
    4678      4661        79
    4758      4741        74
    4833      4816        22
    4874      4857        39
    4936      4920        58
    4988      4971        70
    5069      5053        24
    5111      5095       140
    5252      5236        65
    5311      5294       114
    5426      5409        58
    5486      5471       112
    5599      5584        23
    5623      5608        41
    5684      5669        70
    5767      5752       146
    5914      5899        96
    6009      5988        44
    6054      6033       191
    6246      6225        83
    6330      6309        48
    6379      6358        61
    6441      6420       120
    6562      6541        49
    6610      6583        51
    6681      6655        59
    6753      6723        75
    6844      6813        73
    6918      6887        96
    7051      7022        63
    7114      7084        35
    7182      7160       146
    7330      7313        24
    7355      7338        73
    7426      7404        99
    7508      7505        34
    7555      7564       128
    7684      7693       225
    7916      7931        35
    7952      7967        48
    7990      8007       241
    8240      8260        40
    8273      8299        39
    8325      8350        48
    8374      8399        24
    8410      8432        95
    8506      8528        41
    8538     17715        22
    8550      8570        54
    8614      8634        79
    8694      8714        55
    8728      8769        57
    8786      8823        31
    8808      8844       168
    8995      9031        41
    9037      9073        30
    9068      9104       171
    9252      9294        41
    9318      9360        32
    9351      9393        41
    9385      9428        54
    9440      9483       101
    9543      9586       226
    9771      9814        26
    9802      9845        51
    9854      9897       100
    9974     10015       106
   10081     10122        27
   10113     10154        34
   10148     10189        22
   10176     10217       113
   10295     10337        50
   10346     10388        49
   10396     10438       151
   10548     10590        38
   10580     10620        22
   10613     10653        30
   10650     10690       103
   10754     10794        34
   10783     10824        99
   10883     10924        28
   10912     10953        21
   10960     11002        54
   11017     11057        23
   11032     11071        72
   11127     11162       129
   11257     11292       193
   11451     11486       369
   11821     11856       698
   12520     12555       216
   12737     12772        25
   12753     12789        92
   12846     12882       191
   13038     13074       261
   13312     13347        47
   13361     13396       163
   13521     13549       114
   13645     13673        30
   13675     13697        56
   13732     13754        57
   13790     13812        36
   13827     13849       119
   13947     13969       270
   14218     14240        66
   14295     14313        22
   14312     14329       155
   14468     14485        36
   14511     14528        38
   14554     14573        53
   14608     14627        25
   14625     14643       228
   14854     14872       168
   15023     15041        24
   15062     15080        32
   15090     15107       113
   15204     15221       224
   15428     15439        23
   15452     15463       106
   15559     15570        36
   15596     15607        56
   15672     15683        21
   15727     15723        21
   15755     15750        32
   15791     15786        86
   15893     15886       169
   16063     16056        71
   16135     16128       269
   16420     16413       155
   16576     16569       289
   16866     16859        81
   16948     16941       200
   17149     17142        53
   17203     17196       197
   17401     17394       169
   17571     17564       147
   17734     17731        64
   17809     17806        65
   17916     17912        28
   17962     17958       101
   18064     18060        87
   18152     18148       383
   18536     18532        21
   18558     18554       175
   18734     18730        37
   18772     18768        28
   18801     18797        77
   18879     18875       188
   19068     19064        28
   19097     19093       115
   19213     19209        90
   19304     19300        90
   19395     19391       359
   19755     19751        86
   19842     19838       383
   20226     20222        22
   20249     20245        32
   20282     20278        85
   20369     20365        48
   20418     20414        25
   20444     20440       208
   20653     20649       264
   20918     20914       821
   21740     21736       128
   21869     21865       127
   21997     21993       102
   22100     22096       144
   22245     22241       175
   22421     22417       113
   22535     22531        77
   22613     22609       380
   22994     22990       636
   23631     23627       248
   23880     23876        72
   23953     23949        41
   23988     23990        89
   24078     24080        28
   24107     24109       254
   24369     24371        35
   24405     24407        22
   24427     24423        20
   24448     24444        60
   24509     24505       285
   24795     24791        40
   24836     24832        78
   24915     24911       246
   25162     25158        50
   25213     25209        56
   25270     25266        87
   25373     25369       282
   25656     25652       321
   25978     25974       122
   26101     26097       201
   26303     26299        23
   26327     26323        41
   26369     26365       221
   26591     26587       250
   26842     26838       129
   26972     26968        68
   27041     27037       563
   27605     27601        62
   27686     27682        23
   27710     27706       589
   28298     28291        39
   28356     28349        66
   28434     28427        58
   28522     28515        67
   28597     28589        73
   28671     28663        76
   28748     28740        62
   28802     28802        50
   28853     28853        46
   28900     28900        94
   28995     28995        22
   29017     29014       107
   29116     29114        25
   29142     29140        33
   29176     29174       117
   29296     29294        61
   29358     29356       137
   29523     29521       161
   29685     29683        72
   29758     29756        73
   29832     29830        28
   29861     29859        50
   29937     29935        67
   30061     30060        88
   30161     30160       131
   30306     30306        84
   30391     30391        95
   30481     30486        42
   30524     30529        89
   30614     30619        46
   30661     30666        24
   30686     30691        45
   30717     30736        35
   30751     30764        49
   30819     30832       155
   30975     30993        30
   31006     31024        40
   31045     31069        46
   31088     31110        22
   31115     31139        22
   31138     31162        80
   31224     31243        55
   31280     31299        68
   31368     31379        43
   31431     31442        44
   31476     31487        38
   31515     31526        53
   31569     31580       110
   31680     31691        24
   31696     31706        52
   31749     31759       178
   31970     31986        20
   31997     32014        25
   32023     32040        50
   32074     32091        41
   32126     32682        30
   32157     32713        91
   32252     32808        91
   32334     32897       161
   32496     33059        42
   32562     33130        37
   32610     33177        79
   32709     33276       171
   32881     33448       225
   33112     33679        42
   33154     33717        23
   33178     33741        27
   33224     33787        38
   33275     33844        92
   33385     33950        45
   33438     34003        21
   33460     34025        67
   33538     34103       101
   33640     34205        34
   33704     34269        61
   33766     34331        59
   33841     34406       126
   33960     34523        93
   34056     34619        61
   34118     34681        41
   34169     34737        68
   34239     34807        51
   34291     34859        34
   34326     34894        34
   34362     34923       381
   34737     35297        69
   34807     35367        93
   34956     35489        40
   34997     35530        24
   35024     35557        48
   35073     35606        82
   35156     35689       131
   35330     35839       203
   35534     36043        71
   35606     36115       683
   36290     36799        80
   36371     36880       602
   36974     37483       366
   37341     37850       137
   37479     37988        68
   37548     38057        53
   37602     38111       347
   37949     38440        67
   38023     38514        36
   38060     38551        47
   38102     38598        96
   38216     38712        22
   38249     38739        88
   38338     38828        26
   38365     38855       101
   38467     38957        21
   38485     38982        44
   38530     39027       129
   38660     39157       223
   38993     39426        38
   39039     39474        54
   39094     39529        20
   39197     39621        46
   39245     39669        32
   39342     39760        36
   39501     39793        64
   39543     39854        25
   39569     39880       114
   39675     39985       122
   39840     40149        24
   39872     40181        46
   39913     40221       135
   40057     40374        48
   40106     40423        35
   40151     40468       373
   40525     40842        54
   40580     40897       108
   40689     41006       698
   41388     41705       464
   41866     42183       508
   42375     42692       891
   43267     43584        56
   43324     43641       146
   43471     43788       176
   43648     43965       233
   43882     44199       554
   44437     44754       188
   44626     44943       182
   44809     45126       205
   45015     45332        82
   45098     45415        30
   45129     45446        20
   45168     45468        55
   45237     45537        45
   45283     45583        88
   45373     45674        62
   45445     45746        23
   45547     45789        21
   45548     45753        24
   45557     45836        48
   45605     45872        31
   45637     45913        97
   45735     46011       102
   45837     46106        26
   45881     46149        88
   45970     46238        83
   46074     46342        89
   46156     46422        77
   46244     46511        54
   46299     46566       355
   46647     46919        78
   46726     46998       153
   46880     47152       247
   47128     47400       294
   47424     47696        94
   47531     47803        52
   47584     47856        42
   47618     47889        74
   47693     47964        67
   47750     48024       280
   48020     48295        95
   48114     48387        68
   48183     48456        55
   48239     48512        64
   48304     48577        23
   48352     48621        86
   48439     48708        33
   48473     48742        49
   48514     48784        93
   48606     48872        41
   48649     48914       184
   48835     49100        41
   48877     49142        65
   48943     49208        28
   48972     49237        72
   49045     49309        43
   49089     49353        87
   49177     49441        66
   49272     49536        20
   49293     49557        21
   49315     49579       281
   49597     49861       268
   49870     50129       131
   49999     50252        58
   50058     50311       224
   50306     50556       110
   50417     50667        57
   50475     50725        52
   50539     50783        38
   50584     50846        32
   50617     50879        33
   50652     50914        45
   50736     50998        88
   50830     51092        32
   50881     51143        59
   50952     51212       118
   51073     51321        55
   51138     51386        31
   51170     51418        57
   51228     51476        61
   51290     51538       210
   51501     51749       127
   51638     51886        37
   51676     51924        93
   51770     52018        21
   51792     52040        47
   51875     52123       300
   52176     52424        95
   52272     52520        49
   52343     52586        61
   52419     52662        63
   52492     52735        44
   52537     52801        46
   52584     52848        54
   52639     52903        99
   52739     53003        22
   52781     53045       117
   52899     53163        87
   52987     53251        39
   53027     53291        56
   53084     53348       158
   53243     53507        51
   53295     53559        55
   53381     53613        32
   53424     53660        91
   53516     53752       167
   53684     53920       444
   54120     54355       107
   54228     54463       284
   54513     54748       152
   54666     54901        69
   54736     54971        29
   54766     55001        42
   54831     55066        32
   54879     55207        41
   54942     55270       110
   55045     55371       234
   55280     55606        91
   55368     55695        35
   55404     55731        89
   55518     55845       165
   55684     56011        90
   55775     56102       161
   55937     56264        56
   55994     56321        59
   56067     56395        27
   56110     56438       107
   56218     56546       646
   56865     57193       263
   57129     57457        74
   57204     57532        95
   57300     57628        71
   57372     57700       236
   57609     57937       326
   57936     58264        22
   57959     58287        74
   58034     58362        52
   58078     58408        71
   58150     58480        23
   58174     58504        54
   58228     58557        83
   58316     58644        57
   58385     58713        28
   58419     58741        33
   58453     58775        36
   58539     58854        22
   58562     58887        20
   58594     58919        67
   58662     58987       247
   58910     59235        63
   58974     59299       313
   59288     59613        29
   59318     59643        35
   59354     59679       224
   59579     59904       228
   59808     60133       406
   60233     60558        60
   60294     60619        59
   60368     60693        30
   60412     60736        48
   60461     60785        45
   60507     60831        37
   60552     60876        72
   60624     60943        30
   60658     60981        31
   60718     61044        24
   60734     61066        34
   60780     61094        21
   60802     61116       115
   60918     61232        39
   60969     61283        47
   61017     61331        89
   61108     61422        59
   61182     61496        25
   61227     61541        48
   61276     61590       102
   61379     61693       136
   61529     61843        54
   61584     61898       130
   61715     62029       181
   61897     62211        41
   61939     62253       112
   62052     62366       411
   62471     62785        40
   62512     62826        49
   62579     62893        28
   62618     62928        44
   62663     62974        36
   62710     63020       116
   62827     63137        27
   62852     63167        53
   62911     63303        64
   62975     63361        40
   63016     63402        22
   63065     63451        24
   63090     63476       235
   63356     63742        20
   63377     63763        51
   63436     63822        42
   63479     63865        35
   63515     63915        32
   63564     63964        34
   63593     63991       318
   63912     64310        81
   63994     64392        75
   64070     64468       123
   64194     64592        54
   64254     64652        56
   64331     64729        99
   64431     64829        40
   64489     64881        61
   64551     64943        22
   64574     64966        31
   64606     64998        46
   64671     65063        51
   64742     65134        53
   64802     65195        49
   64856     65249        45
   64931     65356       154
   65106     65531        60
   65167     65592        54
   65233     65658        71
   65305     65730        70
   65376     65801       192
   65569     65994       174
   65744     66169       141
   65892     66317        88
   65991     66416       160
   66152     66577       105
   66258     66683       188
   66447     66872       177
   66625     67050        72
   66698     67123       425
   67134     67569        29
   67163     67593        71
   67246     67676        21
   67260     67689        36
   67297     67726        53
   67366     67795        26
   67393     67822        37
   67431     67860        36
   67478     67907        96
   67590     68019        45
   67636     68065        22
   67659     68088        48
   67708     68137        49
   67758     68187        62
   67821     68250        89
   67903     68333       223
   68127     68557       541
   68669     69099       286
   68956     69386        69
   69026     69456       159
   69186     69616        30
   69217     69647        20
   69242     69673        85
   69319     69748        21
   69341     69770        22
   69364     69793        24
   69397     69826        41
   69439     69868        49
   69483     69909        29
   69513     69939        80
   69594     70020        48
   69643     70069       111
   69755     70181        35
   69813     70239        77
   69891     70317       159
   70078     70504        23
   70102     70528       158
   70274     70700        45
   70320     70746        60
   70381     70807       143
   70515     70943        23
   70536     70959        44
   70597     71004       159
   70757     71165        25
   70783     71191        21
   70805     71213        32
   70847     71248       264
   71110     71494        27
   71138     71522        31
   71194     71571        65
   71260     71637        62
   71322     71694        94
   71410     71778       162
   71591     71959        22
   71614     71982        40
   71656     72018        26
   71680     72144        37
   71718     72182       102
   71849     72301        71
   71921     72373       235
   72167     72619        46
   72206     72657        35
   72242     72693        43
   72286     72737       415
   72695     73145        34
   72722     73173        35
   72758     73209       241
   73000     73451       298
   73291     73749       108
   73408     73871        46
   73455     73918       118
   73606     74069        68
   73675     74138       181
   73848     74310        64
   73913     74375        43
   73949     74412        22
   73975     74438       244
   74233     74696       182
   74416     74879       260
   74677     75140        27
   74705     75168       115
   74810     75277        21
   74832     75299        80
   74932     75399       478
   75418     75885        65
   75476     75942        47
   75547     76017        73
   75633     76103        99
   75733     76203        59
   75794     76264       142
   75942     76411        31
   75974     76443        35
   75981     76472        47
   76029     76520       160
   76190     76681        68
   76259     76750       119
   76379     76870       250
   76623     77113        35
   76659     77149       239
   76899     77389       140
   77040     77530       872
   77919     78409        44
   77964     78454       105
   78070     78560       187
   78258     78748        86
   78345     78835        38
   78384     78874       554
   78939     79429        39
   78979     79469       115
   79106     79596        41
   79134     79628        88
   79223     79717       165
   79400     79891       115
   79522     80005        34
   79557     80040        82
   79640     80123        87
   79728     80211        70
   79803     80286        30
   79858     80348       488
   80347     80837        50
   80398     80888       352
   80751     81241        68
   80820     81310       128
   80951     81442        32
   80984     81475        90
   81075     81566        55
   81131     81622        72
   81204     81695        50
   81255     81746        51
   81307     81798        26
   81328     81831        25
   81354     81857        94
   81449     81952       173
   81623     82126       158
   81782     82285       321
   82104     82607        36
   82133     82641        47
   82182     82691       237
   82420     82929        44
   82465     82974       713
   83179     83688       361
   83541     84050       132
   83674     84183        59
   83735     84244       124
   83860     84369        23
   83884     84393       166
   84060     84569        23
   84084     84593        22
   84109     84618       118
   84228     84737        22
   84251     84760       134
   84386     84895       503
   84907     85421        24
   84932     85446        23
   84956     85470        36
   84993     85507       418
   85412     85926        57
   85470     85983       148
   85619     86132       391
   86032     86545        86
   86110     86625        21
   86167     86682        39
   86207     86722        27
   86259     86754       109
   86369     86864        66
   86436     86931        70
   86505     86999        50
   86557     87051       129
   86702     87196        33
   86741     87230       106
   86848     87337        55
   86908     87393        57
   86966     87451        94
   87060     87547        22
   87083     87570        22
   87121     87608        90
   87221     87708        59
   87281     87768       191
   87473     87960        47
   87521     88008        88
   87610     88097        39
   87673     88160        49
   87723     88210        35
   87759     88246        26
   87796     88284       113
   87913     88401        50
   87964     88452       128
   88096     88584        32
   88129     88617        35
   88167     88655        43
   88211     88699        67
   88271     88765       112
   88414     88908       150
   88603     89102       205
   88809     89308      1312
   90122     90621       683
   90806     91305       191
   90998     91497       307
   91306     91805        84
   91391     91890      2168
   93560     94059        52
   93613     94112       268
   93882     94381       294
   94177     94676        26
   94204     94703        68
   94273     94772       574
   94848     95347       230
   95079     95578       154
   95234     95733        89
   95324     95823       481
   95778     96259       303
   96082     96563       146
   96229     96710        98
   96328     96809       421
   96750     97231       122
   96873     97354       180
   97054     97535       265
   97320     97801       186
   97507     97988       350
   97858     98339       227
   98086     98567       237
   98324     98805        53
   98378     98859        39
   98418     98899       304
   98723     99204      1474
  100188    100670       176
  100365    100847       961
  101327    101809       317
  101645    102127       515
  102161    102643      1299
  103456    103932        72
  103529    104005       695
  104225    104701        55
  104281    104757      2931
  107213    107689       295
  107500    107977      1323
  108824    109301       640
  109465    109942      1836
  111302    111779      1460
  112763    113240       400
  113164    113641       223
  113408    113883       403
  113812    114287       107
  113920    114395       140
  114061    114536       201
  114263    114738       480
  114748    115217        64
  114813    115282        87
  114913    115382        24
  115049    115451        32
  115103    115512        45
  115149    115558        79
  115229    115638        64
  115294    115703        37
  115332    115741        79
  115412    115821        56
  115469    115878        41
  115523    115932        60
  115584    115993        34
  115652    116061        58
  115711    116120        25
  115745    116154        35
  115781    116190        35
  115865    116268        30
  115896    116299        20
  115917    116320        52
  115970    116373       185
  116156    116559        95
  116258    116661        26
  116285    116688        32
  116318    116721       116
  116435    116838        74
  116510    116913        71
  116582    116985       188
  116771    117174        65
  116837    117240       348
  117186    117589       153
  117355    117758        48
  117404    117807       121
  117548    117951        33
  117582    117985        48
  117629    118039        74
  117704    118114        45
  117750    118160        25
  117776    118186        34
  117832    118241        75
  117911    118314        24
  117951    118354        38
  117997    118400        63
  118061    118464        38
  118108    118512        61
  118162    118565        76
  118232    118634        92
  118325    118727        71
  118397    118799        42
  118441     32675        22
  118458    118866        97
  118550    118961        46
  118620    119031        36
  118657    119068       102
  118760    119171        33
  118794    119205        22
  118991    119248        58
  119050    119307       201
  119252    119509        78
  119344    119596        54
  119399    119651        97
  119509    119761       135
  119645    119897        72
  119720    119972       137
  119858    120110        87
  119946    120198        52
  119999    120251        38
  120038    120290       211
  120256    120508        44
  120317    120569        55
  120404    120651       120
  120517    120763        23
  120546    120800        54
  120603    120856        36
  120640    120893       264
  120905    121158        25
  120931    121184        30
  120962    121215       103
  121066    121319       273
  121340    121593        43
  121384    121637        30
  121415    121668        49
  121465    121718        26
  121505    121758       166
  121672    121925        86
  121759    122012       146
  121906    122159       102
  122010    122263        21
  122032    122285        97
  122130    122383        29
  122170    122422        33
  122204    122455        28
  122224    122476       119
  122344    122596       125
  122470    122722       146
  122639    122891        58
  122696    122953        39
  122736    122993        24
  122759    123007        90
  122853    123101       110
  122964    123212       155
  123120    123368        42
  123163    123411        80
  123244    123492        70
  123334    123582        99
  123434    123682       224
  123659    123907       222
  123882    124130        55
  123938    124186        29
  123979    124227        23
  124003    124251        34
  124051    124291        24
  124096    124336        22
  124128    124368        27
  124177    124411        78
  124253    124473        26
  124284    124503        86
  124371    124590        53
  124425    124644       170
  124602    124821        41
  124644    124863        50
  124695    124914        62
  124758    124977        26
  124785    125004       153
  124939    125158        44
  124984    125203        53
  125038    125257        80
  125119    125338        95
  125215    125434        59
  125275    125494        61
  125337    125556       242
  125591    125811        22
  125633    125853        46
  125675    125892        99
  125795    126012        34
  125848    126065        54
  125892    126112        29
  125937    126157        71
  126014    126234        33
  126048    126268        35
  126085    126305        94
  126199    126419        43
  126252    126472        55
  126302    126517        53
  126356    126571        70
  126427    126642        62
  126486    126702       244
  126731    126947       292
  127024    127240       407
  127432    127648       244
  127677    127893       173
  127851    128067       254
  128106    128322       177
  128319    128535        54
  128374    128590       128
  128503    128719        49
  128561    128777        34
  128596    128812        48
  128649    128866        90
  128740    128957        39
  128803    129006        57
  128861    129064        42
  128948    129150        20
  128969    129171       106
  129076    129278        42
  129119    129321        51
  129183    129385        20
  129204    129406        58
  129263    129465        77
  129363    129565        28
  129392    129594        25
  129421    129623        72
  129494    129696        70
  129575    129777        21
  129648    129850        53
  129702    129904        22
  129725    129927        87
  129814    130016        21
  129836    130038        29
  129866    130068        41
  129908    130110        58
  129967    130169       117
  130101    130288        46
  130166    130353        28
  130195    130382        38
  130280    130467        22
  130303    130490        48
  130352    130539        96
  130449    130636        26
  130496    130683        47
  130544    130731       172
  130717    130904        28
  130759    130946        73
  130868    131055        55
  130922    131103        38
  130970    131157        23
  130994    131181        30
  131025    131212        30
  131060    131247        31
  131092    131279        37
  131194    131360        25
  131220    131386        33
  131272    131438        23
  131296    131462        30
  131340    131506        60
  131401    131567        75
  131469    131650        21
  131491    131672        31
  131523    131704        49
  131575    131756       132
  131714    131895        82
  131797    131978        21
  131835    132016        34
  131905    132086        36
  131960    132141        64
  132048    132229        24
  132073    132254        75
  132149    132330        24
  132174    132355        26
  132204    132385        26
  132231    132412        28
  132260    132441        41
  132402    132583        50
  132456    132637        32
  132489    132670        54
  132544    132725        20
  132565    132746        27
  132593    132774        63
  132657    132838        20
  132703    132884        36
  132773    132954        34
  132866    133047        45
  132912    133093        21
  132934    133115        39
  133015    133196        38
  133073    133254        38
  133113    133294        44
  133224    133405        42
  133271    133452        27
  133299    133480        25
  133377    133558        34
  133412    133593        22
  133461    133642        23
  133485    133666        36
  133522    133703        46
  133569    133750        26
  133596    133777        32
  133629    133810        23
  133667    133854        24
  133704    133891        87
  133792    133979        64
  133861    134042       480
  134342    134523       201
  134544    134725       140
  134685    134866       107
  134793    134974       403
  135217    135396       223
  135441    135620       400
  135842    136021      1460
  137303    137482      1836
  139140    139319       640
  139781    139960      1323
  141096    141276       295
  141392    141572      2931
  144324    144504        55
  144380    144560       695
  145076    145256        72
  145144    145318      1299
  146444    146618       515
  146960    147134       317
  147278    147452       961
  148240    148414       176
  148407    148582      1474
  149882    150057       304
  150187    150362        39
  150227    150402        53
  150281    150456       237
  150519    150694       227
  150747    150922       350
  151098    151273       186
  151285    151460       265
  151551    151726       180
  151732    151907       122
  151855    152030       421
  152277    152452        98
  152376    152551       146
  152523    152698       303
  152799    152956       481
  153281    153438        89
  153371    153528       154
  153526    153683       230
  153757    153914       574
  154332    154489        68
  154401    154558        26
  154428    154585       294
  154723    154880       268
  154992    155149        52
  155045    155202      2168
  157214    157371        84
  157299    157456       307
  157607    157764       191
  157799    157956       683
  158483    158640      1312
  159796    159953       205
