> gi|723430217|gb|KM201427.1|
       7         1        55
      63        57        22
     587       468        65
     674       555        32
     767       648        31
     806       687        41
     854       735        32
     908       789        50
     971       852        65
    1037       918        77
    1124      1005        41
    1184      1065        29
    1214      1095        56
    1271      1152        23
    1298      1179        26
    1370      1251        32
    1409      1290        41
    1451      1332        20
    1472      1353        35
    1520      1401        29
    1574      1455        54
    1637      1526        29
    1704      1600        33
    1903      1751        32
    1965      1815        37
    4050     31480        21
    4366      4135        43
    4453      4222        47
    5111      5074        20
    5216      5179        32
    5735      5691        20
    5896     12517        20
    5984      5923        21
    6140      6071        27
    6168      6099        39
    7584      6412        72
    7830      6648        22
    8156      6973        41
    8555      7314        43
    8659      7418        20
    8843      7512        36
    8882      7551        32
    8915      7584        21
    9718      8427        36
   10196      8898        28
   10311      8996        23
   10393      9062        29
   10428      9097        35
   10473      9142        66
   10786      9313        78
   11362      9714        38
   11464      9816        38
   11530      9882        23
   11590      9942        23
   11656     10008        32
   11689     10041        26
   11716     10068        38
   11830     10182        32
   11881     10233        20
   11911     10263        23
   11935     10287        26
   12112     10464        47
   12163     10515        20
   12184     10536        20
   12217     10569        20
   12244     10596        23
   12280     10632        41
   12322     10674        20
   12388     10740        38
   12427     10779        44
   12472     10824        47
   12520     10872        20
   12541     10893        22
   12577     10929        20
   12807     11174        21
   12873     11240        38
   12915     11282        23
   12954     11321        29
   13130     11497        26
   13165     11532        22
   13191     11558        26
   13265     11632        29
   13422     11779        27
   13454     11812        20
   13848     12199        26
   13947     12294        50
   13999     12346        29
   14029     12376        32
   14079     12426        31
   14543     12759        23
   14686     12902        26
   14713     12929        22
   14736     12952        27
   14785     13001        20
   14809     13025        23
   14881     13097        35
   16075     13808        26
   16102     13835        26
   16150     13883        32
   16183     13916        44
   16233     13966        39
   16273     14006        26
   16309     14042        20
   16345     14078        23
   16396     14129        25
   16450     14183        26
   16509     14242        27
   16537     14270        29
   16586     14319        27
   16629     14362        36
   16690     14423        26
   17050     14806        32
   17086     14842        20
   17113     14869        29
   17374     15130        23
   17407     15163        20
   17428     15184        42
   17524     15280        33
   17614     15370        26
   18167     15909        41
   18215     15957        29
   18374     16116        26
   18473     16215        38
   18695     16437        20
   18802     16544        30
   19562     17277        35
   19600     17315        30
   20050     17747        21
   20212     17909        29
   20723     18408        22
   20780     18465        24
   20826     18511        51
   20888     18573        24
   20926     18611        21
   20993     18678        23
   21089     18774        32
   21140     18825        23
   21206     18891        20
   21239     18924        25
   21356     19041        22
   21503     19188        41
   21590     19275        26
   21617     19302        23
   21743     19428        37
   21781     19466        20
   21838     19523        30
   21908     19593        26
   21950     19635        44
   22059     19744        28
   22100     19785        24
   22156     19845        23
   22383     20064        37
   22433     20114        31
   22562     20243        20
   22694     20369        23
   22748     20423        20
   22778     20453        29
   22820     20495        26
   22847     20522        20
   22943     20618        35
   23012     20687        20
   23036     20711        46
   23138     20813        25
   23198     20873        23
   23240     20915        23
   23273     20948        41
   23327     21002        35
   23390     21065        23
   23414     21089        61
   23509     21184        20
   23585     21260        37
   23719     21394        23
   23825     21500        23
   23880     21555        41
   23960     21640        22
   24032     21728        20
   24295     22005        30
   24504     22217        34
   24588     22296        30
   24619     22327        34
   24657     22365        28
   24850     22558        22
   24876     22584        29
   24906     22614        53
   24997     22705        22
   25030     22738        29
   25085     22792        21
   25124     22831        22
   25147     22854        39
   25187     22894        26
   25259     22966        65
   25376     23083        47
   25436     23143        20
   25457     23164        20
   25484     23191        29
   25538     23245        35
   25592     23299        28
   25754     23461        35
   25790     23497        50
   25841     23548        20
   25924     23631        35
   25969     23676        39
   26009     23716        38
   26138     23845        37
   26243     23950        27
   26303     24010        28
   26440     24147        55
   26591     24298        26
   26618     24325        21
   26660     24367        26
   26687     24394        26
   26723     24430        26
   26792     24499        31
   26875     24582        40
   27005     24706        35
   27089     24790        23
   27113     24814        29
   27173     24874        22
   27240     24941        31
   27272     24973        20
   27307     25008        33
   27341     25042        23
   27380     25081        41
   27457     25158        22
   27513     25214        28
   27548     25249        56
   27617     25318        47
   27690     25391        25
   27716     25417        83
   27843     25544        24
   27872     25573        20
   27893     25594        20
   27937     25638        27
   28144     25845        27
   28184     25885        35
   28241     25942        31
   29577     27294        21
   30542     28260        35
   30578     28296        20
   31410     28936        20
   31617     29154        62
   31711     29247        30
   31852     29349        21
   32252     30105        54
   32307     30160        20
   32759     30609        38
   32798     30648        51
   32920     30782        35
   33892     31343        71
   35377     32623        24
   35456     32702        38
   35516     32762        26
   35573     32819        23
   35612     32858        23
   35717     32963        35
   35777     33023        23
   35816     33062        53
   35900     33146        74
   35981     33227        26
   36008     33254        20
   36053     33299        71
   36146     33392        23
   36176     33422       104
   36308     33554        23
   36374     33620        20
   36404     33650        20
   36425     33671        41
   36467     33713        34
   36505     33751        46
   36591     33837        20
   36612     33858        44
   36672     33918        33
   36735     33981        20
   36774     34020        20
   36819     34065        35
   36892     34138        25
   36918     34164        21
   36945     34191        35
   37020     34266        33
   37054     34300        34
   37089     34335        41
   37140     34386        47
   37278     34524        53
   37347     34593        23
   37390     34636        34
   37467     34713        23
   37491     34737        21
   37513     34759        22
   37590     34836        20
   37662     34908        53
   37758     35004        23
   37782     35028        20
   37803     35049        32
   38103     35392        37
   38148     35432        23
   38554     35818        40
   38595     35859        21
   38663     35927        43
   38713     35977        28
   39685     36306        70
   39942     36549        57
   40155     36760        34
   40229     36834        36
   40266     36871        28
   40313     36918        22
   40429     37034        20
   40464     37069        46
   40608     37212        23
   40656     37260        26
   40701     37305        26
   40815     37419        44
   40860     37464        20
   40881     37485        34
   40916     37520        33
   40977     37581        41
   41028     37632        50
   41079     37683        20
   41115     37719        44
   41160     37764        65
   41388     37992        23
   41442     38046        44
   41523     38127        23
   41547     38151        41
   41652     38256        20
   41685     38289        20
   41706     38310        41
   41787     38391        23
   41856     38460        32
   41889     38493        68
   41984     38588        33
   42246     38850        26
   42279     38883        44
   42352     38956        22
   42381     38985        20
   42411     39015        47
   42489     39093        38
   42528     39132        20
   42566     39170        48
   42642     39246        32
   42720     39324        95
   42816     39420        33
   42850     39454        35
   42886     39490        41
   42928     39532        44
   42973     39577       131
   43153     39757        23
   43177     39781        20
   43198     39802        29
   43228     39832        23
   43357     39961        20
   43378     39982        26
   43474     40078        32
   43546     40150        22
   43600     40204        34
   43681     40285        66
   43783     40387        23
   43807     40411        23
   43861     40465        20
   43885     40489        20
   43921     40525        65
   44022     40626        30
   44086     40690        28
   44128     40732        23
   44163     40767        27
   44172     38552        21
   44230     40834        32
   44284     40888        83
   44413     41017        29
   44443     41047        26
   44470     41074        20
   44527     41131        23
   44578     41182        50
   44692     41296        26
   44758     41362        20
   44809     41413        20
   44862     41466        25
   44888     41492        37
   44926     41530        20
   45019     41623        20
   45040     41644        48
   45253     41841        29
   45922     42381        20
   45946     42405        23
   45982     42441        53
   46080     42534        36
   46322     42793        23
   46399     42873        22
   46422     42896        24
   46543     43020        21
   46582     43062        33
   46766     43244        41
   46904     43382        26
   46940     43418        93
   47043     43521        38
   47082     43560        21
   47161     43643        20
   47584     44062        35
   47670     44161        21
   47774     44244        27
   47853     44323        33
   48744     45214        42
   48787     45257        43
   49120     45627        43
   49207     45714        28
   49327     45834        25
   49438     45945        23
   49462     45969        26
   49675     46173        49
   49918     46808        61
   51226     47813        23
   51250     47837        22
   51307     47894        29
   51422     47978        24
   51721     48300        20
   51761     48340        30
   51797     48376        38
   51990     48744        21
   52012     48766        43
   52056     48810        20
   52834     49534        24
   52883     49583        20
   52964     49664        21
   52999     49699        24
   53093     49793        33
   53144     49844        23
   53168     49868        35
   53207     49907        29
   53273     49973        21
   53435     50123        24
   53527     50215        20
   53747     50435        35
   53783     50471        38
   53822     50510        23
   53900     50588        41
   53942     50630        38
   54014     50702        24
   54156     50842        71
   54258     50944        20
   54294     50980        28
   54323     51009        23
   54372     51058        23
   54479     51165        27
   54945     52177        44
   55045     52278        34
   55164     52397        32
   55193     52428        23
   55280     52513        29
   55461     52684        21
   55570     52778        22
   55603     52810        24
   55783     52986        25
   55809     53012        25
   55835     53038        33
   55889     53093        21
   56161     53226        50
   56256     53321        21
   56311     53376        22
   56512     53580        35
   56577     53645        35
   56654     53722        36
   56733     53801        41
   56799     53867        20
   56829     53897        43
   56873     53941        66
   56940     54008        24
   56985     54053        29
   57036     54104        23
   57077     54145        29
   57147     54215        29
   57177     54245        26
   57236     54304        66
   57372     54440        53
   57516     54584        23
   57558     54626        29
   57597     54665        20
   57624     54692        23
   57777     54845        26
   57804     54872        26
   57976     55044        27
   58005     55073        26
   58096     55180        20
   58631     55531        30
   58767     55654        30
   58805     55692        77
   58946     55833        26
   59003     55890        41
   59045     55932        20
   59073     55960        23
   59097     55984        22
   59171     56058        20
   59192     56079        26
   59255     56142        62
   59324     56211        41
   59385     56272        25
   59450     56337        23
   59515     56402        21
   59537     56424        41
   59579     56466        83
   59708     56595        35
   59784     56671        22
   59810     56697        26
   59858     56745        23
   59903     56790        21
   59966     56853        23
   60083     56970        20
   60172     57059        24
   60234     57121        24
   60554     57423        28
   60977     57645        20
   61031     57699        23
   61742     58308        29
   61841     58407        26
   61967     58533        47
   62111     58677        26
   62166     58732        25
   62192     58758        20
   62320     58886        20
   62381     58947        23
   63120     59643        26
   63185     59705        37
   63223     59743        25
   63563     60111        22
   63726     60283        30
   63969     60526        20
   64125     60682        23
   64173     60730        20
   64194     60751        24
   64443     61019        22
   65318     61699        20
   65359     61740        22
   65588     61969        21
   65646     62027        44
   65722     62103        20
   65856     62237        23
   66066     62428        23
   66190     62552        34
   66258     62620        20
   66294     62656        20
   66324     62686        51
   66378     62740        20
   66477     62839        23
   66528     62890        26
   66831     63193        23
   66882     63244        38
   66957     63319        26
   67032     63394        35
   68079     64149        20
   68127     64197        23
   68151     64221        29
   68344     64408        83
   68428     64492        26
   68501     64570        23
   68558     64627        30
   68600     64668        31
   68633     64701        29
   68726     64794        47
   68783     64851        29
   68813     64881        35
   68849     64917        22
   70125     65843        36
   70450     66173        20
   70644     66325        84
   70913     66640        82
   71901     67649        20
   71959     67707        20
   71988     67736        22
   72027     67775        20
   72376     68363        50
   72466     68453        45
   72526     68513        30
   72944     68890        22
   72967     68913        20
   73199     69151        28
   73232     69184        22
   73350     69303        37
   73422     69385        21
   73596     69557        20
   73617     69578        26
   73648     69609        21
   73804     69791        20
   73975     69935        34
   74049     70009        32
   74312     70272        27
   74511     70475        20
   74789     70717        26
   74876     70826        22
   75090     71036        21
   75147     71099        34
   75385     71337        25
   75702     71803        21
   75741     71840        28
   75786     71882        23
   76246     72322        43
   76317     72393        33
   76533     72669        32
   76566     72702        32
   76697     72840        37
   76754     72897        33
   76813     72956        22
   76840     72983        43
   76899     73042        29
   76929     73072        47
   77050     73193        28
   77166     73309        26
   77211     73354        23
   77241     73384        20
   77313     73456        26
   77352     73495        20
   77481     73624        26
   77514     73657        26
   77565     73708        29
   77595     73738        24
   77641     73784        22
   77703     73846        20
   77751     73894        20
   77826     73969        29
   77967     74110        59
   78033     74176        36
   78090     74233        35
   78177     74320        26
   78225     74368        23
   78249     74392        23
   78355     74553        27
   78395     74593        24
   78447     74645        26
   78554     74752        30
   78602     74800        24
   78645     74843        27
   78673     74871        36
   78756     74954        31
   78867     75063        21
   78889     75085        49
   78982     75178        26
   79138     75314        49
   79292     75481        23
   79680     75850        21
   79928     76090        31
   79960     76122        59
   80020     76182        26
   80056     76218        50
   80131     76293        32
   80302     76464        20
   80341     76503        21
   80434     76596        74
   80631     76794        24
   80766     76954        39
   80859     77047        22
   80965     77152        26
   81086     77276        27
   81458     77626        21
   81538     77706        21
   81560     77728        56
   81638     77806        20
   81731     77899        32
   81815     77983        32
   81893     78061        23
   81936     78104        25
   81962     78130        20
   81995     78163        24
   82081     78249        27
   82549     78703        23
   82615     78769        41
   82688     78842        23
   82960     79114        20
   83125     79279        32
   83169     79323        24
   83194     79348        22
   83298     79464        20
   83427     79593        42
   83481     79647        26
   83574     79740        37
   83754     79920        22
   83860     80036        25
   83896     80072        48
   83979     80147        26
   84185     80340        24
   84459     80602        30
   84643     80786        23
   84763     80906        29
   85089     81211        22
   85137     81259        26
   85251     81373        44
   85365     81487        29
   85526     81622        24
   85632     81728        29
   85662     81758        22
   85695     81791        34
   85770     81866        29
   85800     81896        27
   85828     81924        37
   85866     81962        23
   86266     82342        36
   86581     82647        24
   87223     83215        23
   87347     83339        35
   87397     83389        33
   87445     83437        20
   87506     83498        23
   87723     83715        26
   88272     84227        21
   88393     84348        20
   88497     84452        55
   88650     84606        33
   88725     84681        44
   88770     84726        20
   88843     84799        73
   88935     84891       134
   89070     85026        57
   89128     85084        27
   89204     85160       129
   89336     85298        25
   89388     85344        57
   89477     85434        97
   89575     85532        32
   89608     85565        21
   89630     85587        58
   89689     85646        85
   89775     85732        58
   89834     85791        29
   89864     85821        84
   89949     85906        35
   89993     85950        27
   90021     85978        27
   90062     86019        42
   90122     86073        69
   90207     86158        26
   90235     86186        24
   90273     86224        58
   90332     86283        26
   90354     86309        26
   90521     86459        32
   90556     86500        95
   90652     86596        54
   90774     87023        27
   90856     87069        35
   90895     87108        28
   90993     87212        38
   91050     87269        27
   91085     87304        25
   91111     87330        24
   91136     87355        84
   91260     87470        29
   91896     87509        26
   91962     87575        20
   92028     87641        28
   92086     87699        20
   92148     87761        22
   92171     87784        27
   92199     87812        42
   92251     87864        45
   92313     87926        24
   92338     87951        35
   92378     87991        27
   92406     88019        29
   92453     88066        26
   92517     88130        36
   92554     88167        46
   92601     88214        42
   92674     88287        63
   92749     88362        39
   92829     88442        56
   92886     88499        33
   92970     88589        45
   93037     88656        46
   93152     88771        21
   93236     88852        39
   93373     88956        38
   93458     89041        27
   93510     89093        25
   93582     89156        24
   93607     89181        30
   93676     89247        20
   93714     89285        27
   93746     89317        33
   93780     89351        44
   93825     89396        24
   93896     89467        35
   93964     89535        47
   94059     89630        25
   94115     89686        45
   94168     89739        35
   94204     89775        24
   94241     89812        43
   94289     89860        27
   94370     89950        77
   94453     90033        25
   94493     90073        22
   94531     90111        21
   94668     90272        33
   94726     90330        28
   94821     90425        24
   94923     90527        38
   95026     90615        21
   95084     90661        41
   95158     90735        31
   95405     90973        38
   95450     91018        27
   95478     91046        70
   95611     91185        24
   95636     91210        33
   95954     91597        26
   96095     91732        89
   96185     91822        74
   96293     91930        43
   96341     91978        21
   96363     92000        24
   96414     92051        55
   96493     92133        21
   96555     92195        70
   96637     92277        23
   96729     92372        20
   96965     92545        30
   96997     92577        21
   97044     92624        35
   97158     92798        26
   97265     92905        53
   97495     93135        50
   97645     93285        27
   97727     93369        25
   97753     93395        49
   97858     93502        35
   97928     93567        34
   98084     93654        25
   98132     93706        29
   98162     93736        20
   98196     93770        25
   98431     93838        27
   98495     93902        27
   98540     93969        96
   98641     94070        70
   98712     94141        24
   98747     94176        20
   98810     94229        23
   98835     94254        21
   98904     94328        26
   99040     94464        54
   99093     94510        27
   99121     94538        57
   99200     94607        38
   99257     94664        50
   99323     94730        26
   99350     94757        56
   99415     94822        33
   99449     94856        92
   99563     94970        63
   99627     95034        33
   99661     95068        30
   99702     95109       111
   99814     95221        37
   99852     95259       231
  100084     95491        93
  100191     95595       306
  100498     95902        57
  100556     95960        32
  100628     96032        55
  100684     96088        36
  100740     96144       107
  100848     96252        30
  100879     96283        25
  100905     96309       119
  101043     96447       113
  101164     96568        31
  101196     96600       196
  101393     96797        38
  101432     96836        21
  101572     96980        32
  101649     97064        32
  101734     97150        52
  101787     97203        28
  101816     97232        25
  101842     97258        51
  101896     97312        76
  101973     97389        60
  102034     97450        22
  102078     97494        82
  102161     97577        63
  102238     97654        25
  102266     97682        55
  102337     97749        43
  102391     97803        34
  102426     97838        23
  102450     97862        31
  102529     97940        35
  102565     97976        23
  102618     98030        24
  102650     98053        52
  102703     98106        38
  102742     98145        52
  102795     98198       140
  102936     98339        27
  102981     98384        80
  103062     98465        92
  103189     98592        55
  103247     98650        23
  103282     98685        40
  103345     98771        32
  103378     98804        25
  103404     98830        29
  103629     99013        26
  103739     99107        21
  103812     99184        76
  103896     99268        96
  103994     99366        25
  104058     99419        39
  104214     99565        27
  104285     99637        21
  104307     99659        28
  104336     99688        31
  104368     99720        20
  104427     99784        21
  104546     99826        39
  104649     99936        22
  104672     99959        21
  104711     99998        24
  104767    100054        21
  104813    100100        25
  104839    100126        32
  104937    100224        81
  105019    100306        27
  105067    100354        31
  105106    100393        33
  105165    100452        33
  105199    100486       120
  105320    100607       404
  105725    101012       165
  105891    101178        62
  105954    101241       255
  106215    101502       107
  106323    101610        77
  106401    101688        71
  106473    101760       135
  106609    101896       165
  106846    102126        26
  106873    102153        39
  106939    102218        22
  106971    102250        24
  107016    102296        27
  107044    102324        55
  107100    102380        22
  107139    102419        40
  107213    102494        56
  107270    102551        36
  107309    102590        95
  107405    102683        21
  107427    102705        28
  107481    102759        35
  107514    102791        40
  107587    102864        62
  107663    102938        42
  107700    102976       108
  107808    103080        26
  107842    103114        22
  107882    103157        84
  107980    103255        80
  108067    103337        44
  108112    103382        89
  108202    103472        76
  108279    103549        56
  108336    103606        35
  108407    103677        47
  108455    103725        28
  108484    103754        20
  108505    103775        68
  108609    103885        34
  108651    103927        42
  108694    103970        21
  108742    104018        36
  108824    104100        83
  108945    104221        51
  108996    104271        52
  109055    104330        53
  109138    104418       106
  109245    104525       215
  109485    104765        29
  109515    104795        90
  109606    104886        95
  109711    104990       390
  110103    105382       249
  110353    105632        36
  110403    105682        40
  110444    105723       199
  110653    105932        46
  110700    105979        79
  110780    106059       135
  110916    106195       106
  111023    106302       146
  111171    106450        70
  111242    106521        27
  111270    106549        21
  111306    106585        21
  111328    106607        52
  111381    106660       188
  111570    106849        71
  111642    106921        51
  111694    106973       248
  111943    107222        22
  112008    107287        72
  112081    107360        23
  112105    107384        45
  112151    107430        47
  112199    107478        35
  112213    107524        39
  112283    107594        49
  112381    107693       160
  112617    107898        30
  112681    107962        41
  112729    108008        26
  112762    108041        78
  112876    108154        32
  112916    108194        28
  113041    108325        28
  113118    108398        24
  113135    108422        22
  113199    108485        44
  113251    108532        22
  113390    108660        21
  113417    108693        21
  113464    108724        84
  113658    108918        53
  113939    109276        49
  114017    109354        30
  114075    109412        34
  114110    109447        41
  114207    109535        42
  114263    109591        41
  114305    109633        82
  114388    109716        29
  114467    109849        23
  114499    109929        22
  114534    109985        29
  114663    110114        59
  114737    110188        27
  114765    110216        26
  114798    110249        21
  115207    115293        24
  115970    116032        27
  116045    116107        38
  116261    116323        23
  116291    116353        38
  116330    116392        35
  116372    116434        32
  116555    116617        26
  116732    116794        26
  116774    116836        21
  116843    116905        38
  116932    116994        34
  116968    117030        20
  117024    117086        22
  117055    117117        27
  117119    117181        20
  119171    119271        32
  119204    119304        23
  119386    119505        20
  119539    119658        35
  119663    119776        31
  119749    119862        34
  120034    120147        23
  120064    120177        20
  120094    120207        23
  120118    120231        27
  120223    120336        26
  120250    120363        45
  120806    120811        59
  120908    120913        20
  121057    121062        27
  121106    121111        35
  121175    121180        26
  121202    121207        35
  121307    121312        64
  121373    121378        35
  121455    121460        39
  121715    121720        30
  121780    121785        21
  122105    122110        34
  122299    122296        32
  122434    122431        23
  122458    122455        65
  122883    122865        26
  122988    122970        20
  123051    123033        41
  123118    123100        22
  123350    123313        35
  123404    123367        45
  123725    123688        20
  123799    123762        21
  123823    123786        30
  124425    124332        26
  124491    124398        23
  124527    124434        23
  124551    124458        38
  124668    124575        26
  124948    124851        32
  125005    124908        23
  125161    125064        20
  125248    125151        26
  125344    125247        26
  125395    125298        24
  125644    125509        31
  125951    125787        20
  126134    125963        20
  126357    126218        21
  126498    126363        25
  126524    126389        26
  126584    126449        65
  126866    126731        31
  126898    126763        21
  126920    126785        20
  127035    126900        21
  127086    126951        26
  127113    126978        41
  127629    127494        25
  127698    127563        29
  127857    127722        20
  127895    127760        24
  127947    127812        23
  128007    127872        40
  128073    127938        23
  128572    128419        20
  129077    128756        26
  130219    129913        29
  130445    130019        20
  132634    132088        24
  133223    132821        29
  133516    133213        27
  133590    133287        36
  133785    133401        21
  133813    133429        26
  133840    133456        27
  133882    133498        59
  134041    133657        29
  134083    133720        22
  134114    133799        23
  134187    133926        29
  134217    133956        82
  134300    134039        41
  134355    134094        42
  134453    134183        41
  134495    134225        34
  134557    134287        30
  134616    134346        49
  134893    134700        53
  135056    134863        84
  135166    134957        21
  135193    134990        21
  135331    135117        22
  135361    135142        44
  135447    135227        22
  135462    135249        24
  135535    135318        28
  135660    135449        28
  135696    135485        32
  135764    135552        78
  135849    135637        26
  135882    135668        41
  135957    135743        30
  136063    135818       160
  136272    136028        49
  136352    136108        39
  136370    136158        35
  136406    136194        47
  136454    136242        45
  136500    136288        23
  136524    136312        72
  136639    136427        22
  136662    136450       248
  136911    136699        51
  136963    136751        71
  137035    136823       188
  137224    137012        52
  137277    137065        21
  137313    137101        21
  137335    137123        27
  137363    137151        70
  137435    137223       146
  137582    137370       106
  137689    137477       135
  137825    137613        79
  137905    137693        46
  137961    137749       199
  138161    137949        40
  138215    138003        36
  138252    138040       249
  138503    138291       390
  138903    138690        95
  138999    138786        90
  139090    138877        29
  139144    138931       215
  139360    139147       106
  139496    139288        53
  139556    139348        52
  139608    139399        51
  139697    139488        83
  139826    139617        36
  139889    139680        21
  139911    139702        42
  139961    139752        34
  140031    139828        68
  140100    139897        20
  140121    139918        28
  140150    139947        47
  140233    140030        35
  140269    140066        56
  140326    140123        76
  140403    140200        89
  140493    140290        44
  140544    140336        80
  140638    140430        84
  140740    140535        22
  140770    140565        26
  140796    140587       108
  140899    140691        42
  140955    140745        62
  141050    140840        40
  141088    140877        35
  141149    140938        28
  141178    140967        21
  141200    140986        95
  141298    141084        36
  141335    141121        56
  141425    141212        40
  141482    141269        22
  141505    141292        55
  141561    141348        27
  141609    141397        24
  141643    141431        22
  141692    141479        39
  141732    141519        26
  141830    141610       165
  141996    141776       135
  142132    141912        71
  142204    141984        77
  142282    142062       107
  142395    142175       255
  142651    142431        62
  142714    142494       165
  142880    142660       404
  143285    143065       120
  143406    143186        33
  143465    143245        33
  143506    143286        31
  143558    143338        27
  143586    143366        81
  143733    143513        32
  143766    143546        25
  143816    143596        21
  143869    143649        24
  143911    143691        21
  143933    143713        22
  144019    143806        39
  144156    143866        21
  144216    143931        20
  144237    143952        31
  144269    143984        28
  144298    144013        21
  144363    144079        27
  144507    144213        39
  144585    144280        25
  144612    144307        96
  144716    144411        76
  144844    144543        21
  144949    144632        26
  145171    144812        29
  145201    144842        25
  145227    144868        32
  145282    144946        40
  145334    144998        23
  145360    145024        55
  145450    145114        92
  145543    145207        80
  145641    145305        27
  145669    145333       140
  145810    145474        52
  145863    145527        38
  145902    145566        52
  145962    145617        24
  146016    145672        23
  146040    145696        35
  146123    145778        31
  146155    145810        23
  146179    145834        34
  146224    145879        43
  146283    145934        55
  146341    145992        25
  146380    146031        63
  146444    146095        82
  146548    146199        22
  146571    146222        60
  146632    146283        76
  146711    146362        51
  146763    146414        25
  146789    146440        28
  146818    146469        52
  146923    146575        32
  147000    146659        32
  147151    146814        21
  147173    146836        38
  147212    146875       196
  147409    147072        31
  147448    147111       113
  147580    147243       119
  147700    147363        25
  147726    147389        30
  147757    147420       107
  147884    147547        36
  147921    147584        55
  148016    147679        32
  148049    147712        57
  148107    147770       306
  148427    148087        93
  148521    148181       231
  148753    148413        37
  148791    148451       111
  148913    148573        30
  148944    148604        33
  148978    148638        63
  149063    148723        92
  149156    148816        33
  149198    148858        56
  149255    148915        26
  149297    148957        50
  149366    149026        38
  149426    149076        57
  149484    149134        27
  149510    149153        54
  149674    149317        26
  149748    149396        21
  149771    149419        23
  149837    149475        20
  149868    149506        24
  149893    149531        70
  149968    149606        96
  150082    149742        27
  150146    149806        27
  150383    149876        25
  150422    149915        20
  150443    149936        29
  150495    149992        25
  150642    150070        34
  150711    150134        35
  150802    150227        49
  150852    150277        25
  150932    150359        27
  151059    150486        50
  151286    150713        53
  151420    150847        26
  151525    151012        35
  151586    151073        21
  151609    151096        30
  151855    151279        20
  151944    151371        23
  151979    151406        70
  152090    151517        21
  152135    151565        55
  152217    151647        24
  152242    151672        21
  152268    151698        43
  152345    151775        74
  152420    151850        89
  152624    152048        26
  152935    152428        33
  152969    152462        24
  153056    152555        70
  153127    152626        27
  153161    152660        38
  153415    152905        31
  153479    152969        41
  153557    153035        21
  153643    153106        38
  153759    153222        24
  153850    153313        28
  153903    153366        33
  154052    153539        21
  154089    153576        22
  154126    153613        25
  154157    153644        77
  154288    153784        27
  154320    153816        43
  154376    153872        24
  154401    153897        35
  154444    153940        45
  154520    154016        25
  154593    154089        47
  154673    154169        35
  154755    154251        24
  154780    154276        44
  154825    154321        33
  154863    154359        27
  154908    154404        20
  154967    154460        30
  154998    154491        24
  155069    154553        25
  155119    154603        27
  155193    154677        38
  155329    154780        39
  155431    154879        21
  155521    154969        46
  155589    155037        45
  155685    155139        33
  155719    155173        56
  155816    155270        39
  155867    155321        63
  155961    155415        42
  156004    155458        46
  156051    155505        36
  156125    155579        26
  156169    155623        29
  156199    155653        27
  156231    155685        35
  156267    155721        24
  156308    155762        45
  156363    155817        42
  156406    155860        27
  156434    155888        22
  156498    155952        20
  156548    156002        28
  156622    156076        20
  156682    156136        26
  157315    156172        29
  157384    156232        84
  157469    156317        24
  157494    156342        25
  157527    156375        27
  157573    156421        38
  157681    156535        28
  157713    156567        35
  157803    156621        27
  157898    157021        54
  157953    157076        95
  158051    157180        32
  158224    157336        26
  158246    157362        26
  158273    157389        58
  158345    157461        24
  158371    157487        26
  158413    157529        69
  158500    157610        42
  158556    157666        27
  158584    157694        27
  158620    157730        35
  158656    157766        84
  158741    157851        29
  158771    157881        58
  158830    157940        85
  158916    158026        58
  158975    158085        21
  158997    158107        32
  159030    158140        97
  159159    158270        57
  159243    158348        25
  159271    158382       129
  159449    158560        27
  159477    158588        57
  159535    158646       134
  159688    158799        73
  159814    158925        20
  159835    158946        44
  159921    159032        33
