> gi|474452172|gb|KC543997.1|
       6    151464        30
      37    151495        49
     121     13031        22
     554        91        29
     586       123        21
     611       148        20
     632       169        26
     725       262        23
     752       289        32
     854       391        32
     905       442        26
     941       478        77
    1028       565        29
    1058       595        35
    1115       652        20
    1142       679        29
    1172       709        29
    1214       751        50
    1325       862        23
    1349       886        65
    1418       955        32
    1451       988        71
    1523      1060        20
    1591      1128        33
    1888      1379        47
    1977      1469        45
    2461      1984        23
    2865      2388        24
    3289      2815        26
    3388      2914        22
    4344      3848        20
    4458      3964        43
    5219      4878        56
    5695      5307        31
    6141      5788        43
    6185      5832        23
    7584      6117        27
    7615      6148        25
    7808      6328        21
    8002      6515        26
    8144      6663        50
    8574      6845        24
    8620      6891        20
    8852      7051        24
    8887      7088        20
    8908      7109        30
    9370      7211        21
    9512      1815        20
    9713      7861        41
    9813      7947        20
   10307      8426        29
   10399      8490        23
   10429      8520        35
   10472      8563        63
   10784      8768        80
   11290      9054        20
   11473      9237        32
   11506      9270        23
   11530      9294        23
   11587      9351        32
   11632      9396        31
   11710      9474        32
   11779      9543        20
   11805      9569        24
   11836      9600        35
   11892      9656        27
   11926      9690        23
   11995      9759        29
   12049      9813        23
   12103      9867        29
   12133      9897        25
   12208      9972        35
   12280     10044        29
   12430     10194        47
   12493     10257        26
   12520     10284        20
   12553     10317        23
   12577     10341        22
   12628     10392        44
   12673     10437        40
   12887     10673        21
   13153     10939        34
   13189     10975        21
   13238     11024        26
   13265     11051        24
   13454     11221        20
   13789     11577        36
   13953     11750        30
   14002     11799        53
   14734     12484        29
   14785     12535        38
   14863     12613        41
   15312     13204        23
   16063     13550        47
   16154     13641        40
   16207     13694        20
   16309     13796        26
   16345     13832        26
   16372     13859        23
   16459     13946        35
   16507     13994        26
   16549     14036        31
   16624     14111        23
   16684     14171        20
   16723     14210        23
   16815     14299        26
   17035     14554        20
   17086     14605        20
   17107     14626        23
   17163     14682        30
   17218     14737        20
   17401     14920        26
   17533     15052        24
   17571     15090        21
   18230     15723        20
   18251     15744        22
   18378     15871        22
   18614     16107        38
   18656     16149        29
   18698     16191        25
   18737     16230        29
   19277     16764        24
   19604     17085        26
   19906     17390        30
   20087     17571        32
   20160     17644        31
   20212     17696        21
   20756     18231        29
   20843     18318        44
   21047     18522        38
   21086     18561        35
   21134     18609        39
   21236     18711        21
   21350     18825        28
   21503     18975        20
   21542     19014        23
   21617     19089        23
   21647     19119        29
   21677     19149        23
   21751     19223        23
   21830     19302        29
   21911     19383        20
   21954     19426        21
   21998     19470        23
   22022     19494        25
   22387     19851        20
   22739     20209        37
   22777     20247        36
   22823     20293        35
   22859     20329        20
   22940     20410        23
   23117     20587        20
   23216     20686        47
   23318     20788        38
   23389     20859        25
   23426     20896        41
   23585     21055        37
   23663     21133        31
   23695     21165        21
   23759     21229        20
   23825     21295        21
   23849     21319        30
   23881     21351        25
   23960     21435        23
   24242     21756        22
   24505     22015        33
   24581     22092        20
   24619     22130        34
   24707     22218        21
   24764     22275        30
   24795     22306        23
   24838     22349        24
   24863     22374        21
   24891     22402        23
   24921     22432        32
   24954     22465        32
   25041     22552        33
   25098     22610        49
   25148     22660        62
   25246     22758        24
   25298     22810        26
   25343     22855        23
   25367     22879        44
   25436     22948        31
   25489     23001        24
   25533     23045        37
   25585     23097        20
   25606     23118        45
   25675     23187        24
   25700     23212        20
   25721     23233        29
   25835     23347        26
   25862     23374        21
   25929     23441        30
   26012     23524        32
   26145     23657        21
   26207     23719        35
   26246     23758        32
   26390     23902        26
   26448     23960        47
   26540     24052        26
   26651     24163        20
   26693     24205        26
   26723     24235        26
   26807     24319        23
   26882     24394        28
   27074     24574        35
   27173     24673        23
   27209     24709        28
   27284     24784        21
   27362     24862        29
   27392     24892        20
   27467     24967        20
   27491     24991        20
   27515     25015        47
   27569     25069        23
   27626     25126        23
   27671     25171        41
   27761     25261        26
   27848     25348        20
   27920     25420        29
   27950     25450        29
   28000     25500        20
   28047     25547        21
   28069     25569        60
   28149     25649        34
   28184     25684        25
   28253     25753        20
   28409     25917        26
   29588     26481        27
   30542     26930        35
   31655     27250        24
   31680     27275        22
   31858     27452        20
   32252     28281        54
   32759     28660        57
   32817     28718        36
   32883     28784        77
   33886     29546        67
   35410     30534        32
   35462     30586        23
   35528     30652        20
   35564     30688        20
   35585     30709        20
   35672     30796        24
   35708     30832        20
   35729     30853        20
   35790     30914        25
   35819     30943        23
   35843     30967        66
   35912     31036        23
   35978     31102        23
   36008     31132        26
   36059     31183        35
   36107     31231        32
   36152     31276        26
   36188     31312        51
   36338     31462        23
   36374     31498        47
   36431     31555        67
   36513     31631        29
   36594     31712        71
   36669     31787        20
   36706     31824        22
   36738     31856        26
   36774     31892        20
   36804     31922        26
   36840     31958        20
   36880     31998        25
   36906     32024        23
   36930     32048        26
   36981     32099        20
   37008     32126        33
   37056     32174        32
   37092     32210        29
   37137     32255        30
   37179     32297        20
   37236     32354        20
   37302     32420        23
   37347     32465        23
   37390     32508        22
   37491     32609        23
   37608     32726        23
   37635     32753        23
   37716     32834        23
   37821     32939        23
   38099     33099        38
   38146     33146        28
   38175     33175        23
   38595     33442        21
   38671     33518        30
   38709     33556        26
   39391     56336        20
   39424    115964        20
   39694     33871        36
   39731     33908        27
   39956     34142        43
   40081     34265        22
   40152     34355        25
   40187     34390        20
   40267     34470        22
   40355     34558        50
   40423     34626        27
   40683     34892        20
   40731     34940        56
   40803     35012        53
   40881     35090        34
   40968     35177        53
   41028     35237        38
   41112     35321        35
   41166     35375        26
   41268     35477        29
   41364     35573        20
   41388     35597        32
   41511     35720        20
   41532     35741        79
   41658     35867        20
   41679     35888        20
   41787     35996        26
   41853     36062        35
   41984     36193        33
   42018     36227        25
   42044     36253        36
   42081     36290        29
   42171     36380        20
   42246     36455        56
   42318     36527        32
   42408     36617        29
   42495     36704        53
   42566     36775        42
   42657     36866        20
   42678     36887        29
   42714     36923        82
   42797     37006        52
   42850     37059        20
   42871     37080        44
   42916     37125        41
   42964     37173        38
   43006     37215        23
   43066     37275        38
   43108     37317        23
   43180     37389        20
   43228     37437        23
   43258     37467        32
   43312     37521        44
   43402     37611        23
   43465     37674        41
   43690     37899        23
   43780     37989        47
   43861     38070        23
   43888     38097        23
   43942     38151        41
   43984     38193        23
   44008     38217        41
   44062     38271        26
   44116     38325        20
   44158     38367        32
   44176     36161        20
   44262     38471        21
   44314     38523        25
   44434     38643        23
   44470     38679        41
   44602     38811        47
   44653     38862        38
   44761     38970        20
   44809     39018        26
   44842     39051        26
   44869     39078        26
   44899     39108        71
   45007     39216        23
   45040     39249        30
   45071     39280        26
   45197     39393        22
   45246     39442        35
   45922     39896        20
   45970     39944        29
   46000     39974        35
   46043     40017        30
   46079     40053        36
   46321     40315        23
   46398     40398        38
   46542     40535        34
   46652     40630        24
   46688     40667        21
   46777     40725        30
   46808     40756        26
   46838     40786        20
   46931     40879        24
   46962     40910        67
   47039     40988        30
   47349     41299        24
   47428     41382        26
   47525     41478        32
   47595     41552        24
   47764     41697        37
   47809     41742        48
   47860     41793        26
   47907     41840        20
   48688     42335        20
   48729     42389        96
   49327     43021        22
   49354     43048        35
   49426     43120        23
   49459     43153        29
   49534     43228        23
   49669     43363        38
   49900     43741        79
   51341     44720        22
   51424     44803        22
   51742     45143        33
   51800     45201        30
   52012     45424        54
   52824     46241        28
   52889     46306        20
   52964     46381        20
   53042     46459        20
   53084     46501        29
   53210     46627        26
   53243     46660        23
   53492     46909        20
   53636     47053        31
   53726     47143        20
   53798     47215        23
   53834     47251        47
   53894     47311        22
   53917     47334        27
   53945     47362        26
   54038     47455        23
   54134     47549        21
   54171     47583        27
   54228     47640        23
   54252     47664        38
   54311     47723        21
   54456     47868        35
   54942     48661        55
   55052     48770        27
   55129     48868        24
   55283     49021        25
   55581     49303        42
   55652     49364        22
   55793     49503        78
   55888     49599        22
   56176     49812        25
   56303     49939        22
   56453     50089        38
   56512     50148        31
   56619     50255        26
   56739     50375        29
   56787     50423        20
   56845     50481        23
   56955     50591        26
   56982     50618        25
   57027     50663        29
   57060     50696        41
   57180     50816        20
   57264     50900        35
   57372     51008        20
   57393     51029        26
   57459     51095        23
   57561     51197        23
   57588     51224        29
   57624     51260        23
   57720     51356        22
   57798     51434        32
   58503     51918        34
   58638     52076        20
   58791     52246        66
   58858     52313        27
   58910     52365        23
   58934     52389        29
   59012     52467        26
   59135     52590        35
   59177     52632        26
   59219     52674        26
   59270     52725        29
   59303     52758        20
   59381     52836        23
   59438     52893        64
   59537     52992        20
   59597     53052        41
   59639     53094        27
   59705     53160        47
   59795     53250        20
   59876     53331        20
   59914     53369        22
   59975     53430        20
   60050     53505        20
   60128     53583        38
   60171     53626        55
   60922     54375        30
   60977     54430        34
   61208     54664        30
   61277     54733        21
   61664     55093        38
   61739     55168        33
   61862     55291        25
   61967     55396        23
   61991     55420        20
   62012     55441        35
   62114     55543        27
   62142     55571        22
   62295     55724        22
   62353     55782        21
   62375     55804        25
   62401     55830        22
   63170     56581        52
   63563     56919        21
   63966     57330        28
   64072     57436        25
   64179     57543        20
   65238     58361        21
   65394     58517        20
   65628     58751        23
   66195     59335        26
   66222     59362        20
   66273     59413        35
   66321     59461        38
   66378     59518        20
   66627     59767        20
   66666     59806        23
   66954     60094        23
   66978     60118        26
   67049     60189        20
   68055     61010        23
   68088     61043        23
   68144     61099        35
   68327     61259        52
   68389     61321        32
   68457     61389        43
   68501     61433        38
   68540     61472        31
   68729     61667        23
   68783     61721        47
   68831     61769        27
   68981     61933        21
   70120     62967        28
   70192     63039        22
   70414     63264        23
   70450     63300        35
   70643     63448        48
   70692     63497        35
   70907     63684        88
   71483     64144        21
   71887     64726        25
   71985     64827        32
   72367     65192        81
   72466     65291        52
   72519     65344        33
   72809     65638        20
   72944     65766        26
   72976     65798        23
   73032     65854        39
   73342     66169        25
   73975     66821        49
   74027     66873        25
   74055     66901        46
   74425     67282        20
   74449     67306        20
   75020     67838        22
   75056     67890        29
   75095     67923        45
   75177     68005        23
   75264     68092        20
   75303     68131        20
   75360     68188        31
   76274     68999        20
   76535     69306        29
   76566     69337        28
   76764     69546        20
   76809     69591        30
   76875     69657        20
   76905     69687        23
   76929     69711        20
   76950     69732        32
   77013     69795        26
   77049     69831        63
   77139     69921        23
   77169     69951        20
   77211     69993        23
   77235     70017        38
   77315     70097        22
   77338     70120        31
   77395     70177        25
   77433     70215        29
   77505     70287        41
   77577     70359        44
   77673     70455        23
   77750     70532        21
   77859     70641        26
   77967     70749        56
   78024     70806        29
   78087     70869        20
   78144     70926        20
   78165     70947        38
   78225     71007        20
   78246     71028        22
   78395     71249        24
   78436     71290        43
   78570     71411        56
   78627     71468        23
   78651     71492        20
   78673     71514        29
   78734     71575        22
   78758     71605        25
   78867     71715        21
   78889     71737        20
   79147     71987        40
   79532     72408        22
   79576     72452        23
   79960     72847        86
   80056     72943        26
   80089     72976        20
   80137     73024        23
   80161     73048        20
   80182     73069        20
   80231     73118        25
   80263     73150        38
   80326     73213        20
   80354     73241        25
   80438     73325        25
   80479     73366        29
   80547     73434        24
   80641     73538        34
   80769     73669        41
   81087     74012        21
   81454     74355        26
   81481     74382        27
   81520     74428        36
   81560     74468        41
   81635     74543        20
   81666     74574        22
   81689     74597        20
   81743     74651        20
   81797     74705        50
   81869     74777        23
   81893     74801        26
   81974     74882        23
   82265     75174        40
   82537     75452        29
   82630     75545        31
   82662     75577        24
   82937     75852        28
   83044     75959        23
   83171     76086        24
   83298     76217        20
   83396     76315        24
   83592     76511        38
   83896     76832        29
   84425     77340        25
   84478     77393        23
   84630     77539        24
   85026     77952        20
   85074     78000        47
   85137     78063        20
   85365     78291        23
   85592     78514        26
   85662     78584        20
   85710     78632        26
   85791     78713        23
   85855     78777        34
   85908     78830        24
   85949     78876        24
   86350     79266        22
   87185     80068        20
   87224     80107        22
   87257     80140        23
   87446     80329        31
   87700     80583        22
   87723     80606        26
   87875     80733        25
   88057     80915        20
   88105     80963        36
   88351     81283        32
   88516     81448        22
   88737     81873        32
   88770     81906        34
   88851     81987        21
   88873     82009        34
   88932     82068        32
   88968     82104        94
   89070     82206        50
   89180     82316        69
   89250     82386        26
   89277     82413        41
   89323     82464        45
   89382     82522        20
   89403     82543        22
   89443     82583        23
   89495     82644        20
   89516     82665        23
   89540     82689        41
   89607     82756        34
   89642     82791        86
   89730     82879       103
   89835     82984        28
   89908     83057        84
   90045     83194        49
   90137     83280        22
   90160     83303        24
   90185     83328        21
   90207     83350        32
   90271     83414        60
   90346     83489        23
   90370     83513        37
   90408     83551        20
   90515     83654        26
   90560     83699        20
   90581     83720        20
   90602     83741        46
   90670     83809        37
   90741     83860        21
   90763     83882        63
   90860     83979        22
   90892     84011        32
   90942     84061        24
   90980     84099        21
   91024     84143        25
   91051     84170        44
   91122     84241        26
   91153     84272        20
   91202     84321        27
   91231     84350        27
   91259     84378        23
   91283     84402        22
   91335     84454        32
   91368     84487        26
   91415     84534        22
   91576     84695        22
   91631     84750        22
   91662     84781        44
   91707     84826        24
   91743     84862        22
   91782     84901        62
   92010     84979        46
   92140     85118        53
   92199     85177        34
   92234     85212        43
   92310     85288        27
   92342     85320        69
   92412     85390        20
   92453     85431        26
   92520     85498        21
   92542     85520        58
   92604     85582        20
   92698     85676        27
   92726     85704        60
   92838     85816        47
   92916     85894        20
   92943     85921        47
   92991     85969        31
   93062     86040        37
   93113     86085        23
   93160     86132        44
   93247     86210        41
   93421     86363        24
   93446     86388        57
   93619     86561        56
   93676     86618        43
   93720     86662        88
   93826     86768        23
   93866     86808        20
   93905     86847        42
   94013     86955        30
   94105     87053        37
   94204     87152        49
   94290     87238        21
   94314     87262        48
   94363     87311        40
   94423     87371        29
   94484     87432        21
   94544     87492        32
   94620     87562        33
   94654     87596        47
   94734     87673        43
   94821     87760        21
   94860     87799        21
   94883     87822        25
   94909     87848        57
   95048     87930        40
   95095     87977        30
   95166     88048        39
   95235     88117        23
   95276     88158        25
   95306     88188        41
   95348     88230        62
   95411     88293        63
   95496     88378        52
   95575     88457       128
   95911     88802        69
   95981     88872        39
   96021     88912        37
   96060     88951        21
   96082     88973        59
   96142     89033        49
   96208     89099        35
   96244     89135        25
   96276     89167        20
   96313     89204        27
   96364     89255        58
   96423     89314        25
   96449     89340        76
   96526     89417        99
   96689     89580        53
   96832     89723        40
   96883     89774        40
   96958     89843        27
   97010     89895        24
   97061     89946        29
   97102     89987        20
   97123     90008        46
   97170     90055        45
   97229     90114        23
   97275     90160        29
   97363     90248        47
   97411     90296        37
   97471     90356        43
   97517     90402        34
   97645     90536        23
   97753     90644        41
   97795     90686        23
   97925     90814        23
   97964     90847        27
   98002     90888        23
   98043     90929        42
   98100     90986        20
   98130     91018        24
   98182     91075        32
   98251     91153        37
   98318     91220        21
   98377     91274        32
   98429     91326        21
   98529     91540        52
   98582     91593        34
   98635     91646        21
   98753     91756        30
   98904     91903        31
   98954     91955        27
   98983     91984        28
   99039     92019        27
   99052    141085        42
   99114     92087        42
   99157     92130        39
   99239     92216        45
   99285     92262        37
   99323     92300        26
   99350     92327        64
   99416     92393        26
   99449     92426        31
   99484     92461        21
   99521     92498       105
   99627     92604        64
   99710     92687        41
   99752     92729        56
   99809     92786        79
   99896     92873       133
  100045     93022        28
  100071     93044        42
  100138     93106        42
  100246     93176        68
  100315     93245        66
  100382     93312       109
  100533     93476        23
  100589     93532        23
  100628     93571        21
  100650     93593        24
  100686     93629        30
  100732     93675        67
  100806     93749        72
  100879     93822        25
  100906     93849        28
  100935     93878        53
  100989     93932        35
  101043     93986       113
  101169     94112        41
  101211     94154        39
  101251     94194        76
  101358     94301        34
  101393     94336        38
  101496     94438        36
  101571     94506        36
  101622     94556        20
  101646     94580        51
  101710    138500        22
  101764     94691        50
  101839     94766        41
  101896     94823        25
  101950     94877        49
  102000     94927        24
  102034     94961        40
  102100     95027        60
  102172     95099        52
  102238     95165        24
  102266     95198        55
  102319     95247        61
  102391     95319        34
  102426     95354        23
  102450     95378        46
  102497     95425        28
  102529     95456        55
  102589     95516        31
  102640     95567       154
  102795     95722       137
  102964     95891        70
  103035     95962        66
  103102     96029        46
  103182     96109        49
  103342     96263        20
  103419     96343        20
  103536     96468        41
  103574     96509        22
  103623     96565        21
  103713     96641        24
  103744     96666        22
  103767     96689        27
  103812     96737        47
  103918     96844        57
  103994     96924        41
  104146     97057        20
  104214     97115        27
  104290     97189        45
  104402     97290        23
  104533     97434        49
  104648     97551        21
  104736     97639        22
  104759     97662        29
  104839     97742        24
  104871     97766        28
  104940     97834        32
  104973     97867        45
  105026     97920        20
  105074     97967        27
  105207     98100        50
  105258     98151       123
  105393     98286        81
  105475     98368       166
  105656     98549        26
  105683     98576        41
  105725     98618        59
  105785     98678       168
  105971     98864       243
  106228     99121       244
  106473     99366       191
  106665     99558       105
  106846     99738        48
  107022     99915        62
  107085     99978        54
  107140    100033        39
  107213    100107        27
  107262    100156        44
  107307    100201        26
  107334    100228        44
  107376    100272        29
  107405    100296        21
  107427    100318        77
  107505    100396        32
  107555    100446        37
  107598    100489        34
  107652    100541        42
  107700    100590        50
  107758    100655        34
  107808    100693        26
  107839    100724        33
  107911    100795        48
  107960    100844        21
  107996    100875        64
  108119    100992        82
  108202    101075        98
  108303    101178        32
  108336    101211        36
  108408    101283        42
  108451    101326        31
  108522    101396        66
  108617    101495        26
  108651    101529        30
  108682    101560        35
  108738    101616        29
  108819    101698       102
  108939    101819        57
  109024    101897        35
  109072    101945        29
  109155    102028        53
  109209    102082        35
  109245    102118       163
  109409    102282        45
  109485    102358       120
  109611    102484        20
  109651    102524        27
  109679    102552        23
  109711    102582        64
  109773    102645        40
  109814    102686       274
  110104    102975       246
  110353    103223        36
  110407    103277       204
  110612    103482        40
  110656    103526        36
  110705    103575       224
  110930    103800        44
  110975    103845       194
  111171    104041       120
  111302    104172       663
  111984    104854        60
  112060    104930        20
  112081    104951        69
  112226    105096        25
  112261    105133        30
  112353    105226       104
  112458    105331        46
  112505    105378        22
  112617    105488        29
  112674    105543        24
  112725    105592        33
  112763    105635        74
  112875    105751        29
  113128    105897        30
  113219    105973        30
  113296    106034        25
  113322    106060        43
  113456    106177       100
  113609    106330        36
  113651    106372        54
  113712    106433        32
  113785    106499        21
  113868    106576        27
  113903    106611        35
  113939    106647        77
  114074    106773        84
  114159    106858        43
  114206    106905        43
  114280    106979        35
  114326    107025        21
  114364    107063        53
  114496    107177        31
  114528    107209        33
  114805    107474        22
  115295    108051        28
  115970    108693        26
  116027    108750        25
  116063    108786        20
  116087    108810        28
  116159    108882        29
  116735    109458        20
  116857    109580        30
  116888    109611        32
  116922    109645        66
  117019    109742        27
  118278    110457        20
  119185    111381        50
  119362    111527        23
  119788    111953        32
  120064    112229        23
  120115    112280        28
  120223    112388        20
  120274    112439        20
  120815    112837        51
  120907    112929        21
  121076    113098        20
  121193    113215        26
  121319    113341        25
  121349    113371        32
  121610    113632        20
  121688    113710        23
  121715    113737        43
  121816    113838        21
  121957    113979        23
  122101    114123        20
  122299    114301        26
  122353    114355        23
  122485    114487        20
  122813    114940        22
  122847    114974        20
  122886    115013        23
  123386    115469        21
  123408    115491        25
  123719    115802        32
  123752    115835        28
  124362    116449        62
  124543    116630        25
  124575    116662        44
  124671    116758        23
  124948    117030        31
  124999    117081        26
  125239    117321        53
  125340    117422        23
  125395    117477        32
  125645    117694        28
  126498    118543        25
  126524    118569        26
  126885    118930        25
  127062    119107        26
  127136    119181        30
  127227    119272        20
  127248    119293        20
  127290    119335        22
  127791    119836        25
  127827    119872        20
  128004    120049        41
  128400    120434        23
  128586    120620        24
  129310    121302        22
  129567    121553        26
  130226    122185        23
  130443    122387        20
  131577    123482        21
  131905    123804        22
  131933    123832        21
  132240    124145        26
  132272    124177        24
  132669    124556        20
  132879    124778        26
  133361    125245        29
  133516    125400        27
  133590    125474        23
  133777    125670        22
  134043    125924        33
  134077    125958        31
  134187    126050        53
  134257    126120        21
  134289    126152        35
  134355    126218        43
  134402    126265        43
  134446    126309        84
  134588    126442        77
  134666    126520        35
  134709    126563        27
  134798    126646        21
  134860    126701        32
  134899    126740        54
  134959    126800        36
  135048    126889       100
  135239    127063        43
  135283    127107        25
  135355    127163        30
  135446    127239        30
  135700    127386        29
  135767    127457        74
  135846    127541        33
  135906    127599        24
  135958    127649        29
  136077    127766        22
  136100    127789        46
  136147    127836       104
  136313    128003        30
  136353    128045        25
  136454    128146        69
  136524    128216        20
  136560    128252        60
  136639    128331       663
  137313    129005       120
  137435    129127       194
  137630    129322        44
  137675    129367       224
  137912    129604        36
  137952    129644        40
  137993    129685       204
  138215    129907        36
  138254    129945       246
  138516    130206       274
  138791    130481        40
  138829    130520        64
  138902    130591        23
  138926    130615        27
  138973    130662        20
  138999    130688       120
  139150    130839        45
  139196    130885       163
  139360    131049        35
  139396    131085        53
  139503    131192        29
  139545    131234        35
  139608    131290        57
  139683    131366       102
  139837    131521        29
  139887    131571        35
  139923    131607        30
  139961    131645        26
  140016    131704        66
  140122    131809        31
  140154    131841        42
  140232    131919        36
  140269    131956        32
  140304    131993        98
  140403    132092        82
  140544    132227        64
  140623    132301        21
  140645    132323        48
  140732    132409        33
  140770    132447        26
  140812    132477        34
  140854    132526        50
  140910    132583        42
  140972    132643        34
  141012    132683        37
  141067    132738        32
  141100    132771        77
  141178    132849        21
  141199    132865        29
  141226    132894        44
  141271    132939        26
  141298    132966        44
  141364    133032        27
  141425    133094        39
  141465    133134        54
  141520    133189        62
  141710    133380        48
  141834    133503       105
  141940    133609       191
  142132    133801       244
  142390    134059       243
  142651    134320       168
  142820    134489        59
  142880    134549        41
  142922    134591        26
  142963    134632       166
  143130    134799        81
  143223    134892       123
  143347    135016        50
  143503    135172        27
  143558    135226        20
  143586    135254        45
  143632    135300        32
  143705    135372        28
  143741    135400        24
  143816    135475        29
  143846    135505        22
  143935    135594        21
  144022    135683        49
  144179    135853        23
  144269    135932        45
  144363    136024        27
  144438    136089        20
  144569    136201        41
  144629    136265        57
  144745    136382        47
  144810    136450        27
  144838    136478        22
  144867    136501        24
  144960    136580        21
  145008    136635        22
  145027    136657        41
  145165    136803        20
  145242    136883        20
  145373    137008        49
  145456    137091        46
  145503    137138        66
  145570    137205        70
  145672    137307       137
  145810    137445       154
  145984    137619        31
  146020    137655        55
  146079    137713        28
  146108    137742        46
  146155    137789        23
  146179    137813        34
  146224    137858        61
  146283    137913        55
  146342    137977        24
  146380    138015        52
  146444    138079        60
  146530    138165        40
  146580    138215        24
  146605    138240        49
  146683    138318        25
  146724    138359        41
  146790    138425        50
  146872     94644        22
  146907    138535        51
  146962    138590        20
  146997    138624        36
  147072    138692        36
  147173    138792        38
  147212    138831        34
  147277    138896        76
  147354    138973        39
  147394    139013        41
  147448    139067       113
  147580    139199        35
  147616    139235        53
  147670    139289        28
  147700    139319        25
  147726    139345        72
  147805    139424        67
  147888    139507        30
  147930    139549        24
  147955    139574        21
  147992    139611        23
  148048    139667        23
  148113    139745       109
  148223    139855        66
  148290    139922        68
  148424    140018        42
  148491    140080        42
  148531    140116        28
  148575    140160       133
  148716    140301        79
  148796    140381        56
  148853    140438        41
  148913    140498        64
  148978    140563       105
  149099    140684        21
  149124    140709        31
  149162    140747        26
  149190    140775        64
  149255    140840        26
  149282    140867        37
  149320    140905        45
  149408    140997        39
  149448    141037        42
  149510     92039        42
  149538    141120        27
  149593    141154        28
  149623    141184        27
  149669    141232        31
  149821    141380        30
  149948    141499        21
  149988    141539        34
  150023    141574        52
  150154    141819        21
  150195    141860        32
  150265    141925        21
  150316    141976        37
  150390    142059        32
  150450    142124        24
  150484    142160        20
  150519    142195        42
  150579    142255        23
  150613    142292        27
  150656    142329        23
  150786    142457        23
  150810    142481        41
  150936    142607        23
  151053    142730        34
  151090    142767        43
  151156    142833        37
  151194    142871        47
  151300    142977        29
  151352    143029        23
  151389    143066        45
  151435    143112        46
  151482    143159        20
  151514    143191        29
  151570    143247        24
  151619    143296        27
  151681    143352        40
  151732    143403        40
  151862    143533        53
  151979    143650        99
  152079    143750        76
  152156    143827        25
  152182    143853        58
  152264    143935        27
  152308    143979        20
  152335    144006        25
  152361    144032        35
  152413    144084        49
  152463    144134        59
  152523    144194        21
  152546    144217        37
  152584    144255        39
  152624    144295        69
  152901    144581       128
  153056    144736        52
  153130    144810        63
  153194    144874        62
  153257    144937        41
  153303    144983        25
  153346    145026        23
  153399    145079        39
  153479    145159        30
  153516    145196        40
  153638    145261        57
  153696    145319        25
  153723    145346        21
  153762    145385        21
  153827    145450        43
  153903    145523        47
  153951    145571        33
  154028    145642        32
  154099    145713        21
  154152    145766        29
  154201    145815        40
  154242    145856        48
  154293    145907        21
  154351    145965        49
  154462    146076        37
  154561    146181        30
  154657    146277        42
  154718    146338        20
  154755    146375        23
  154796    146416        88
  154885    146505        43
  154929    146549        56
  155101    146721        57
  155159    146779        24
  155316    146915        41
  155400    146990        44
  155468    147058        23
  155505    147089        37
  155582    147166        31
  155614    147198        47
  155668    147252        20
  155719    147303        47
  155818    147402        60
  155879    147463        27
  155980    147564        20
  156004    147588        58
  156063    147647        21
  156125    147709        26
  156172    147756        20
  156193    147777        69
  156267    147851        27
  156327    147911        43
  156371    147955        34
  156411    147995        53
  156548    148141        46
  156760    148203        62
  156839    148282        22
  156873    148316        24
  156898    148341        44
  156951    148394        22
  157006    148449        22
  157167    148610        22
  157210    148653        26
  157237    148680        32
  157299    148742        22
  157322    148765        23
  157346    148789        27
  157375    148818        27
  157431    148874        20
  157456    148899        26
  157509    148952        44
  157555    148998        25
  157603    149046        21
  157638    149081        24
  157680    149123        32
  157722    149165        22
  157778    149221        63
  157842    149285        21
  157897    149320        37
  157956    149379        46
  158003    149426        20
  158024    149447        20
  158063    149486        26
  158176    149595        20
  158197    149616        37
  158235    149654        23
  158273    149692        60
  158365    149784        32
  158398    149817        21
  158420    149839        24
  158445    149864        22
  158510    149923        49
  158612    150025        84
  158741    150154        28
  158771    150184       103
  158876    150289        86
  158963    150376        34
  159023    150436        41
  159065    150478        23
  159089    150502        20
  159138    150560        23
  159179    150601        22
  159202    150624        20
  159236    150657        45
  159286    150712        41
  159328    150754        26
  159355    150781        69
  159484    150910        50
  159542    150968        94
  159640    151066        32
  159697    151123        34
  159732    151158        21
  159800    151226        34
  159835    151261        32
