> gi|118201020|gb|EF115541.1|
       7         1        79
     633       692        23
     687       746        20
     708       767        41
     753       812        23
     777       836        20
     800       859        21
     822       881        26
     849       908        26
     918       977        20
     942      1001        56
     999      1058        20
    1038      1097        20
    1143      1202        59
    1215      1274        29
    1245      1304        50
    1380      1439        31
    1431      1490        26
    1473      1532        50
    1593      1652        34
    1889      1909        51
    1978      1997        26
    4458      4419        26
    5110      5071        21
    5196      5157        20
    5223      5184        23
    5247      5208        29
    5701      5611        22
    6141      6013        44
    6186      6058        21
    7575      6847        27
    7622      6894        29
    8145      7414        39
    8566      7861        21
    8831      8090        30
    8870      8129        21
    8892      8151        27
   33869     15203        26
   33910     15244        25
   35356      9141        37
   35449      9234        20
   35479      9264        20
   35662      9447        44
   35739      9524        21
   35810      9595        31
   35869      9654        20
   35953      9738        32
   36070      9855        50
   36127      9912        23
   36151      9936        39
   36205      9990        21
   36283     10068        26
   36391     10176        26
   36418     10203        27
   36448     10233        30
   36542     10327        59
   36608     10393        29
   36653     10438        23
   36794     10579        38
   36833     10618        23
   36857     10642        23
   36891     10676        20
   36959     10744        26
   37001     10786        38
   37190     10975        35
   37298     11083        23
   37322     11107        26
   37364     11149        20
   37433     11218        29
   37475     11260        20
   37634     11419        27
   37667     11452        23
   38032     11729        38
   38079     11771        28
   38478     12179        20
   38499     12200        20
   38604     12305        21
   39879     13183        28
   40012     36857        22
   40354     37216        24
   40590     37471        23
   40653     37534        41
   40734     37615        47
   40815     37696        31
   40854     37735        32
   40929     37810        80
   41010     37891        20
   41319     38200        41
   41376     38257        23
   41463     38344        71
   41553     38434        29
   41592     38473        20
   41613     38494        32
   41867     38748        21
   41928     38809        20
   42012     38893        29
   42087     38968        20
   42147     39028        23
   42177     39058        32
   42284     39165        21
   42342     39223        23
   42426     39307        26
   42453     39334        20
   42498     39379        41
   42606     39487        20
   42645     39526        59
   42718     39599        29
   42748     39629        20
   42790     39671        52
   42843     39724        45
   42916     39797        20
   42997     39878        35
   43159     40040        23
   43186     40067        34
   43381     40262        23
   43405     40286        26
   43621     40502        20
   43663     40544        23
   43723     40604        38
   43807     40688        23
   43846     40727        26
   43932     40813        44
   44059     40940        20
   44245     41126        20
   44266     41147        32
   44326     41207        29
   44365     41246        28
   44422     41303        29
   44458     41339        38
   44524     41405        46
   44689     41570        32
   44748     41629        24
   44827     41708        67
   44971     41852        30
   45140     42036        25
   45184     42079        28
   45945     42619        23
   46056     42725        49
   46374     43055        23
   46514     43195        38
   46742     43408        41
   46784     43450        20
   46814     43480        20
   46880     43546        26
   46958     43624        33
   47158     43841        24
   47507     44195        25
   48730     45173        33
   48764     45207        38
   49330     45791        27
   49412     45873        38
   49511     45972        23
   49910     46489        38
   51290     47235        27
   51320     47265        21
   51399     47327        24
   51703     47705        25
   51779     47781        29
   51989     48144        57
   52794     48776        41
   52866     48848        22
   53093     49075        33
   53139     49121        34
   53187     49169        24
   53216     49198        24
   53703     49670        20
   53778     49745        20
   53820     49787        20
   53922     49889        26
   54151     50113        29
   54277     50239        20
   54423     50385        20
   55041     51201        36
   55127     51284        24
   55363     51533        25
   55650     51808        22
   55737     51884        23
   55874     52064        72
   56508     52557        20
   56541     52590        23
   56708     52757        20
   56813     52862        22
   56894     52943        37
   56932     52981        30
   56996     53045        29
   57107     53156        32
   57316     53365        21
   57356     53405        23
   57470     53519        23
   57524     53573        23
   57596     53645        23
   57698     53747        20
   57827     53876        26
   57863     53912        47
   57911     53960        25
   58712     54602        21
   58866     54899        20
   58887     54920        36
   58946     54979        23
   59002     55035        31
   59083     55116        29
   59161     55194        20
   59251     55284        23
   59275     55308        20
   59341     55374        38
   59411     55444        22
   59485     55518        20
   59524     55557        20
   59698     55731        20
   59788     55821        47
   59956     55989        23
   60251     56284        22
   63257     58028        23
   64238     58937        23
   66264     60464        26
   66330     60530        28
   66399     60599        21
   66421     60621        23
   66447     60647        20
   66598     60798        25
   67023     61223        26
   68226     62257        22
   68407     62415        41
   68458     62466        32
   68530     62538        36
   68630     62638        25
   68669     62678        26
   68804     62813        38
   68843     62852        56
   70190     64094        25
   70446     64356        29
   70485     64395        20
   70545     64455        20
   70702     64583        53
   70756     64637        31
   70971     64791        34
   71006     64826        53
   71546     65256        20
   71943     65783        22
   72435     66439        34
   72472     66476        31
   72528     66532        21
   73102     67100        32
   73412     67398        20
   74041     67982        24
   74066     68007        21
   74138     68079        20
   74382     68358        27
   76383     68875        20
   76625     69221        24
   76813     69410        30
   76934     69531        23
   76970     69567        29
   77003     69600        26
   77067     69664        25
   77111     69708        23
   77228     69825        21
   77318     69915        26
   77352     69949        21
   77374     69971        27
   77459     70056        20
   77480     70077        41
   77567     70164        23
   77654     70251        24
   77702     70299        29
   77777     70374        20
   77810     70407        20
   77885     70482        44
   78146     70743        20
   78203     70800        20
   78240     70837        22
   78266     70863        27
   78454     71091        21
   78495     71132        25
   78635     71264        47
   78710     71339        20
   79032     71660        23
   79214     71838        24
   80049     72650        29
   80079     72680        21
   80148     72749        23
   80241     72842        20
   80295     72896        20
   80385     72986        20
   80427     73028        20
   80493     73094        29
   80523     73124        32
   80606     73207        24
   80830     73425        25
   81024     73613        23
   81519     74106        22
   81585     74172        21
   81613     74200        32
   81682     74269        42
   81766     74353        20
   81796     74383        29
   82706     75312        21
   82767     75373        32
   82994     75600        32
   83105     75711        23
   83204     75810        20
   83229     75835        31
   83312     75921        28
   84170     76924        29
   84551     77290        20
   84772     77517        21
   85141     77848        23
   85772     78460        32
   85853     78541        23
   85923     78611        28
   86018     78708        24
   86328     79047        25
   86987     79723        23
   87760     80548        24
   87785     80573        24
   88737     81792        22
   88866     81921        20
   88911     81966        21
   89076     82131        45
   89130     82183        50
   89240     82293        20
   89255     82313        22
   89278     82336        31
   89312     82370        41
   89354     82412        41
   89442     82495        25
   89486     82539        40
   89549     82603        26
   89576     82630        23
   89600     82654        41
   89643     82697        23
   89677     82731       111
   89818     82872        75
   89894     82948        29
   89983     83037        25
   90009     83063        20
   90203     83251        25
   90229     83277        32
   90328     83376        39
   90379     83427        26
   90445     83493        24
   90552     83601        22
   90663     83716        45
   95557     84121        35
   95593     84157        21
   95627     84191        23
   95676     84231        58
   96424     84535        22
   96611     84723        30
   96770     84888        28
   97035     85143        29
   98150     85192        25
   98222     85270        32
   98317     85369        37
   98596     86131        39
   98636     86171        40
   98677     86212        21
   98699     86234        27
   98734     86269        26
   98895     86430        21
   99047     86589        24
   99099     86630        27
   99112    131443        42
   99154     86678        23
   99179     86705        37
   99217     86743        39
   99272     86797        22
   99299     86824        45
   99345     86870        58
   99410     86935        64
   99475     87000        33
   99557     87082        20
   99578     87103        54
   99633     87158       118
   99762     87287        46
   99809     87334        52
   99875     87400        73
   99956     87481        62
  100019     87544        27
  100062     87587        62
  100132     87657        47
  100195     87732        53
  100263     87797        35
  100299     87833        33
  100333     87867        41
  100375     87909        44
  100420     87954        21
  100451     87985        23
  100475     88009        82
  100558     88092        22
  100601     88156        31
  100713     88268        21
  100792     88347        40
  100839     88394        20
  100866     88421        94
  100995     88550        53
  101064     88619        20
  101103     88658        49
  101172     88727        44
  101229     88784        41
  101271     88826        39
  101311     88866        76
  101418     88973        34
  101453     89008        38
  101556     89102        36
  101610     89156        24
  101682     89227        20
  101730     89265        27
  101793     89322        24
  101823     89352        31
  101855     89384        20
  101878     89407        20
  101899     89428        44
  101957     89486        26
  102072     89604        21
  102095     89627        39
  102147     89679        29
  102198     89730        22
  102221     89753        23
  102249     89781        35
  102298     89830        27
  102329     89864        45
  102379     89910        61
  102451     89982        34
  102486     90017        23
  102589     90119        46
  102649     90179        31
  102729     90258        28
  102758     90287        96
  102855     90384        64
  102928     90457        24
  102958     90487        34
  103024     90553        85
  103139     90668        22
  103167     90696        42
  103259     90783        25
  103887     91236        22
  103980     91324        53
  104058     91401        33
  104187     91591        30
  104363     91763        21
  104410     91810        30
  104595     91989        46
  104708     92110        21
  104758     92159        23
  105000     92380        78
  105089     92470        28
  105274     92657        43
  105318     92701        50
  105369     92752        25
  105395     92778        46
  105453     92836        34
  105498     92881       187
  105743     93126        41
  105785     93168        59
  105845     93228       105
  105953     93336        60
  106044     93427        37
  106092     93475       182
  106281     93664        67
  106349     93732        34
  106386     93768        23
  106445     93827        48
  106494     93876        20
  106515     93897        71
  106587     93969        41
  106629     94011        37
  106733     94116        80
  106814     94203        20
  106909     94294        22
  107084     94480       115
  107201     94597        38
  107273     94674        38
  107322     94723        41
  107367     94769        51
  107419     94821        22
  107465     94862        21
  107487     94884        28
  107516     94913        51
  107561     94957        21
  107815     95069        53
  107976     95227        46
  108023     95274        28
  108059     95310        61
  108127     95373        27
  108178     95425        65
  108262     95509        63
  108326     95573        34
  108396     95645        36
  108460     95709        50
  108513     95762        39
  108565     95814        23
  108589     95838        48
  108711     95959        30
  108742     95990        23
  108800     96053        20
  108830     96083        22
  108852     96101        26
  108879     96133       105
  108999     96254        57
  109107     96361        25
  109133     96387        23
  109228     96482        40
  109269     96523        35
  109360     96615       142
  109548     96803        30
  109579     96834        86
  109666     96921        25
  109739     96997        20
  109771     97027        65
  109831     97092        34
  109874     97135        60
  109947     97208       156
  110108     97369        44
  110162     97423       112
  110284     97545        37
  110322     97583        32
  110363     97624        43
  110413     97674        36
  110467     97728        36
  110504     97765        33
  110543     97804        79
  110623     97884        27
  110653     97914        39
  110713     97974        39
  110769     98095        25
  110798     98128       159
  110964     98295       124
  111102     98433       127
  111231     98562       130
  111366     98697        49
  111442     98772        89
  111545     98875        39
  111600     98930       102
  111703     99033        50
  111764     99094        30
  111795     99125       138
  111934     99264        30
  111985     99315        34
  112049     99378        26
  112083     99412        21
  112154     99473        50
  112271     99589        20
  112311    118455        28
  112346     99671        23
  112431     99752        62
  112494     99815        51
  112565     99886        23
  112677    100001        29
  112711    100035        22
  112823    100116        76
  112935    100232        29
  113382    100313        40
  113524    100459        80
  113711    100646        21
  113735    100670        20
  114005    100944        22
  115364    103002        21
  115978    103598        22
  116150    103770        26
  116369    103989        47
  116441    104061        26
  116525    104145        22
  116791    104411        20
  117000    104620        21
  117082    104702        24
  117125    104745        20
  119256    106764        31
  119774    107240        28
  120126    107595        21
  120149    107618        23
  120200    107669        30
  120770    108094        20
  120896    108220        69
  121160    108484        20
  121335    108659        22
  121772    109096        26
  121799    109123        20
  122185    109509        22
  122440    109740        20
  122518    109818        26
  122566    109866        23
  122996    110507        21
  123114    110625        23
  123460    110948        24
  123803    111291        23
  124662    112014        41
  124849    112201        30
  125032    112385        32
  125338    112691        20
  125482    112835        57
  125777    113085        24
  126195    113503        22
  126607    113926        24
  126660    113979        22
  126722    114041        26
  126944    114263        20
  126971    114290        35
  127218    114534        20
  127530    114846        23
  127611    114927        20
  127769    115085        21
  127803    115119        23
  128088    115404        23
  128157    115473        26
  128193    115509        20
  128238    115554        26
  128271    115587        20
  128642    115989        21
  134719    117169        22
  134991    117445        20
  135014    117468        21
  135142    117596        80
  135324    117782        40
  135782    117874        29
  135847    117943        76
  136013    118078        22
  136040    118105        29
  136158    118226        23
  136201    118269        51
  136253    118321        62
  136377    118441        23
  136407     99652        28
  136455    118526        20
  136542    118612        50
  136642    118702        21
  136671    118731        26
  136727    118786        34
  136782    118841        30
  136813    118872       138
  136952    119011        30
  136993    119052        50
  137044    119103       102
  137162    119221        39
  137215    119274        89
  137331    119389        49
  137385    119443       130
  137517    119575       127
  137658    119716       124
  137789    119848       159
  137952    120015        25
  137994    120122        39
  138054    120182        39
  138096    120224        27
  138124    120252        79
  138209    120337        33
  138243    120371        36
  138297    120425        36
  138340    120468        43
  138392    120520        32
  138425    120553        37
  138472    120600       112
  138594    120722        44
  138643    120771       156
  138812    120940        60
  138881    121009        34
  138910    121043        65
  138987    121118        20
  139055    121189        25
  139081    121215        86
  139168    121302        30
  139244    121378       142
  139442    121577        35
  139478    121613        40
  139590    121725        23
  139614    121749        25
  139690    121824        57
  139762    121897       105
  139868    122008        26
  139894    122030        22
  139926    122062        20
  139981    122122        23
  140005    122146        30
  140109    122249        48
  140158    122298        23
  140194    122334        39
  140236    122376        50
  140314    122454        36
  140386    122528        34
  140421    122563        63
  140503    122645        65
  140592    122735        27
  140626    122764        61
  140695    122833        28
  140724    122862        46
  140878    123013        53
  141164    123157        21
  141179    123171        51
  141231    123223        28
  141260    123252        21
  141305    123292        22
  141328    123315        51
  141383    123371        41
  141435    123423        38
  141507    123500        38
  141547    123540       115
  141815    123819        22
  141912    123912        20
  141933    123939        80
  142080    124087        37
  142118    124125        41
  142160    124167        71
  142232    124239        20
  142253    124260        48
  142337    124344        23
  142363    124369        34
  142398    124404        67
  142472    124478       182
  142665    124671        37
  142733    124739        60
  142796    124802       105
  142902    124908        59
  142962    124968        41
  143061    125067       187
  143259    125265        34
  143305    125311        46
  143352    125358        25
  143378    125384        50
  143429    125435        43
  143629    125637        28
  143668    125677        78
  143965    125953        23
  144017    126004        21
  144105    126100        46
  144306    126295        30
  144362    126351        21
  144529    126514        30
  144655    126701        33
  144713    126758        53
  144837    126877        22
  145462    127327        25
  145537    127397        42
  145585    127445        22
  145637    127497        85
  145754    127614        34
  145794    127654        24
  145827    127687        64
  145892    127752        96
  145989    127849        28
  146066    127925        31
  146111    127970        46
  146237    128095        23
  146261    128119        34
  146306    128164        61
  146372    128226        45
  146421    128278        27
  146462    128319        35
  146502    128359        23
  146526    128383        22
  146570    128427        29
  146612    128469        39
  146653    128510        21
  146763    128623        26
  146803    128663        44
  146848    128708        20
  146871    128731        20
  146892    128752        31
  146929    128789        24
  146989    128843        27
  147044    128888        20
  147112    128955        24
  147154    128997        36
  147255    129089        38
  147294    129128        34
  147359    129193        76
  147436    129270        39
  147476    129310        41
  147530    129364        44
  147594    129428        49
  147662    129496        20
  147698    129532        53
  147786    129620        94
  147887    129721        20
  147914    129748        40
  148012    129846        21
  148114    129948        31
  148166    130021        22
  148189    130044        82
  148272    130127        23
  148305    130160        21
  148327    130182        44
  148372    130227        41
  148414    130269        33
  148448    130303        35
  148498    130350        53
  148567    130431        47
  148622    130486        62
  148700    130564        27
  148728    130592        62
  148798    130662        73
  148885    130749        52
  148938    130802        46
  148995    130859       118
  149114    130978        54
  149169    131033        20
  149238    131102        33
  149272    131136        64
  149343    131207        58
  149402    131266        45
  149452    131316        22
  149490    131353        39
  149530    131393        37
  149569    131434        23
  149592     86650        42
  149620    131478        27
  149675    131522        24
  149830    131684        21
  149986    131840        26
  150020    131874        27
  150048    131902        21
  150070    131924        40
  150111    131965        39
  150392    132729        37
  150492    132833        32
  150571    132918        25
  151682    132963        29
  151948    133219        28
  152105    133382        30
  152300    133578        22
  153012    133846        58
  153096    133921        23
  153132    133957        21
  153154    133979        35
  158038    134374        45
  158172    134512        22
  158277    134618        24
  158379    134720        39
  158485    134826        32
  158717    135052        20
  158738    135073        25
  158823    135158        29
  158853    135188        75
  158958    135293       111
  159080    135415        23
  159105    135440        41
  159147    135482        23
  159171    135506        26
  159220    135556        40
  159279    135615        25
  159351    135682        41
  159393    135724        41
  159437    135768        31
  159469    135800        22
  159486    135822        20
  159566    135902        50
  159625    135959        45
  159814    136148        21
  159860    136194        20
  159987    136321        22
