> gi|576597503|gb|KF769143.1|
       6    151745        30
      37    151776        49
     120      6714        20
     555        74        29
     587       106        21
     612       131        20
     633       152        26
     726       245        23
     753       272        32
     837       356        50
     906       425        26
     942       461        77
    1029       548        29
    1116       635        20
    1143       662        29
    1173       692        29
    1215       734        50
    1326       845        23
    1350       869        65
    1419       938        32
    1452       971        71
    1524      1043        20
    1592      1111        33
    1889      1362        47
    1978      1452        45
    2462      1968        23
    3290      2799        26
    3389      2898        22
    4344      3832        20
    4458      3949        43
    5220      4844        56
    5696      5273        31
    6142      5762        43
    6186      5806        23
    7606      6122        25
    7799      6302        21
    7992      6489        26
    8134      6637        50
    8566      6818        24
    8612      6864        20
    8836      7024        24
    8871      7061        20
    8892      7082        30
    9352      7184        21
    9696      7819        41
    9796      7905        20
   10288      8386        29
   10380      8450        23
   10410      8480        35
   10453      8523        63
   10765      8728        83
   11268      9014        20
   11451      9197        32
   11484      9230        23
   11508      9254        23
   11565      9311        44
   11610      9356        31
   11688      9434        32
   11757      9503        20
   11783      9529        24
   11814      9560        35
   11870      9616        27
   11904      9650        23
   11973      9719        29
   12027      9773        23
   12081      9827        29
   12111      9857        25
   12186      9932        35
   12258     10004        29
   12408     10154        47
   12471     10217        47
   12531     10277        23
   12555     10301        22
   12606     10352        44
   12651     10397        40
   12865     10634        21
   13131     10900        34
   13167     10936        21
   13216     10985        26
   13243     11012        24
   13432     11182        20
   13767     11544        36
   13931     11717        30
   13980     11766        53
   14712     12450        29
   14763     12501        38
   14841     12579        41
   15289     13183        23
   15314     13208        22
   16008     13504        24
   16033     13529        47
   16124     13620        40
   16177     13673        20
   16279     13775        26
   16315     13811        26
   16342     13838        23
   16429     13925        35
   16477     13973        26
   16519     14015        31
   16594     14090        23
   16654     14150        20
   16693     14189        23
   16785     14278        26
   17005     14533        20
   17056     14584        20
   17077     14605        23
   17133     14661        30
   17188     14716        20
   17371     14899        26
   17503     15031        24
   17541     15069        21
   18200     15696        20
   18221     15717        22
   18348     15844        22
   18584     16080        38
   18626     16122        29
   18668     16164        25
   18707     16203        29
   19247     16737        24
   19574     17058        26
   19876     17363        30
   20057     17544        32
   20130     17617        31
   20182     17669        21
   20726     18204        29
   20813     18291        44
   21017     18495        38
   21056     18534        35
   21104     18582        39
   21206     18684        21
   21320     18798        28
   21473     18948        20
   21512     18987        23
   21587     19062        23
   21617     19092        29
   21647     19122        23
   21721     19196        23
   21800     19275        29
   21881     19356        20
   21924     19399        21
   21968     19443        23
   21992     19467        25
   22357     19823        20
   22709     20181        37
   22747     20219        36
   22793     20265        35
   22829     20301        20
   22910     20382        23
   23087     20559        20
   23186     20658        47
   23288     20760        38
   23359     20831        25
   23399     20871        38
   23555     21027        37
   23633     21105        31
   23665     21137        21
   23729     21201        20
   23795     21267        21
   23819     21291        31
   23851     21323        25
   23930     21407        23
   24212     21728        22
   24475     21987        33
   24551     22064        20
   24589     22102        34
   24677     22190        21
   24734     22247        30
   24808     22321        24
   24833     22346        21
   24861     22374        23
   24891     22404        32
   24924     22437        32
   25011     22524        33
   25068     22582        49
   25118     22632        62
   25216     22730        24
   25268     22782        26
   25313     22827        23
   25337     22851        44
   25406     22920        31
   25459     22973        24
   25503     23017        37
   25555     23069        20
   25576     23090        45
   25645     23159        24
   25670     23184        20
   25691     23205        29
   25805     23319        26
   25832     23346        21
   25899     23413        30
   25982     23496        32
   26115     23629        21
   26177     23691        35
   26216     23730        32
   26360     23874        26
   26418     23932        47
   26510     24024        26
   26621     24135        20
   26663     24177        26
   26693     24207        26
   26777     24291        23
   26852     24366        28
   27044     24546        35
   27143     24645        23
   27179     24681        28
   27254     24756        21
   27332     24834        29
   27362     24864        20
   27437     24939        20
   27461     24963        20
   27485     24987        47
   27539     25041        23
   27596     25098        23
   27641     25143        41
   27731     25233        26
   27818     25320        20
   27890     25392        29
   27920     25422        29
   27970     25472        20
   28017     25519        21
   28039     25541        60
   28119     25621        34
   28154     25656        25
   28223     25725        20
   28379     25889        26
   29558     26475        27
   30512     26924        35
   31625     27244        24
   31650     27269        23
   31828     27447        20
   32227     28284        54
   32734     28665        57
   32792     28723        36
   32858     28789        77
   33868     29551        67
   35350     30691        43
   35413     30754        23
   35479     30820        20
   35515     30856        20
   35536     30877        20
   35623     30964        24
   35659     31000        20
   35680     31021        20
   35741     31082        25
   35770     31111        23
   35794     31135        66
   35863     31204        23
   35929     31270        23
   35959     31300        26
   36010     31351        35
   36058     31399        32
   36103     31444        26
   36139     31480        51
   36289     31630        23
   36325     31666        47
   36382     31723        67
   36464     31799        29
   36545     31880        71
   36620     31955        20
   36657     31992        22
   36689     32024        26
   36725     32060        20
   36755     32090        26
   36791     32126        20
   36831     32166        25
   36857     32192        23
   36881     32216        26
   36932     32267        20
   36959     32294        33
   37007     32342        32
   37043     32378        29
   37088     32423        30
   37130     32465        20
   37187     32522        20
   37253     32588        23
   37298     32633        23
   37341     32676        22
   37442     32777        23
   37559     32894        23
   37586     32921        23
   37667     33002        23
   37772     33107        20
   38032     33267        38
   38079     33314        28
   38108     33343        23
   38528     33610        21
   38604     33686        30
   38642     33724        26
   39320     56638        20
   39625     34037        36
   39662     34074        27
   39887     34308        43
   40012     34431        22
   40083     34520        25
   40118     34555        20
   40198     34635        22
   40286     34723        50
   40354     34791        27
   40614     35057        20
   40662     35105        56
   40734     35177        53
   40812     35255        34
   40899     35342        53
   40959     35402        38
   41043     35486        35
   41097     35540        26
   41199     35642        29
   41295     35738        20
   41319     35762        32
   41442     35885        20
   41463     35906        79
   41589     36032        20
   41610     36053        20
   41718     36161        26
   41784     36227        35
   41915     36358        33
   41949     36392        25
   41975     36418        36
   42012     36455        29
   42102     36545        20
   42177     36620        56
   42249     36692        32
   42339     36782        29
   42426     36869        53
   42497     36940        42
   42588     37031        20
   42609     37052        29
   42645     37088        82
   42728     37171        52
   42781     37224        20
   42802     37245        44
   42847     37290        41
   42895     37338        38
   42937     37380        23
   42997     37440        38
   43039     37482        23
   43111     37554        20
   43159     37602        23
   43189     37632        32
   43243     37686        44
   43333     37776        23
   43396     37839        41
   43621     38064        23
   43711     38154        47
   43792     38235        23
   43819     38262        23
   43873     38316        41
   43915     38358        23
   43939     38382        41
   43993     38436        26
   44047     38490        20
   44089     38532        32
   44107     36326        20
   44193     38636        21
   44245     38688        25
   44365     38808        23
   44401     38844        41
   44533     38976        47
   44584     39027        38
   44692     39135        20
   44740     39183        26
   44773     39216        26
   44800     39243        26
   44830     39273        71
   44938     39381        23
   44971     39414        30
   45002     39445        26
   45128     39559        22
   45177     39608        35
   45897     40061        20
   45945     40109        29
   45975     40139        35
   46018     40182        30
   46054     40218        36
   46297     40480        23
   46374     40563        43
   46518     40705        34
   46628     40800        24
   46664     40837        21
   46753     40895        30
   46784     40926        26
   46814     40956        20
   46907     41049        24
   46938     41080        67
   47015     41158        30
   47325     41469        24
   47404     41553        26
   47501     41649        32
   47571     41723        24
   47740     41864        37
   47785     41909        48
   47836     41960        26
   47883     42007        20
   48665     42501        20
   48706     42555        96
   49304     43187        22
   49331     43214        35
   49403     43286        23
   49436     43319        29
   49511     43394        23
   49646     43529        38
   49877     43907        79
   51318     44874        22
   51401     44957        22
   51719     45297        33
   51777     45355        30
   51989     45589        54
   52801     46406        28
   52866     46471        20
   52941     46546        20
   53019     46624        20
   53060     46665        30
   53187     46792        26
   53220     46825        23
   53469     47074        20
   53613     47218        31
   53703     47308        20
   53775     47380        23
   53811     47416        47
   53871     47476        22
   53894     47499        27
   53922     47527        26
   54015     47620        23
   54111     47714        21
   54148     47748        27
   54205     47805        23
   54229     47829        38
   54288     47888        21
   54433     48033        35
   55023     48826        55
   55132     48935        27
   55209     49033        24
   55363     49186        25
   55661     49468        42
   55732     49529        22
   55873     49668        78
   55968     49764        22
   56383     50104        22
   56533     50254        38
   56592     50313        31
   56699     50420        26
   56819     50540        29
   56864     50585        23
   56925     50646        23
   57035     50756        26
   57062     50783        25
   57107     50828        29
   57140     50861        41
   57260     50981        20
   57344     51065        35
   57452     51173        20
   57473     51194        26
   57539     51260        23
   57641     51362        23
   57668     51389        29
   57704     51425        35
   57800     51521        22
   57878     51599        32
   58583     52083        34
   58718     52241        20
   58871     52411        66
   58938     52478        27
   58990     52530        23
   59014     52554        29
   59092     52632        26
   59215     52755        35
   59257     52797        26
   59299     52839        26
   59350     52890        29
   59383     52923        20
   59461     53001        23
   59518     53058        64
   59617     53157        20
   59677     53217        41
   59719     53259        27
   59785     53325        50
   59956     53496        20
   59994     53534        22
   60055     53595        20
   60130     53670        20
   60208     53748        38
   60251     53791        55
   60996     54541        30
   61051     54596        34
   61277     54825        35
   61351     54899        21
   61738     55259        38
   61813     55334        33
   61936     55457        25
   62041     55562        23
   62065     55586        20
   62086     55607        35
   62185     55706        30
   62216     55737        22
   62369     55890        22
   62427     55948        21
   62449     55970        25
   62475     55996        22
   63238     56883        52
   63631     57221        21
   64034     57632        28
   64140     57738        25
   64247     57845        20
   65307     58697        21
   65463     58853        20
   65697     59087        23
   66264     59671        26
   66291     59698        20
   66342     59749        35
   66390     59797        38
   66447     59854        20
   66696     60103        20
   66735     60142        23
   67023     60430        23
   67047     60454        26
   67118     60525        20
   68124     61346        23
   68157     61379        23
   68213     61435        35
   68396     61595        52
   68458     61657        32
   68526     61725        43
   68570     61769        38
   68609     61808        31
   68798     62003        23
   68852     62057        47
   68900     62105        27
   69050     62269        21
   70185     63295        28
   70257     63367        22
   70515     63628        35
   70707     63776        48
   70756     63825        35
   70971     64012        88
   71546     64472        21
   71949     65056        25
   72047     65157        32
   72429     65517        81
   72528     65616        52
   72581     65669        33
   72871     65963        20
   73006     66091        26
   73038     66123        23
   73094     66179        39
   73411     66494        25
   74042     67144        51
   74096     67198        25
   74124     67226        46
   74494     67607        20
   74518     67631        20
   75080     68163        25
   75116     68215        29
   75155     68244        45
   75237     68326        23
   75324     68413        20
   75363     68452        20
   75420     68509        31
   76333     69315        20
   76594     69622        29
   76625     69653        28
   76768     69797        26
   76823     69862        20
   76868     69907        30
   76934     69973        20
   76964     70003        23
   76988     70027        20
   77009     70048        32
   77072     70111        26
   77108     70147        41
   77150     70189        21
   77198     70237        23
   77228     70267        20
   77270     70309        23
   77294     70333        38
   77374     70413        22
   77397     70436        31
   77454     70493        25
   77492     70531        29
   77564     70603        41
   77636     70675        44
   77732     70771        23
   77809     70848        21
   77873     70912        20
   77918     70957        26
   78026     71065        56
   78083     71122        29
   78146     71185        20
   78203     71242        20
   78224     71263        38
   78284     71323        20
   78305     71344        38
   78454     71565        24
   78495     71606        43
   78629     71727        56
   78686     71784        23
   78710     71808        20
   78732     71830        29
   78793     71891        22
   78817     71921        25
   78926     72031        21
   78948     72053        20
   79206     72303        40
   79591     72726        22
   79635     72770        23
   80019     73165        86
   80115     73261        26
   80148     73294        20
   80196     73342        23
   80220     73366        20
   80241     73387        20
   80290     73436        25
   80322     73468        38
   80385     73531        20
   80413     73559        25
   80497     73643        25
   80538     73684        29
   80606     73752        24
   80700     73856        34
   80830     73994        39
   81146     74335        21
   81513     74678        26
   81540     74705        27
   81579     74751        36
   81619     74791        41
   81694     74866        20
   81725     74897        22
   81748     74920        20
   81802     74974        20
   81868     75040        38
   81928     75100        23
   81952     75124        26
   82033     75205        23
   82330     75499        36
   82598     75773        29
   82691     75866        31
   82723     75898        24
   82998     76173        28
   83105     76280        23
   83232     76407        24
   83359     76538        20
   83457     76636        24
   83653     76832        38
   83957     77153        28
   84486     77661        25
   84539     77714        23
   84691     77860        24
   85087     78272        20
   85135     78320        47
   85198     78383        20
   85426     78611        23
   85654     78834        26
   85724     78904        20
   85772     78952        26
   85853     79033        23
   85917     79097        34
   85970     79150        24
   86011     79196        24
   87245     80387        20
   87284     80426        22
   87314     80456        26
   87506     80648        31
   87760     80902        49
   88117     81234        20
   88165     81282        36
   88411     81599        33
   88797     82188        32
   88830     82221        34
   88866     82257        20
   88911     82302        21
   88933     82324        34
   88992     82383        32
   89028     82419        94
   89130     82521        50
   89240     82631        69
   89310     82701        26
   89337     82728        41
   89383     82779        45
   89442     82837        20
   89463     82858        22
   89503     82898        23
   89555     82958        20
   89576     82979        23
   89600     83003        41
   89667     83070        34
   89702     83105        86
   89790     83193       103
   89895     83298        28
   89968     83371        84
   90105     83508        49
   90197     83594        22
   90220     83617        24
   90245     83642        21
   90267     83664        32
   90331     83728        60
   90406     83803        23
   90430     83827        37
   90468     83865        20
   90575     83968        26
   90620     84013        20
   90641     84034        20
   90662     84055        46
   90730     84123        37
   90798     84171        24
   90823     84196        63
   90920     84293        22
   90952     84325        32
   91002     84375        24
   91040     84413        21
   91084     84457        25
   91111     84484        44
   91182     84555        26
   91213     84586        20
   91262     84635        27
   91291     84664        27
   91319     84692        23
   91343     84716        22
   91395     84768        32
   91428     84801        26
   91475     84848        22
   91636     85009        22
   91691     85064        22
   91722     85095        44
   91767     85140        24
   91803     85176        22
   91842     85215        62
   92070     85293        46
   92200     85432        53
   92259     85491        34
   92294     85526        43
   92370     85602        27
   92402     85634        69
   92472     85704        20
   92513     85745        26
   92580     85812        21
   92602     85834        58
   92664     85896        20
   92758     85990        27
   92786     86018        60
   92898     86130        47
   92976     86208        20
   93003     86235        47
   93051     86283        31
   93122     86354        37
   93173     86399        23
   93220     86446        44
   93307     86524        41
   93481     86677        24
   93506     86702        57
   93679     86875        56
   93736     86932        43
   93780     86976        88
   93886     87082        23
   93926     87122        20
   93965     87161        42
   94073     87269        30
   94165     87367        37
   94264     87466        49
   94350     87552        21
   94374     87576        48
   94423     87625        40
   94483     87685        29
   94544     87746        21
   94604     87806        32
   94680     87876        33
   94714     87910        47
   94794     87987        43
   94881     88074        21
   94920     88113        21
   94943     88136        25
   94969     88162        57
   95108     88244        40
   95155     88291        30
   95226     88362        39
   95295     88431        23
   95336     88472        25
   95362     88498        45
   95408     88544        62
   95471     88607        63
   95556     88692        52
   95635     88771       128
   95971     89116        69
   96041     89186        39
   96081     89226        37
   96120     89265        21
   96142     89287        59
   96202     89347        49
   96268     89413        35
   96304     89449        25
   96336     89481        20
   96373     89518        27
   96424     89569        58
   96483     89628        25
   96509     89654        76
   96586     89731        99
   96749     89894        53
   96892     90037        40
   96943     90088        40
   97018     90157        27
   97070     90209        24
   97121     90260        29
   97162     90301        20
   97183     90322        46
   97230     90369        45
   97289     90428        23
   97335     90474        29
   97423     90562        47
   97471     90610        37
   97531     90670        43
   97577     90716        34
   97705     90850        23
   97813     90958        41
   97855     91000        23
   97985     91128        23
   98024     91161        27
   98062     91202        23
   98103     91243        42
   98160     91300        20
   98190     91332        24
   98242     91389        32
   98311     91467        37
   98378     91534        21
   98437     91588        32
   98489     91640        21
   98589     91854        52
   98642     91907        34
   98695     91960        21
   98813     92070        30
   98964     92217        31
   99014     92269        27
   99047     92302        24
   99099     92333        27
   99112    141367        42
   99179     92406        37
   99217     92444        39
   99299     92530        45
   99345     92576        37
   99383     92614        26
   99410     92641        64
   99476     92707        26
   99509     92740        31
   99544     92775        21
   99581     92812       105
   99687     92918        64
   99770     93001        41
   99812     93043        56
   99869     93100        79
   99956     93187       133
  100105     93336        28
  100131     93358        42
  100198     93420        42
  100306     93490        68
  100375     93559        66
  100442     93626       109
  100593     93790        23
  100649     93846        23
  100688     93885        21
  100710     93907        24
  100746     93943        30
  100792     93989        67
  100866     94063        72
  100939     94136        25
  100966     94163        28
  100995     94192        53
  101049     94246        35
  101103     94300       113
  101229     94426        41
  101271     94468        39
  101311     94508        76
  101418     94615        34
  101453     94650        38
  101562     94758        30
  101631     94820        36
  101682     94870        20
  101706     94894        51
  101770    138783        22
  101824     95005        50
  101899     95080        41
  101956     95137        25
  102010     95191        49
  102060     95241        24
  102094     95275        40
  102160     95341        71
  102232     95413        52
  102298     95479        24
  102326     95512        55
  102379     95561        61
  102451     95633        34
  102486     95668        23
  102510     95692        46
  102557     95739        28
  102589     95770        55
  102649     95830        31
  102700     95881       154
  102855     96036       137
  103024     96205        70
  103095     96276        66
  103162     96343        46
  103242     96423        49
  103402     96577        20
  103479     96657        20
  103596     96782        41
  103634     96823        22
  103683     96879        21
  103773     96955        24
  103804     96980        22
  103827     97003        27
  103872     97051        47
  103978     97158        57
  104054     97238        41
  104206     97371        20
  104274     97429        27
  104350     97503        45
  104462     97604        23
  104593     97748        49
  104708     97865        21
  104796     97953        22
  104819     97976        29
  104899     98056        24
  104931     98080        28
  105000     98148        32
  105033     98181        45
  105086     98234        20
  105134     98281        27
  105267     98414        50
  105318     98465       123
  105453     98600        81
  105535     98682       166
  105716     98863        26
  105743     98890        41
  105785     98932        59
  105845     98992       168
  106031     99178       243
  106288     99435       244
  106533     99680       191
  106725     99872       105
  106906    100052        48
  107082    100229        62
  107145    100292        54
  107200    100347        39
  107273    100421        27
  107322    100470        44
  107367    100515        26
  107394    100542        44
  107436    100586        29
  107465    100610        21
  107487    100632        77
  107565    100710        32
  107615    100760        37
  107658    100803        34
  107712    100855        42
  107760    100904        50
  107818    100969        34
  107868    101007        26
  107899    101038        33
  107971    101109        48
  108020    101158        21
  108056    101189        64
  108179    101306        82
  108262    101389        98
  108363    101492        32
  108396    101525        36
  108468    101597        42
  108511    101640        31
  108582    101710        66
  108677    101809        26
  108711    101843        30
  108742    101874        35
  108798    101930        29
  108879    102012       102
  108999    102133        57
  109084    102211        35
  109132    102259        29
  109215    102342        53
  109269    102396        35
  109305    102432       163
  109469    102596        45
  109545    102672       120
  109671    102798        20
  109711    102838        27
  109739    102866        23
  109771    102896        64
  109833    102959        40
  109874    103000       274
  110164    103289       246
  110413    103537        36
  110467    103591       204
  110672    103796        40
  110716    103840        36
  110765    103889       224
  110990    104114        44
  111035    104159       194
  111231    104355       120
  111373    104496       652
  112044    105167        60
  112120    105243        20
  112141    105264        69
  112286    105409        25
  112321    105446        30
  112413    105539       104
  112518    105644        46
  112565    105691        22
  112677    105795        29
  112734    105850        24
  112785    105899        33
  112823    105942        74
  112935    106058        29
  113188    106204        30
  113279    106280        30
  113356    106341        25
  113382    106367        43
  113516    106484       100
  113669    106637        36
  113711    106679        54
  113772    106740        32
  113845    106806        21
  113928    106883        27
  113963    106918        35
  113999    106954        77
  114134    107080        84
  114219    107165        43
  114266    107212        43
  114340    107286        35
  114386    107332        21
  114424    107370        53
  114556    107484        31
  114588    107516        33
  114865    107781        22
  115358    108358        28
  116033    109000        32
  116090    109057        25
  116126    109093        20
  116150    109117        28
  116227    109194        24
  116798    109765        20
  116920    109887        30
  116951    109918        32
  116985    109952        66
  117082    110049        27
  118348    110763        24
  119270    111679        50
  119447    111825        23
  119873    112251        32
  120149    112527        23
  120200    112578        28
  120308    112686        20
  120359    112737        20
  120899    113135        51
  120991    113227        23
  121160    113396        20
  121277    113513        26
  121403    113639        25
  121433    113669        32
  121694    113930        20
  121772    114008        23
  121799    114035        44
  121900    114136        21
  122041    114277        23
  122185    114421        20
  122383    114599        26
  122569    114785        20
  122897    115238        22
  122931    115272        20
  122970    115311        23
  123470    115767        21
  123492    115789        22
  123803    116100        32
  123836    116133        28
  124446    116744        62
  124627    116925        25
  124659    116957        44
  124755    117053        23
  125032    117318        31
  125083    117369        26
  125323    117609        53
  125424    117710        23
  125479    117765        32
  126579    118834        25
  126605    118860        26
  126966    119221        25
  127143    119398        26
  127217    119472        30
  127308    119563        20
  127329    119584        20
  127371    119626        22
  127592    119847        23
  127872    120127        25
  127908    120163        29
  128085    120340        41
  128481    120725        23
  128667    120911        24
  129392    121592        22
  130308    122475        23
  130525    122677        20
  131659    123772        21
  131987    124094        22
  132015    124122        21
  132322    124435        26
  132354    124467        24
  132751    124846        20
  132961    125068        26
  133444    125536        28
  133598    125690        25
  133672    125764        23
  133859    125960        22
  134125    126214        33
  134159    126248        31
  134269    126340        53
  134339    126410        21
  134371    126442        35
  134437    126508        43
  134484    126555        43
  134528    126599        84
  134670    126732        77
  134748    126810        35
  134791    126853        27
  134880    126936        21
  134942    126991        32
  134981    127030        54
  135041    127090        36
  135130    127179       100
  135321    127353        43
  135365    127397        25
  135437    127453        30
  135528    127529        30
  135782    127676        29
  135849    127747        74
  135928    127831        33
  135988    127889        24
  136040    127939        29
  136159    128050        22
  136182    128073        46
  136229    128120       104
  136395    128287        30
  136435    128329        25
  136536    128430        69
  136606    128500        20
  136642    128536        60
  136721    128615       652
  137395    129288       120
  137517    129410       194
  137712    129605        44
  137757    129650       224
  137994    129887        36
  138034    129927        40
  138075    129968       204
  138297    130190        36
  138336    130228       246
  138598    130489       274
  138873    130764        40
  138911    130803        64
  138984    130874        23
  139008    130898        27
  139055    130945        20
  139081    130971       120
  139232    131122        45
  139278    131168       163
  139442    131332        35
  139478    131368        53
  139585    131475        29
  139627    131517        35
  139690    131573        57
  139765    131649       102
  139919    131804        29
  139969    131854        35
  140005    131890        30
  140043    131928        26
  140098    131987        66
  140204    132092        31
  140236    132124        42
  140314    132202        36
  140351    132239        32
  140386    132276        98
  140485    132375        82
  140626    132510        64
  140705    132584        21
  140727    132606        48
  140814    132692        33
  140852    132730        26
  140894    132760        34
  140936    132809        50
  140992    132866        42
  141054    132926        34
  141094    132966        37
  141149    133021        32
  141182    133054        77
  141260    133132        21
  141281    133148        29
  141308    133177        44
  141353    133222        26
  141380    133249        44
  141446    133315        27
  141507    133377        39
  141547    133417        54
  141602    133472        62
  141792    133663        48
  141916    133786       105
  142022    133892       191
  142214    134084       244
  142472    134342       243
  142733    134603       168
  142902    134772        59
  142962    134832        41
  143004    134874        26
  143045    134915       166
  143212    135082        81
  143305    135175       123
  143429    135299        50
  143585    135455        27
  143640    135509        20
  143668    135537        45
  143714    135583        32
  143787    135655        28
  143823    135683        24
  143898    135758        29
  143928    135788        22
  144017    135877        21
  144104    135966        49
  144261    136136        23
  144351    136215        45
  144445    136307        27
  144520    136372        20
  144651    136484        41
  144711    136548        57
  144827    136665        47
  144892    136733        27
  144920    136761        22
  144949    136784        24
  145042    136863        21
  145090    136918        22
  145109    136940        41
  145247    137086        20
  145324    137166        20
  145455    137291        49
  145538    137374        46
  145585    137421        66
  145652    137488        70
  145754    137590       137
  145892    137728       154
  146066    137902        31
  146102    137938        55
  146161    137996        28
  146190    138025        46
  146237    138072        23
  146261    138096        34
  146306    138141        61
  146365    138196        55
  146424    138260        24
  146462    138298        52
  146515    138351        71
  146612    138448        40
  146662    138498        24
  146687    138523        49
  146765    138601        25
  146806    138642        41
  146872    138708        50
  146954     94958        22
  146989    138818        51
  147044    138873        20
  147079    138907        36
  147154    138975        30
  147255    139075        38
  147294    139114        34
  147359    139179        76
  147436    139256        39
  147476    139296        41
  147530    139350       113
  147662    139482        35
  147698    139518        53
  147752    139572        28
  147782    139602        25
  147808    139628        72
  147887    139707        67
  147970    139790        30
  148012    139832        24
  148037    139857        21
  148074    139894        23
  148130    139950        23
  148166    139998        22
  148195    140027       109
  148305    140137        66
  148372    140204        68
  148506    140300        42
  148573    140362        42
  148613    140398        28
  148657    140442       133
  148798    140583        79
  148878    140663        56
  148935    140720        41
  148995    140780        64
  149060    140845       105
  149181    140966        21
  149206    140991        31
  149244    141029        26
  149272    141057        64
  149337    141122        26
  149364    141149        37
  149402    141187        45
  149490    141279        39
  149530    141319        37
  149592     92353        42
  149620    141402        27
  149675    141436        24
  149705    141466        27
  149751    141514        31
  149903    141662        30
  150030    141781        21
  150070    141821        34
  150105    141856        52
  150236    142101        21
  150277    142142        32
  150347    142207        21
  150398    142258        37
  150472    142341        32
  150532    142406        24
  150566    142442        20
  150601    142477        42
  150661    142537        23
  150695    142574        27
  150738    142611        23
  150868    142739        23
  150892    142763        41
  151018    142889        23
  151135    143012        34
  151172    143049        43
  151238    143115        37
  151276    143153        47
  151382    143259        29
  151434    143311        23
  151471    143348        45
  151517    143394        46
  151564    143441        20
  151596    143473        29
  151652    143529        24
  151701    143578        27
  151763    143634        40
  151814    143685        40
  151944    143815        53
  152061    143932        99
  152161    144032        76
  152238    144109        25
  152264    144135        58
  152346    144217        27
  152390    144261        20
  152417    144288        25
  152443    144314        35
  152495    144366        49
  152545    144416        59
  152605    144476        21
  152628    144499        37
  152666    144537        39
  152706    144577        69
  152983    144863       128
  153138    145018        52
  153212    145092        63
  153276    145156        62
  153339    145219        45
  153385    145265        25
  153428    145308        23
  153481    145361        39
  153561    145441        30
  153598    145478        40
  153720    145543        57
  153778    145601        25
  153805    145628        21
  153844    145667        21
  153909    145732        43
  153985    145805        47
  154033    145853        33
  154110    145924        32
  154181    145995        21
  154234    146048        29
  154283    146097        40
  154324    146138        48
  154375    146189        21
  154433    146247        49
  154544    146358        37
  154643    146463        30
  154739    146559        42
  154800    146620        20
  154837    146657        23
  154878    146698        88
  154967    146787        43
  155011    146831        56
  155183    147003        57
  155241    147061        24
  155398    147197        41
  155482    147272        44
  155550    147340        23
  155587    147371        37
  155664    147448        31
  155696    147480        47
  155750    147534        20
  155801    147585        47
  155900    147684        60
  155961    147745        27
  156062    147846        20
  156086    147870        58
  156145    147929        21
  156207    147991        26
  156254    148038        20
  156275    148059        69
  156349    148133        27
  156409    148193        43
  156453    148237        34
  156493    148277        53
  156630    148423        46
  156842    148485        62
  156921    148564        22
  156955    148598        24
  156980    148623        44
  157033    148676        22
  157088    148731        22
  157249    148892        22
  157292    148935        26
  157319    148962        32
  157381    149024        22
  157404    149047        23
  157428    149071        27
  157457    149100        27
  157513    149156        20
  157538    149181        26
  157591    149234        44
  157637    149280        25
  157685    149328        21
  157720    149363        24
  157762    149405        32
  157804    149447        22
  157860    149503        63
  157924    149567        24
  157979    149602        37
  158038    149661        46
  158085    149708        20
  158106    149729        20
  158145    149768        26
  158258    149877        20
  158279    149898        37
  158317    149936        23
  158355    149974        60
  158447    150066        32
  158480    150099        21
  158502    150121        24
  158527    150146        22
  158592    150205        49
  158694    150307        84
  158823    150436        28
  158853    150466       103
  158958    150571        86
  159045    150658        34
  159105    150718        41
  159147    150760        23
  159171    150784        20
  159220    150841        23
  159261    150882        22
  159284    150905        20
  159318    150938        45
  159368    150993        41
  159410    151035        26
  159437    151062        69
  159566    151191        50
  159624    151249        94
  159722    151347        32
  159779    151404        34
  159814    151439        21
  159860    151485        20
  159882    151507        34
  159917    151542        32
