> gi|363989834|gb|JN884817.1|
    4012     73670        24
    4079     73737        20
    4109     73767        20
    4164     73822        22
    4292     73950        41
    4340     73998        20
    4577     74235        53
    4686     74344        22
    4727     74385        20
    4844     74502        21
    5072     74730        23
    5189     74847        32
    5306     74964        23
    5411     75069        20
    5483     75141        23
    5669     75370        41
    7266     76999        20
    7458     77191        26
    7696     77429        34
    7740     77473        29
    7791     77524        20
    8007     77775        33
    8769     78607        20
    8830     78668        25
    8865     78703        23
    8907     78745        26
    9021     78859        20
   13005     82636        20
   14885     84622        20
   15963     85795        21
   16167     85999        20
   16271     86109        21
   16352     60392        23
   16910     86744        35
   18675      7026        20
   31338     54550        24
   31456     54668        26
   31513     54725        23
   31777     54989        26
   32098     55310        21
   32257     55469        20
   33013     49669        20
   33964     64405        23
   40129        52        36
   40475    153523        25
   40822       522        20
   40870       570        29
   40966       666        35
   41224       924        32
   41287       987        20
   41317      1017        29
   41371      1071        37
   41524      1224        23
   41563      1263        32
   41668      1368        26
   41774      1474        20
   41817      1561        22
   42305      1815        20
   42326      1836        21
   44560      4146        22
   44672      4255        30
   46107      6132        20
   47993      7148        23
   49447      8345        30
   50059     15751        22
   50960    141152        21
   58695     46361        22
   84292     46419        24
   85962     48759        20
   85987     48784        20
   86112     48920        20
   86810     49679        26
   86837     49706        30
   87306    116826        24
   88739    118243        20
   88760    118264        23
   88844    118348        20
   88886    118390        26
   89379    118759        27
   90771    120339        23
   90945    120513        35
   91541    121066        20
   91598    121123        26
   91781    121306        26
   92923    122879        20
   93146    123087        26
   93248    123189        20
   93608    123549        20
   93722    123663        20
   93926    123867        20
   94190    124131        37
   94232    124173        26
   99228    110075        39
  100016    131624        20
  100037    131645        58
  100254    132013        39
  100671    132348        31
  100782    132559        30
  100819    132596        53
  100879    132656        22
  100903    132680        93
  100997    132774        54
  101052    132829       115
  101168    132945        40
  101222    132999        74
  101347    133124        24
  101387    133164        32
  101452    133229        70
  101523    133300        41
  101565    133342        81
  101652    133429        27
  101680    133457        37
  101726    133503        57
  101794    133569        27
  101824    133599        30
  101855    133630        30
  101916    133691        37
  102096    133866        22
  102153    133923        64
  102218    133988        78
  102323    134092        31
  102356    134121        31
  102424    134189        23
  102506    134271        31
  102538    134303        37
  102645    134426        31
  102690    134470        61
  102752    134532        24
  102777    134557        25
  102817    134597        59
  102876    134651        23
  102910    134685        28
  102945    134720        37
  103118    134856        29
  103148    134886        24
  103221    134957        24
  103300    135032        23
  103339    135071        44
  103384    135116        38
  103502    135233        26
  103539    135270        30
  103640    135377        20
  103721    135481        42
  103859    135615        26
  104123    135928        27
  104204    136003        20
  104234    136033        33
  104286    136085        27
  104497    136296        29
  104527    136326        39
  104631    136443        43
  104749    136569        21
  105116    137030        28
  105396    137307        39
  105447    137358        32
  105485    137396        62
  106050    137735        32
  106083    137768        58
  106202    137887        30
  106233    137918        47
  106363    138048        38
  106403    138088        21
  106425    138110        24
  106483    138170        52
  106545    138232        45
  106624    138311       101
  106726    138413        28
  106786    138473        48
  106835    138522        21
  106868    138555        23
  106914    138600        36
  106963    138649        50
  107054    138740        27
  107082    138768        41
  107186    138872        46
  107233    138919        63
  107328    139014        28
  107382    139067        20
  107437    139100        44
  107495    139158        25
  107521    139184        50
  108171    139507        25
  109086    141216        25
  109112    141242        29
  109168    141298        29
  109198    141328        21
  109317    141447        25
  109409    141536        21
  109856    141984        21
  110037    142169        20
  110197    142329        20
  111059    143262        34
  111154    143357        20
  111177    143380        23
  111319    143522        20
  112039    144228        26
  112174    144363        21
  112256    144445        22
  112288    144477        23
  113284     87661        25
  121104     95548        30
  121156     95600        22
  129856    115223        48
  130884    116132        23
