> gi|442567852|gb|KC180789.1|
     164       630        23
     218       684        20
     239       705        41
     284       750        23
     308       774        20
     331       797        21
     353       819        26
     380       846        26
     410       876        26
     449       915        20
     473       939        56
     530       996        20
     569      1035        20
     674      1140        59
     734      1200        41
     776      1242        50
     917      1383        25
     959      1425        29
    1004      1470        50
    1124      1590        34
    1381      1886        51
    1469      1975        26
    2357      2864        26
    3895      4468        26
    4558      5117        21
    4644      5203        20
    4672      5231        22
    4701      5260        23
    5099      5708        22
    5499      6142        44
    5544      6187        21
    6309      7584        27
    6356      7631        29
    6874      8159        39
    7313      8583        21
    7335      8605        23
    7536      8877        30
    7575      8916        21
    7597      8938        27
    8643     35890        37
    8736     35983        20
    8835     36082        20
    8949     36196        44
    9026     36273        21
    9097     36344        40
    9156     36403        20
    9240     36487        32
    9357     36604        41
    9414     36661        23
    9438     36685        39
    9492     36739        21
    9570     36817        29
    9600     36847        23
    9678     36925        26
    9705     36952        27
    9735     36982        30
    9823     37070        65
    9895     37142        29
    9940     37187        23
   10093     37340        26
   10120     37367        23
   10144     37391        23
   10178     37425        20
   10246     37493        26
   10288     37535        38
   10477     37724        35
   10585     37832        23
   10609     37856        26
   10651     37898        20
   10720     37967        29
   10762     38009        20
   10900     38147        20
   10921     38168        27
   10951     38198        26
   11260     38574        35
   11299     38618        28
   11707     39018        20
   11728     39039        20
   11833     39144        21
   12708     40138        28
   14723     34420        26
   14764     34461        25
   36453     40280        22
   36812     40622        27
   37067     40858        23
   37130     40921        41
   37211     41002        53
   37292     41083        31
   37331     41122        32
   37406     41197        80
   37487     41278        20
   37541     41332        23
   37796     41587        41
   37853     41644        23
   37940     41731        71
   38030     41821        29
   38069     41860        20
   38090     41881        32
   38344     42135        21
   38405     42196        20
   38489     42280        23
   38564     42355        20
   38624     42415        23
   38654     42445        32
   38732     42523        23
   38761     42552        21
   38819     42610        23
   38903     42694        26
   38930     42721        20
   38975     42766        41
   39083     42874        20
   39122     42913        59
   39195     42986        29
   39225     43016        20
   39267     43058        41
   39320     43111        45
   39393     43184        20
   39474     43265        35
   39636     43427        23
   39675     43466        22
   39858     43649        20
   39882     43673        32
   40098     43889        20
   40140     43931        23
   40200     43991        38
   40323     44114        26
   40409     44200        44
   40722     44513        20
   40743     44534        32
   40803     44594        29
   40839     44630        31
   40899     44690        29
   40935     44726        38
   41001     44792        32
   41048     44839        24
   41073     44864        20
   41166     44957        32
   41225     45016        24
   41304     45095        67
   41448     45239        30
   41479     45270        21
   42218     46110        29
   42330     46227        49
   42660     46543        23
   42800     46683        38
   42969     46868        20
   43008     46911        46
   43055     46958        20
   43085     46988        20
   43151     47054        26
   43229     47132        33
   43440     47332        24
   43799     47680        26
   44762     48866        22
   44785     48889        33
   44819     48923        38
   45414     49495        26
   45495     49576        38
   45594     49675        23
   46105     50074        38
   46802     51403        23
   46841     51442        27
   46871     51472        21
   46935     51543        27
   47317     51850        25
   47367     51900        20
   47393     51926        29
   47792     52136        57
   48149     52715        20
   48407     52957        41
   48455     53005        23
   48673     53223        21
   48706     53256        33
   48745     53295        41
   48800     53350        24
   49068     53607        24
   49299     53838        20
   49374     53913        20
   49416     53955        20
   49490     54029        54
   49742     54287        34
   49868     54413        20
   50014     54559        20
   51018     55163        36
   51101     55248        24
   51350     55484        25
   51625     55771        22
   51696     55853        28
   51881     55995        72
   52374     56629        20
   52407     56662        23
   52574     56829        20
   52679     56934        22
   52760     57015        37
   52862     57117        29
   52982     57237        23
   53182     57437        39
   53222     57477        23
   53336     57591        23
   53390     57645        23
   53462     57717        23
   53564     57819        20
   53693     57948        26
   53729     57984        47
   53777     58032        25
   54721     58990        20
   54748     59017        30
   54801     59070        23
   54857     59126        31
   54938     59207        29
   55016     59285        20
   55196     59465        26
   55266     59535        22
   55340     59609        20
   55379     59648        20
   55553     59822        20
   55643     59912        44
   55811     60080        23
   56106     60375        22
   57913     63455        23
   58822     64434        29
   60358     66484        26
   60424     66550        28
   60493     66619        21
   60515     66641        23
   60541     66667        20
   60796     66922        26
   60859     66985        20
   61117     67243        26
   62153     68452        22
   62311     68633        41
   62362     68684        32
   62436     68758        34
   62534     68856        25
   62574     68895        26
   62709     69030        38
   62748     69069        56
   64255     70689        29
   64294     70728        20
   64354     70788        20
   64486     70925        53
   64540     70979        31
   64694     71188        34
   64729     71223        53
   65184     71731        20
   65704     72212        22
   66362     72705        34
   66399     72742        31
   66455     72798        21
   67023     73372        32
   67321     73682        20
   67895     74310        30
   67926     74341        21
   67998     74413        20
   68277     74657        27
   68794     76676        20
   69118     76918        24
   69313     77105        30
   69434     77226        29
   69470     77262        29
   69503     77295        26
   69567     77359        25
   69611     77403        23
   69728     77520        21
   69818     77610        26
   69852     77644        21
   69874     77666        27
   69959     77751        20
   69980     77772        41
   70067     77859        23
   70154     77946        24
   70202     77994        29
   70310     78102        20
   70385     78177        44
   70646     78438        20
   70703     78495        20
   70740     78532        22
   70766     78558        27
   71003     78746        21
   71044     78787        25
   71176     78927        47
   71251     79002        20
   71750     79510        24
   72553     80335        35
   72589     80371        21
   72658     80440        23
   72751     80533        20
   72805     80587        20
   72895     80677        20
   72937     80719        20
   73003     80785        29
   73033     80815        32
   73116     80898        24
   73334     81122        25
   73522     81317        23
   74015     81824        22
   74081     81890        21
   74109     81918        32
   74172     81981        48
   74262     82071        20
   74517     82326        20
   75200     83016        21
   75261     83077        32
   75488     83304        32
   75599     83415        23
   75723     83539        31
   75809     83622        29
   76086     83900        20
   76825     84478        31
   77194     84861        20
   77421     85082        21
   77748     85456        26
   78363     86084        32
   78444     86165        23
   78514     86235        28
   78611     86330        24
   78934     86621        25
   79604     87274        23
   80429     88048        24
   80454     88073        24
   81678     89036        22
   81807     89165        20
   81852     89210        21
   82017     89375        45
   82069     89429        50
   82179     89539        20
   82199     89554        22
   82222     89577        31
   82256     89611        41
   82298     89653        41
   82381     89741        25
   82425     89785        40
   82489     89848        26
   82540     89899        41
   82583     89942        23
   82619     89978       109
   82758     90117        75
   82834     90193        29
   82923     90282        25
   82949     90308        20
   83137     90502        25
   83163     90528        32
   83262     90627        39
   83313     90678        26
   83379     90744        24
   83487     90851        22
   83602     90962        45
   84007     95856        35
   84043     95892        21
   84077     95926        23
   84117     95975        22
   84140     95998        35
   84421     96705        22
   84609     96892        30
   84774     97051        28
   85029     97316        29
   85078     98431        25
   85156     98503        32
   85255     98598        37
   86017     98877        39
   86057     98917        40
   86098     98958        49
   86155     99015        26
   86316     99176        21
   86475     99328        24
   86520     99384        23
   86536    149641        42
   86564     99435        23
   86587     99456        41
   86629     99498        39
   86683     99553        22
   86710     99580        45
   86756     99626        58
   86821     99691        64
   86886     99756        33
   86968     99838        20
   86989     99859       173
   87173    100043        46
   87220    100090        52
   87286    100156        73
   87367    100237        62
   87430    100300        27
   87473    100343        62
   87543    100413        47
   87618    100476        53
   87683    100545        35
   87719    100581        33
   87753    100615        41
   87795    100657        44
   87840    100702        21
   87871    100733        23
   87895    100757        63
   87978    100840        22
   88042    100883        31
   88154    100995        21
   88233    101074        40
   88280    101121        20
   88307    101148        94
   88436    101277        53
   88505    101346        20
   88544    101385        49
   88613    101454        44
   88670    101511        41
   88712    101553        39
   88752    101593        76
   88859    101700        34
   88894    101735        38
   88988    101838        36
   89042    101892        24
   89113    101964        20
   89151    102012        27
   89208    102075        24
   89238    102105        31
   89270    102137        20
   89293    102160        20
   89314    102181        44
   89372    102239        26
   89490    102354        21
   89513    102377        39
   89565    102429        29
   89616    102480        22
   89639    102503        23
   89667    102531        35
   89716    102580        27
   89750    102611        45
   89796    102661        61
   89868    102733        34
   89903    102768        23
   90005    102871        46
   90065    102931        31
   90144    103011        28
   90173    103040        96
   90270    103137        64
   90343    103210        24
   90373    103240        34
   90439    103306        85
   90554    103421        22
   90582    103449        42
   90669    103541        25
   91122    104163        22
   91210    104256        53
   91287    104334        33
   91472    104463        30
   91644    104639        21
   91691    104686        30
   91870    104871        46
   91991    104984        21
   92040    105034        23
   92261    105276        78
   92351    105365        28
   92538    105550        94
   92633    105645        25
   92659    105671        46
   92717    105729        34
   92762    105774        36
   92799    105811       150
   93007    106019        41
   93049    106061        59
   93109    106121       105
   93217    106229        60
   93308    106320        37
   93356    106368       182
   93545    106557        67
   93613    106625        34
   93649    106662        23
   93708    106721        48
   93757    106770        20
   93778    106791        71
   93850    106863        41
   93892    106905        37
   93997    107009        73
   94078    107090        20
   94169    107185        42
   94355    107360       115
   94472    107477        38
   94547    107547        40
   94598    107598        41
   94644    107643        51
   94696    107695        22
   94737    107741        21
   94759    107763        28
   94788    107792        51
   94832    107838        21
   94906    107912        27
   94944    108092        53
   95102    108253        46
   95149    108300        28
   95185    108336        61
   95248    108404        27
   95300    108455        65
   95384    108539        63
   95448    108603        34
   95520    108673        36
   95584    108737        50
   95637    108790        39
   95689    108842        23
   95713    108866        42
   95834    108988        30
   95865    109019        24
   95922    109077        20
   95952    109107        22
   95970    109129        26
   96007    109161       100
   96123    109276        57
   96230    109384        25
   96256    109410        34
   96351    109505        40
   96392    109546        35
   96484    109637       142
   96672    109825       117
   96790    109943        25
   96866    110016        20
   96896    110048        65
   96961    110108        34
   97004    110151        60
   97077    110224       156
   97238    110385        44
   97292    110439       112
   97414    110561        37
   97452    110599        32
   97493    110640        43
   97543    110690        36
   97597    110744        36
   97634    110781        33
   97673    110820        79
   97753    110900        27
   97783    110930        39
   97843    110990        39
   97964    111046        25
   97997    111075       159
   98173    111250       115
   98302    111379       127
   98431    111508       134
   98566    111643        49
   98641    111719        89
   98744    111822        39
   98799    111877       102
   98902    111980        50
   98963    112041        30
   98994    112072       138
   99133    112211        30
   99184    112262        34
   99247    112326        26
   99281    112360        21
   99342    112431        50
   99458    112548        20
   99521    136460        28
   99540    112623        23
   99621    112708        62
   99684    112771        51
   99755    112842        23
   99870    112954        29
   99904    112988        22
   99985    113100        76
  100101    113212        29
  100182    113660        40
  100328    113800        80
  100515    113987        21
  100539    114011        20
  100807    114275        28
  103448    116312        20
  103618    116482        26
  103783    116647        20
  103837    116701        47
  103909    116773        26
  103993    116857        22
  104259    117123        20
  104362    117226        20
  104431    117295        29
  104468    117332        21
  104550    117414        24
  106677    119410        31
  107153    119923        30
  107531    120298        23
  107582    120349        30
  108007    120921        20
  108133    121047        69
  108397    121311        20
  108572    121486        22
  108870    121784        21
  109009    121923        26
  109036    121950        20
  109422    122336        22
  109647    122590        20
  109725    122668        26
  110412    123142        21
  110530    123260        23
  110852    123606        24
  110897    123651        22
  111195    123949        23
  111761    124614        35
  111932    124785        23
  112119    124972        30
  112176    125030        20
  112299    125155        32
  112605    125461        23
  112749    125605        57
  113412    126317        22
  113633    126509        26
  113833    126729        24
  113886    126782        22
  113948    126844        26
  114170    127066        20
  114197    127093        35
  114440    127339        21
  114834    127733        20
  114992    127891        21
  115026    127925        23
  115311    128210        23
  115380    128279        26
  115416    128315        20
  115461    128360        26
  115494    128393        20
  115891    128760        25
  117055    134773        28
  117331    135045        20
  117354    135068        21
  117482    135196        80
  117668    135376        40
  117760    135835        29
  117829    135900        76
  117964    136066        22
  117991    136093        29
  118112    136211        23
  118155    136254        51
  118207    136306        62
  118327    136430        23
  118341    112588        28
  118412    136508        20
  118498    136595        50
  118588    136695        21
  118617    136724        26
  118672    136780        34
  118727    136835        30
  118758    136866       138
  118897    137005        30
  118938    137046        50
  118989    137097       102
  119107    137215        39
  119160    137268        89
  119275    137384        49
  119325    137434       134
  119461    137570       127
  119602    137711       115
  119734    137842       159
  119901    138005        25
  120008    138047        39
  120068    138107        39
  120110    138149        27
  120138    138177        79
  120223    138262        33
  120257    138296        36
  120311    138350        36
  120354    138393        43
  120406    138445        32
  120439    138478        37
  120486    138525       112
  120608    138647        44
  120657    138696       156
  120826    138865        60
  120895    138934        34
  120929    138963        65
  121004    139040        20
  121075    139108        25
  121101    139134       117
  121264    139297       142
  121463    139495        35
  121499    139531        40
  121600    139632        34
  121635    139667        25
  121710    139743        57
  121783    139815       100
  121894    139921        26
  121916    139947        22
  121948    139979        20
  122001    140033        24
  122026    140058        30
  122135    140168        42
  122178    140211        23
  122214    140247        39
  122256    140289        50
  122334    140367        36
  122408    140439        34
  122443    140474        63
  122525    140556        65
  122615    140645        27
  122644    140679        61
  122713    140748        28
  122742    140777        46
  122893    140931        53
  122957    141137        27
  123037    141217        21
  123051    141233        51
  123103    141285        28
  123132    141314        21
  123172    141359        22
  123195    141382        51
  123251    141437        41
  123303    141489        40
  123380    141561        38
  123420    141601       115
  123679    141849        42
  123792    141966        20
  123820    141994        73
  123961    142134        37
  123999    142172        41
  124041    142214        71
  124113    142286        20
  124134    142307        48
  124218    142391        23
  124243    142417        34
  124278    142452        67
  124352    142526       182
  124545    142719        37
  124613    142787        60
  124676    142850       105
  124782    142956        59
  124842    143016        41
  124941    143115       150
  125092    143266        36
  125139    143313        34
  125185    143359        46
  125232    143406        25
  125258    143432        94
  125511    143683        28
  125551    143722        78
  125827    144019        23
  125878    144071        21
  125974    144159        46
  126169    144360        30
  126225    144416        21
  126388    144583        30
  126570    144709        33
  126627    144767        53
  126746    144891        22
  127196    145510        25
  127266    145585        42
  127314    145633        22
  127366    145685        85
  127483    145802        34
  127523    145842        24
  127556    145875        64
  127621    145940        96
  127718    146037        28
  127794    146114        31
  127839    146159        46
  127964    146285        23
  127988    146309        34
  128033    146354        61
  128095    146420        45
  128147    146469        27
  128188    146510        35
  128228    146550        23
  128252    146574        22
  128296    146618        29
  128338    146660        39
  128379    146701        21
  128492    146811        26
  128532    146851        44
  128577    146896        20
  128600    146919        20
  128621    146940        31
  128658    146977        24
  128712    147037        27
  128757    147092        20
  128824    147160        24
  128866    147202        36
  128958    147303        38
  128997    147342        34
  129062    147407        76
  129139    147484        39
  129179    147524        41
  129233    147578        44
  129297    147642        49
  129365    147710        20
  129401    147746        53
  129489    147834        94
  129590    147935        20
  129617    147962        40
  129715    148060        21
  129817    148162        31
  129890    148214        22
  129932    148256        63
  129996    148320        23
  130029    148353        21
  130051    148375        44
  130096    148420        41
  130138    148462        33
  130172    148496        35
  130219    148547        53
  130300    148616        47
  130355    148671        62
  130433    148749        27
  130461    148777        62
  130531    148847        73
  130618    148934        52
  130671    148987        46
  130728    149044       173
  130902    149218        20
  130971    149287        33
  131005    149321        64
  131076    149392        58
  131135    149451        45
  131185    149501        22
  131222    149539        39
  131262    149579        41
  131303    149618        23
  131312     99393        42
  131347    149669        23
  131391    149724        24
  131553    149879        21
  131709    150035        26
  131743    150069        49
  131793    150119        40
  131834    150160        39
  132598    150441        37
  132702    150541        32
  132787    150620        25
  132832    151731        29
  133088    151997        28
  133251    152154        30
  133447    152349        22
  133715    153043        35
  133751    153079        22
  133790    153127        23
  133826    153163        21
  133848    153185        35
  134243    158069        45
  134381    158203        22
  134487    158308        24
  134921    158748        20
  134942    158769        25
  135027    158854        29
  135057    158884        75
  135162    158989       109
  135284    159111        23
  135309    159136        41
  135375    159202        26
  135425    159251        40
  135484    159310        25
  135551    159382        41
  135593    159424        41
  135637    159468        31
  135669    159500        22
  135691    159517        20
  135771    159597        50
  135828    159656        45
  136017    159845        21
  136063    159891        20
  136190    160018        22
  136333         1        78
