> gi|407030481|gb|JX513418.1|
      25        21        23
     127       123        39
     179       175        47
     239       235        68
     308       304       113
     422       418        50
     473       469        89
     563       559        62
     626       622        23
     653       649       173
     830       826        74
     911       907        77
     989       985        26
    1016      1012        65
    1082      1078       126
    1212      1212        43
    1379      1382        74
    1451      1457        65
    1517      1523        24
    1556      1561        24
    1766      1784        42
    1809      1827        20
    1841      1859       104
    1946      1964        74
    2021      2039        30
    2052      2070        29
    2102      2120        27
    2135      2153        20
    2156      2174        25
    2187      2205        24
    2306      2324        22
    2336      2354        64
    2437      2455        41
    2497      2515        39
    2537      2555        64
    2654      2672        43
    2702      2720        22
    2732      2750        40
    2774      2792        47
    2822      2840        21
    2844      2862        20
    2873      2891        20
    2912      2930        36
    2966      2984        33
    3003      3021        78
    3119      3134        20
    3140      3155        20
    3164      3179        20
    3185      3200        20
    3206      3221        33
    3240      3255        21
    3265      3280        28
    3308      3324        26
    3374      3384        27
    3423      3427        40
    3468      3472        51
    3528      3531        35
    3582      3590        30
    3613      3621        31
    3672      3680        55
    3769      3789        41
    3811      3831        55
    3867      3887        78
    3947      3966        22
    3970      3989        25
    4001      4020        23
    4054      4073        21
    4220      4231        24
    4256      4267        23
    4282      4293        92
    4375      4386        23
    4433      4445        26
    4496      4503        29
    4529      4536        21
    4551      4558        32
    4584      4591        87
    4672      4679        76
    4759      4765        50
    4853      4866        54
    4968      4981        22
    4991      5004        37
    5033      5046        20
    5075      5088        57
    5131      5146        37
    5162      5178        30
    5241      5286        34
    5275      5316        83
    5358      5401        33
    5399      5446        23
    5437      5484        47
    5486      5533        90
    5576      5625        21
    5598      5647        21
    5620      5669        26
    5725      5779        27
    5921      5974        27
    6004      6046        41
    6040      6083        33
    6158      6951        21
    6205      6998        21
    6235      7065        22
    6306      7140        79
    6386      7220        27
    6414      7248        24
    6489      7323        21
    6511      7345        59
    6577      7411        36
    6614      7448        25
    6715      7549        65
    6863      7697        58
    7001      7833        29
    7160      7988        25
    7277      8111        90
    7368      8202        38
    7449      8295        52
    7502      8348        27
    7535      8381        89
    7635      8481        21
    7716      8556        63
    7772      8613        37
    7862      8703        20
    7881      8716        31
    7945      8782        20
    7966      8803        21
    7989      8826        25
    8032      8869        44
    8086      8922        27
    8114      8950        80
    8256      9110        25
    8296      9150        25
    8351      9204        21
    8382      9231        21
    8413      9229        22
    8455      9253        43
    8543      9335        21
    8565      9357        22
    8608      9399        74
    8686      9477        27
    8721      9512        41
    8763      9554       128
    8901      9692        44
    8961      9752        32
    9015      9806        32
    9048      9839        47
    9129      9920        83
    9216     10007        23
    9240     10031        41
    9282     10073        26
    9309     10100        23
    9333     10124        23
    9363     10154        35
    9414     10205        35
    9450     10241        74
    9558     10349        53
    9612     10403       204
    9829     10620        53
    9883     10674        56
    9940     10731        32
    9979     10770        35
   10015     10806        38
   10054     10845        38
   10093     10884        26
   10120     10911        57
   10178     10969        64
   10243     11034        41
   10285     11076        32
   10327     11118        23
   10351     11142        23
   10396     11187        29
   10426     11217        73
   10555     11346        29
   10585     11376        74
   10663     11454        44
   10720     11511        62
   10783     11574        59
   10864     11655        84
   10957     11748        38
   10996     11787        20
   11032     11823        76
   11118     11912        73
   11235     12007        64
   11300     12072        63
   11372     12144        25
   11447     12215        27
   11475     12243        21
   11534     12302        21
   11577     12340        55
   11646     12408       114
   11761     12523        59
   11821     12583        44
   11866     12628        33
   11988     12744        23
   12079     12836        28
   12104     12856        27
   12132     12884        21
   12168     12920        28
   12197     12949        47
   12294     13046        25
   12341     13086        26
   12564     13309        24
   12600     13345        38
   12627     38701        29
   12659     13405       112
   12816     13561        21
   12838     13583        90
   12929     13674        99
   13029     13774        37
   13067     13812        25
   13101     13845        58
   13160     13904        27
   13188     13932        24
   13213     13957        23
   13250     13997        26
   13277     14024        43
   13321     14068        59
   13429     14176        45
   13475     14222        41
   13532     14273        77
   13662     14402        25
   13843     14583        23
   14085     14838        31
   14171     14925        29
   14260     15006        38
   14309     15055        25
   14429     15168        28
   14657     16257        21
   14694     16294        20
   14715     16315        85
   14883     16490        21
   15001     16761        20
   15078     16836        40
   15133     16891        34
   15162     16925       112
   15277     17040        40
   15318     17081        32
   15351     17116        35
   15386     17146        22
   15424     17184        34
   15496     17255        29
   15526     17285        29
   15592     17356        35
   15637     17396        46
   15687     17446        34
   15722     17481       121
   15847     17606        20
   16063     17810        26
   16100     17847        33
   16134     17881        22
   16188     18229        43
   16232     18273        20
   16260     18305        30
   16334     18362        20
   16424     18382        22
   16477     18415        67
   16564     18502        50
   16615     18549        57
   16691     18625        39
   16731     18665        34
   16784     18720        39
   16824     18760        50
   16875     18811        20
   16894     18829        38
   16934     18864        27
   16962     18892        22
   17053     18982        27
   17113     19149        43
   17239     19296        27
   17350     19406        33
   17384     19440        74
   17459     19515        28
   17488     19544        62
   17569     19625        41
   17685     19738        20
   17706     19759        21
   17787     19839        31
   17861     19908        21
   17962     20003        23
   18057     20099        21
   18071     20111        24
   18188     20218        20
   18262     20286        27
   18391     20404       103
   18560     20577        57
   18688     20706        23
   18732     20750        22
   18873     20895        21
   18896     20918        24
   18934     20970        26
   18985     21016        23
   19052     21083        24
   19092     21118        38
   19305     21341        52
   19397     21425        29
   19466     21494        37
   19504     21532        47
   19579     21607        40
   19620     21648        42
   19663     21691        70
   19753     21781        92
   19846     21874        95
   19942     21970        38
   19981     22009        74
   20056     22084        26
   20083     22111        20
   20107     22135       106
   20214     22242        39
   20254     22282       116
   20371     22399        77
   20449     22477       174
   20624     22652        25
   20665     22693        35
   20701     22729        29
   20731     22759        44
   20776     22804        23
   20800     22828        44
   20890     22918        47
   20938     22966        35
   21035     23060        41
   21091     23116        47
   21139     23164        26
   21166     23191        21
   21188     23213        64
   21253     23278        26
   21280     23305        71
   21352     23377        54
   21407     23432        43
   21457     23482        43
   21508     23533        35
   21552     23577        36
   21613     23638        98
   21739     23764        32
   21790     23815        89
   21880     23905        44
   21946     23971        29
   21976     24001        23
   22004     24029        46
   22063     24088        35
   22099     24124        35
   22144     24169        23
   22168     24193        35
   22204     24229        35
   22240     24265        44
   22285     24310       105
   22391     24416        70
   22474     24499        62
   22543     24568       152
   22696     24721        51
   22763     24788        79
   22843     24868        63
   22910     24928        95
   23006     25024       107
   23129     25147        32
   23162     25180        35
   23198     25216        52
   23251     25269        45
   23321     25339        45
   23384     25402        26
   23411     25429       146
   23558     25576        47
   23625     25643        70
   23696     25714        26
   23723     25741        23
   23786     25804        26
   23828     25846       116
   23949     25967        82
   24032     26050       137
   24182     26200        29
   24212     26230        56
   24269     26287        41
   24343     26361        45
   24389     26407        44
   24434     26452        36
   24471     26489        34
   24506     26524        20
   24527     26545        23
   24557     26575        30
   24604     26622        25
   24644     26659        25
   24674     26689        26
   24746     26761        93
   24840     26855        22
   24883     26898        77
   24971     26986        26
   24995     27009        25
   25043     27056        20
   25072     27085        83
   25151     27165        70
   25222     27236        36
   25259     27273        33
   25310     27324        26
   25337     27351        29
   25385     27399        83
   25487     27501        32
   25520     27534        74
   25595     27609        33
   25634     27648        83
   25718     27732        32
   25760     27774        79
   25853     27867        77
   25931     27945        20
   25952     27966       107
   26066     28080        20
   26129     28143        41
   26171     28185        92
   26277     28291        82
   26360     28374        59
   26427     28441        46
   26489     28503        20
   26522     28536        59
   26582     28596        71
   26654     28668        33
   26686     28781        37
   26724     28819        35
   26817     28912        58
   26898     28993        49
   26948     29043        59
   27141     29221        22
   27143     29181        27
   27153     29275        21
   27157     29333        24
   27196     29150        21
   27274     29375        36
   27300     29326        22
   27356     29457        26
   27400     29501        88
   27489     29590        31
   27569     29670        47
   27621     29722        43
   27680     29781        35
   27743     29844        89
   27848     29949        20
   27869     29970        26
   27927     30028        21
   27949     30050        36
   28005     30106        40
   28053     30154        34
   28088     30189        55
   28153     30254        25
   28211     30306        21
   28268     30363        26
   28295     30390        56
   28378     30473        24
   28443     30538        35
   28481     30576        24
   28544     30639        27
   28663     30758        30
   28694     30789        56
   28758     30853        25
   28784     30879        30
   28815     30910        28
   28844     30939        71
   28916     31011        33
   28955     31050        62
   29018     31113        62
   29081     31176       119
   29201     31296        23
   29231     31326        30
   29262     31357       121
   29403     31498        66
   29470     31565        32
   29505     31600        35
   29541     31636        31
   29573     31668        23
   29686     31770        20
   29725     31805        20
   29746     31826        22
   29835     31907        23
   29883     31961        26
   29914     32006        42
   29957     32049        23
   29981     32073        56
   30038     32130        28
   30067     32159        75
   30146     32238        27
   30176     32268       134
   30311     32403        71
   30383     32475        29
   30419     32511       104
   30533     32625        69
   30603     32695        48
   30743     32814        49
   30804     32875       125
   30937     33008        22
   30960     33031       117
   31078     33149        49
   31140     33211       135
   31276     33347        25
   31302     33373        44
   31347     33418        20
   31368     33439        23
   31392     33463        32
   31425     33496        50
   31476     33547        72
   31549     33620        64
   31614     33685        32
   31693     33762        35
   31743     33814        27
   31773     33844        26
   31820     33886        22
   31847     33913        20
   31872     33930        21
   31927     33980        22
   31946     34002        21
   31973     34025        25
   32001     34051        23
   32025     34075        28
   32109     34438        27
   32135     34459        36
   32172     34496        35
   32199     34525        21
   32220     34543        33
   32254     34577        41
   32296     34619       179
   32499     34822        44
   32544     34867        26
   32575     34889        29
   32689     35003        20
   32720     35035        25
   32795     35104        24
   32820     35129        28
   32837     35161        55
   32893     35217        86
   32980     35304        65
   33046     35370        76
   33159     35483       101
   33272     35592        55
   33328     35648        38
   33366     35690        24
   33407     35731        41
   33457     35772        20
   33478     35793        31
   33505     35827        37
   33562     35874        59
   33633     35945        31
   33680     35992        34
   33715     36036        26
   33747     36068        25
   33774     36096        22
   33804     36132        68
   33888     36220        46
   33935     36267        23
   33959     36291        29
   34005     36337       115
   34141     36473        24
   34184     36516       101
   34324     36656        61
   34379     36712       108
   34498     36831        42
   34541     36874        36
   34578     36911       125
   34704     37037        21
   34726     37059        30
   34776     37109        29
   34807     37140        25
   34839     37172        38
   34878     37211        94
   34973     37306        45
   35019     37352        26
   35046     37379        71
   35118     37451        38
   35157     37490        35
   35202     37535        41
   35256     37589        35
   35292     37625        25
   35318     37651       120
   35469     37802        95
   35577     37910        75
   35653     37986        22
   35689     38022        37
   35727     38060        20
   35766     38099        26
   35805     38138        89
   35919     38254        33
   35971     38306        33
   36041     38343       126
   36274     38566        22
   36306     38598        42
   36431     38723        51
   36519     38815        53
   36574     38870        21
   36617     38913        69
   36687     38983        53
   36741     39037        27
   36775     39071        79
   36879     39175        44
   36944     39240        25
   36987     39292        79
   37067     39372        71
   37139     39444        53
   37196     39501       209
   37406     39711        29
   37436     39741        38
   37475     39780        62
   37556     39861        32
   37589     39894        65
   37655     39960        23
   37679     39984        48
   37755     40060        40
   37796     40101       119
   37916     40221       185
   38102     40407        28
   38131     40436        69
   38231     40536        28
   38297     40602        35
   38333     40638        47
   38381     40686        68
   38450     40755        62
   38524     40829        73
   38609     40914       134
   38756     41061        23
   38780     41085        20
   38819     41124        23
   38870     41175        74
   38945     41250        71
   39017     41322        23
   39041     41346        41
   39083     41388       183
   39267     41572        41
   39309     41614       200
   39516     41821        26
   39543     41848        47
   39615     41920        82
   39698     42003        47
   39777     42082        32
   39810     42115        44
   39867     42172        53
   39930     42235        20
   39969     42274        38
   40009     42314        34
   40062     42367        20
   40083     42388       173
   40257     42562       104
   40371     42676        65
   40464     42769        35
   40506     42811        23
   40542     42847        26
   40569     42874        42
   40657     42962        28
   40698     43003        47
   40746     43051        44
   40791     43096        41
   40842     43147        32
   40875     43180        62
   40938     43243        37
   41001     43306        21
   41023     43328        34
   41058     43363        68
   41127     43432        74
   41208     43513        35
   41250     43555        29
   41298     43603        73
   41372     43677        22
   41395     43700       143
   41640     43908        44
   41723     43987        28
   41894     44150        36
   41938     44194        21
   41978     44230        33
   42057     44309        29
   42087     44339        57
   42152     44401        95
   42248     44497        79
   42340     44589        51
   42393     44642        30
   42444     44693        21
   42466     44715        30
   42497     44746        23
   42521     44770        32
   42570     44819        22
   42612     44868        28
   42641     44897        60
   42702     44958        29
   42732     44988        77
   42810     45066        30
   42843     45098        41
   42887     45142        44
   42947     45202        27
   42970     45224        32
   43012     45270       150
   43163     45421        32
   43196     45454        29
   43226     45484       132
   43358     45613        29
   43410     45665        55
   43466     45721        61
   43528     45783        41
   43570     45825       104
   43675     45930        73
   43758     46018        22
   43793     46048        49
   43850     46105        25
   44003     46256        45
   44057     46310        47
   44105     46358        28
   44134     46387        51
   44186     46439        43
   44292     46519        28
   44344     46571        27
   44535     46762        21
   44653     46876        23
   44698     46921        24
   44742     46965        20
   44762     46986        97
   44881     47105        31
   44982     47179        36
   45015     47219        21
   45102     47295        45
   45148     47341        97
   45281     47474        27
   45357     47550        46
   45404     47597        36
   45450     47643        83
   45534     47727       116
   45678     47871       106
   45786     47978        64
   45851     48043        22
   45874     48066        20
   45907     48099        21
   45935     48127        58
   46004     48197        28
   46070     48271        87
   46158     48359        24
   46183     48384        25
   46220     48421        27
   46363     48745        23
   46452     48857        27
   46484     48894        20
   46558     48971        37
   46596     49009        35
   46699     49103        40
   46757     49165       153
   46929     49337        56
   47065     49462        37
   47285     49659        25
   47311     49685       111
   47470     49831        20
   47490     49846        50
   47541     49897        26
   47568     49927        30
   47726     50091       123
   47863     50229        22
   47965     50338        25
   48059     50443        38
   48264     50641        22
   48316     50696        26
   48349     50729        93
   48461     50841        41
   48518     50898        86
   48605     50985        38
   48671     51051        50
   48740     51120        92
   48845     51225        59
   48915     51295        25
   48941     51321        26
   49028     51406        33
   49068     51446        32
   49115     51493        44
   49167     51545        25
   49193     51571       249
   49443     51821       116
   49560     51938        68
   49629     52007        42
   49689     52067        23
   49717     52098        49
   49814     52195        38
   49862     52243        26
   49901     52282        22
   49924     52305        65
   50021     52402        70
   50089     52471        34
   50147     52528        49
   50217     52598        28
   50249     52630        31
   50476     52695        22
   50544     52754        65
   50680     52908        21
   50708     52936        32
   50742     52979        20
   50791     53028        42
   50843     53074        20
   50864     53095        27
   50998     53221        76
   51075     53298        50
   51134     53357        74
   51209     53432        76
   51286     53509        43
   51342     53565       119
   51462     53685        94
   51557     53780        32
   51590     53813        26
   51617     53840        25
   51643     53866        33
   51677     53900        47
   51836     54034       117
   51954     54152        95
   52066     54262        27
   52103     54299        24
   52165     54361        33
   52199     54395        21
   52221     54417        80
   52302     54498        50
   52353     54549        53
   52407     54603        50
   52458     54654        29
   52488     54684        20
   52509     54705        49
   52565     54761        47
   52649     54845        41
   52702     54898        27
   52748     54944       110
   52859     55055       101
   52961     55157        20
   52982     55178        20
   53027     55223        86
   53126     55322        35
   53167     55363        36
   53204     55400        44
   53264     55460        29
   53296     55492        27
   53324     55520        50
   53393     55589        20
   53432     55628        77
   53510     55706        40
   53551     55747        36
   53598     55794        24
   53627     55823        44
   53672     55868        37
   53729     55925        78
   53827     56023        36
   53878     56074        33
   53918     56114        30
   53949     56145        40
   53989     56190        21
   54025     56218        25
   54069     56271        37
   54114     56316        87
   54213     56416        20
   54234     56437        74
   54362     56560        30
   54397     56595        40
   54450     56648        28
   54479     56677        48
   54538     56732        61
   54614     56808        24
   54721     56910        20
   54748     56937        40
   54854     57043        34
   54899     57088       107
   55007     57196        20
   55057     57246        39
   55097     57286        26
   55124     57313        29
   55175     57364        35
   55211     57400        26
   55268     57457        47
   55316     57505        26
   55343     57532        62
   55406     57595        26
   55433     57622        59
   55535     57724       110
   55646     57835        47
   55694     57883        42
   55743     57932       127
   55871     58060        20
   55901     58090        44
   55955     58144        58
   56039     58228        38
   56078     58267        63
   56162     58351        23
   56264     58451        60
   56330     58511        32
   56369     58550        28
   56455    112669        20
   56474     58630        22
   56497     58647        38
   57270     58724        20
   57309     58763        26
   57360     58821        20
   57381     58842        42
   57423     58880        21
   57487     58944        24
   57590     59367        25
   57756     59559        45
   57828     59631        38
   57879     59682        57
   57937     59740        22
   57978     59835        43
   58034     59878        25
   58060     59904        37
   58111     59955        21
   58154     59989        34
   58189     60024        23
   58213     60048        40
   58254     60089        82
   58337     60172        28
   58366     60201        47
   58428     60263        24
   58492     60327        32
   58525     60360        29
   58555     60390        20
   58576     60411       155
   58732     60567        27
   58760     60595        25
   58789     60624        78
   59000     60783        25
   59133     60916        23
   59287     61048        22
   59326     61087        44
   59371     61132        29
   59419     61180        53
   59473     61234        31
   59507     61268        33
   59572     61333        25
   59598     61359        26
   59636     61397        21
   59658     61419       114
   59773     61534        26
   59800     61561        44
   59858     61619        23
   59905     61666        32
   59983     61744        52
   60085     61840        46
   60158     61912        32
   60191     61945        73
   60265     62019        41
   60309     62063       108
   60418     62172        34
   60482     62236        56
   60583     62337        47
   60649     62403        21
   60671     62425        31
   60703     62457        44
   60748     62502        20
   60769     62523        20
   60792     62546        45
   60838     62592        38
   60877     62631        59
   60964     62718        30
   61000     62754        20
   61030     62784        44
   61090     62844        29
   61120     62874        29
   61150     62904        85
   61240     62989        25
   61279     63028        22
   61302     63051        25
   61392     63141        25
   61469     63215        21
   61497     63252        21
   61538     63293        28
   61560     63320        34
   61613     63367        23
   61786     63539        34
   61890     63644        27
   61948     63870        35
   61984     63906        64
   62046     63962        37
   62125     64041        77
   62203     64119        30
   62234     64150        46
   62284     64200       151
   62436     64352        58
   62522     64438       105
   62628     64544        40
   62669     64585       155
   62831     64747        49
   62881     64797       117
   63044     64963        49
   63176     65096        28
   63216     65136        23
   63294     65351        32
   63340     65397        41
   63380     65432        42
   63435     65487        46
   63524     65579        63
   63721     65702        43
   63776     65757        32
   63836     65817        22
   63859     65840        35
   63895     65876        32
   63928     65909        33
   64007     65987        62
   64164     66143        40
   64205     66184        33
   64231     66212       116
   64348     66329        30
   64447     66429        34
   64482     66464        94
   64628     66606        28
   64683     66656       107
   64807     66775        22
   64904     66848        30
   65006     66950        36
   65106     67108        20
   65127     67129        50
   65178     67180        26
   65205     67207        86
   65353     67355        48
   65467     67469        26
   65509     67512        20
   65538     67541        66
   65642     67649        21
   65664     67671        38
   65704     67711        22
   65732     67739        27
   65760     67767        98
   65859     67866        39
   65919     67926        24
   65992     67976        23
   66029     68013        44
   66176     68176        34
   66269     68269        31
   66323     68302        23
   66362     68341        36
   66399     68378       115
   66536     68515        35
   66590     68569        31
   66622     68601        25
   66674     68653        37
   66710     68683        24
   66755     68794        67
   66869     68907        86
   66969     69007        40
   67010     69048        57
   67068     69106        33
   67113     69151        77
   67191     69229        80
   67297     69335        44
   67343     69381        29
   67425     69459        83
   67535     69574        76
   67612     69651       116
   67769     69809        25
   67795     69835        38
   67892     69932        55
   67974     70014        48
   68099     70141        21
   68167     70209        55
   68223     70265       119
   68344     70386        44
   68389     70431       101
   68491     70533        20
   68527     70569        56
   68584     70626        53
   68638     70680        20
   68659     70701        34
   68694     70736        87
   68782     70824        73
   68856     70898        30
   68887     70929        30
   68925     70969        49
   68993     71035        30
   69056     71098        25
   69090     71132        59
   69150     71192        45
   69196     71238        26
   69223     71265        20
   69256     71298        90
   69347     71389        27
   69375     71417        23
   69443     71485        86
   69531     71573        40
   69572     71614        36
   69609     71651        37
   69647     71689        37
   69698     71740        77
   69776     71818        41
   69818     71860        55
   69874     71916        66
   69954     71996        37
   69992     72034        80
   70073     72115        26
   70100     72142        81
   70187     72229        89
   70277     72319        32
   70310     72352        59
   70370     72412        62
   70451     72493       134
   70586     72628        26
   70631     72673       101
   70733     72775        35
   70769     72811        38
   70866     72909        66
   70942     72991        51
   70994     73043        99
   71176     73216       167
   71344     73384        91
   71471     73511        31
   71506     73546        30
   71557     73597        38
   71596     73636        22
   71620     73660        26
   71656     73696        27
   71741     73781        37
   71779     73819        61
   71848     73888        43
   71890     73932        34
   71925     73967        24
   71973     74011        54
   72020     74059        25
   72070     74109        37
   72122     74161        56
   72223     74326        50
   72289     74392        38
   72351     74454        26
   72378     74481        30
   72429     74536        44
   72479     74586        79
   72559     74666        29
   72589     74696        92
   72682     74789       105
   72805     74912        23
   72895     75002        41
   72937     75044        35
   72976     75083        38
   73015     75122       143
   73182     75295        23
   73226     75339        20
   73329     75438       113
   73456     75565        36
   73509     75618        50
   73560     75669        24
   73585     75694        21
   73607     75717        46
   73654     75764        30
   73708     75818        33
   73753     75863        30
   73784     75894        58
   73849     75959        32
   73896     76011        50
   73947     76062        23
   74015     76129        22
   74038     76152        42
   74081     76195        27
   74109     76223        26
   74136     76250        44
   74181     76295        83
   74265     76379        20
   74286     76400        53
   74358     76472        26
   74385     76499        20
   74424     76538        38
   74463     76577        37
   74501     76615        42
   74550     76664        21
   74578     76697        25
   74602     76725        95
   74715     76845        34
   74750     76881        28
   74798     76929        32
   74839     76970        29
   74869     77000        57
   74927     77058        22
   74950     77081        81
   75035     77166        43
   75079     77210        66
   75146     77277        26
   75173     77304       101
   75323     77454        20
   75344     77475        59
   75416     77547        50
   75467     77598        86
   75575     77706        83
   75659     77790        28
   75688     77819        21
   75710     77841        98
   75809     77940        28
   75854     77973        30
   75885     78004        53
   75939     78058        50
   75990     78109        32
   76023     78142        80
   76134     78253        53
   76188     78307        23
   76261     78380        30
   76292     78411        37
   76330     78449        44
   76427     78538        20
   76442     78551        49
   76492     78601        20
   76516     78625        86
   76612     78722        22
   76635     78745        30
   76673     78783        22
   76692     78799        50
   76779     78868        43
   76823     78912        71
   76895     78984        20
   76916     79005        23
   76958     79047        35
   76994     79083        32
   77027     79116        47
   77120     79240        73
   77194     79314        35
   77230     79350        31
   77262     79382        45
   77308     79428        70
   77379     79499       114
   77494     79614       104
   77664     79786        47
   77712     79834        29
   77742     79864        32
   77817     79939        91
   77909     80031        56
   77966     80088        45
   78012     80134        65
   78078     80200        37
   78179     80300        72
   78318     80439        92
   78411     80532        31
   78443     80564        27
   78471     80592        47
   78519     80640        23
   78543     80664        38
   78580     80699        70
   78715     80830        26
   78795     80913        21
   78841     80959        26
   78910     81032        20
   78932     81054        50
   78997     81119        40
   79038     81160        28
   79069     81191        23
   79103     81225        20
   79157     81279        27
   79246     81373        48
   79338     81464        25
   79364     81490        42
   79407     81533        44
   79454     81580        20
   79475     81601        68
   79542     81667        32
   79594     81768        37
   79632     81806        38
   79706     81885        24
   79757     81936        54
   79812     81991        65
   79938     82117       107
   80046     82225        26
   80108     82287        57
   80166     82345        47
   80247     82426        71
   80319     82498        37
   80360     82539        66
   80427     82606        65
   80493     82671        27
   80536     82714        49
   80601     82779        25
   80639     82817        29
   80681     82859        35
   80717     82895        22
   80740     82918        21
   80762     82940        53
   80816     82994        33
   80855     83033        20
   80879     83057        56
   80936     83114        21
   80969     83147        35
   80992     83182        21
   81056     83233        29
   81096     83273       126
   81223     83400        69
   81296     83473        69
   81372     83545        43
   81416     83589        27
   81458     83631       183
   81642     83815        80
   81723     83896       155
   81891     84064        56
   81948     84121        68
   82017     84190        94
   82112     84285        51
   82164     84337        90
   82255     84428       116
   82372     84545        34
   82407     84580       121
   82529     84702        89
   82619     84792       288
   82908     85081       287
   83229     85402        26
   83256     85429       300
   83581     85754       145
   83727     85900       218
   83946     86119       112
   84059     86232        80
   84140     86313        38
   84188     86361       172
   84361     86534        36
   84421     86594        42
   84464     86637        62
   84527     86699        81
   84609     86781        63
   84685     86857        24
   84710     86882        21
   84745     86917       110
   84864     87036        21
   84895     87067        90
   84986     87158       333
   85320     87492        45
   85364     87532        30
   85405     87573        75
   85480     87642       119
   85601     87899        26
   85641     87933        30
   85672     87964        55
   85730     88021        91
   85822     88113        29
   85852     88143        29
   85880     88167        85
   85966     88253        36
   85991    134508        23
   86003     88290        53
   86057     88344       101
   86161     88448        95
   86257     88544        43
   86300     88580        67
   86368     88648        65
   86434     88714        85
   86520     88800       453
   86974     89254       311
   87286     89566       256
   87543     89823        37
   87581     89861       109
   87691     89971        80
   87772     90052        86
   87859     90139        63
   87923     90203        35
   87959     90239        73
   88033     90313       162
   88196     90476       416
   88613     90893       226
   88840     91120       133
   88974     91254        67
   89042     91322        24
   89067     91347       114
   89182     91462        20
   89203     91483       537
   89738     92023       195
   89923     15146        21
   89934     92219       238
   90173     92458       282
   90456     92741       125
   90582     92867        42
   90625     92910        84
   90710     92995        44
   90753     93033        41
   90795     93075       251
   91047     93327       162
   91210     93490        24
   91235     93515       111
   91347     93627        54
   91407     93692        63
   91465     93749        31
   91497     93781       169
   91701     93985        47
   91749     94033        34
   91813     94100       109
   91923     94210       161
   92085     94372        40
   92126     94413       257
   92397     94684       125
   92523     94810       275
   92799     95086      1271
   94067     96360        33
   94101     96394       110
   94212     96505        29
   94273     96568        67
   94343     96638       542
   94906     97201        27
   94933     97373        91
   95025     97465        31
   95057     97497       579
   95637     98077        40
   95678     98118        77
   95756     98196       132
   95883     98329        59
   95943     98389       267
   96210     98650        45
   96256     98696       739
   96996     99436       575
   97581    100021       361
   97960    100400        35
   97997    100437       164
   98173    100613      1073
   99247    101687       176
   99436    101876       129
   99566    102006       240
   99824    102264       116
   99949    102418        32
   99984    102454       163
  100148    102618        74
  100228    102696        77
  100305    102759        22
  100328    102782        84
  100413    102867        76
  100507    102961       107
  100615    103069       146
  100762    103225        73
  100836    103299        80
  100917    103380        52
  100970    103433        22
  101055    103512        51
  101107    103564        31
  101139    103596        35
  101174    103630        66
  101241    103697        38
  101287    103758        66
  101387    103863       127
  101518    103994        59
  101578    104054        43
  101622    104098        37
  101660    104136        36
  101697    104173        32
  101733    104205        38
  101775    104243        64
  101860    104328        46
  101907    104375        53
  101961    104429       160
  102122    104590        55
  102242    104702        47
  102290    104750       112
  102403    104863        50
  102454    104914        82
  102624    105106        21
  102652    105134        35
  102694    105176        23
  102745    105227        23
  102817    105299        38
  102856    105338        23
  102934    105416        26
  102961    105443        33
  103006    105488        32
  103061    105543        20
  103083    105565        45
  103221    105703        21
  103250    105732        22
  103288    105770        23
  103325    105807        45
  103378    105860        50
  103434    105916        38
  103486    105968        29
  103537    106019        23
  103561    106043        77
  103639    106121        26
  103708    106190        49
  103758    106240        30
  103789    106271       149
  103939    106421        26
  103987    106469        38
  104026    106508        41
  104077    106559        98
  104185    106667        92
  104278    106760        56
  104341    106823        29
  104386    106868        35
  104422    106904        84
  104527    107009        44
  104578    107060        20
  104599    107081        44
  104644    107126        26
  104674    107156        40
  104715    107197        54
  104776    107258        94
  104892    107368        47
  105118    107598        23
  105253    107727        20
  105291    107764        25
  105333    107808        23
  105362    107832        35
  105428    107893        20
  105461    107918        21
  105525    107977        22
  105648    108091        25
  105681    108143        20
  105702    108164        34
  105742    108205        36
  105779    108242        27
  105807    108270        48
  105884    108347        39
  106000    108473        25
  106026    108499        22
  106110    108566        22
  106146    108593        22
  106486    108922        32
  106654    109091        71
  106745    109182        25
  106785    109228        21
  106807    109250        54
  106889    109332        26
  106916    109359        34
  106951    109394        45
  106997    109440        56
  107081    109524        71
  107153    109596        32
  107186    109629        57
  107244    109687        37
  107331    109774        43
  107392    109844        20
  107423    109875        34
  107459    109911        41
  107517    109969        37
  107555    110007       113
  107676    110128        31
  107860    110311        32
  107947    110421        36
  107998    110472        61
  108060    110534        27
  108108    110582        46
  108155    110629        46
  108211    110685        53
  108274    110748        59
  108352    110826        39
  108403    110877        40
  108444    110918        78
  108532    111006        59
  108619    111093        35
  108694    111168        26
  108727    111201        83
  108842    111316        27
  108870    111344        30
  108901    111375        50
  108979    111453       113
  109093    111567        32
  109131    111605        96
  109247    111721        33
  109300    111774        58
  109370    111844        95
  109466    111940        34
  109521    111995        25
  109552    112026        37
  109593    112067        44
  109638    112112        77
  109716    112190        74
  109791    112265        39
  109847    112321        34
  109881    112354        55
  110048    112526        20
  110070    112548        61
  110244    112747        26
  110305    112792        23
  110338    112825        38
  110377    112864        41
  110419    112906       152
  110572    113059        67
  110678    113165        20
  110704    113187        23
  110728    113211        48
  110806    113290        85
  110922    113406        62
  110985    113469        34
  111020    113504        56
  111077    113561        33
  111135    113619        47
  111191    113675        54
  111246    113730        29
  111276    113760        31
  111308    113792        42
  111351    113835        46
  111664    114131        57
  111722    114189        38
  111761    114228        41
  111803    114270        20
  111824    114291        50
  111875    114342        34
  111926    114393        59
  112000    114467        64
  112097    114564        54
  112151    114614        49
  112201    114664        25
  112227    114690        35
  112269    114732        80
  112350    114813        65
  112416    114879        29
  112467    114930        26
  112509    114972        26
  112536    114999        62
  112605    115068        23
  112629    115092        52
  112682    115145        32
  112734    115197        88
  112823    115286        53
  112941    115410        69
  113011    115480        64
  113260    115724        25
  113299    115763        44
  113358    115822        27
  113414    115879        38
  113511    115974        26
  113555    116018        24
  113631    116094        50
  113688    116151        45
  113792    116251        65
  113858    116317        83
  113942    116401        57
  114000    116459        36
  114076    116535        21
  114149    116608        44
  114197    116656        35
  114251    116710        24
  114276    116735        32
  114309    116768        27
  114337    116796       103
  114441    116900        26
  114480    116939        23
  114552    117011        20
  114574    117033        41
  114650    117109        36
  114720    117179        26
  114747    117206        23
  114771    117230        35
  114807    117266        26
  114834    117293        89
  114958    117417        31
  114990    117449        37
  115028    117487        27
  115056    117515        20
  115077    117536        44
  115122    117581        32
  115167    117626        28
  115221    117680        35
  115257    117716        38
  115296    117755        38
  115337    117796        99
  115437    117896        50
  115488    117947       112
  115601    118060        47
  115713    118164        55
  115769    118220       160
  115930    118381        53
  115984    118435        46
  116051    118502        64
  116119    118566        38
  116161    118604        32
  116194    118637        36
  116231    118674        37
  116269    118712        43
  116313    118756        59
  116376    118819       127
  116537    118985        66
  116611    119074        38
  116650    119113        66
  116716    119178        35
  116752    119214        31
  116784    119246        51
  116898    119354        22
  116921    119377        52
  116974    119430        80
  117055    119511        73
  117129    119594       146
  117276    119741       107
  117401    119866        76
  117478    119943        84
  117563    120028        22
  117585    120036        77
  117668    120117        74
  117743    120192       163
  117909    120359        32
  117950    120429       116
  118084    120563       240
  118325    120804       129
  118467    120946       176
  118644    121123      1073
  119729    122208       164
  119895    122374        35
  119948    122427       361
  120319    122798       575
  120895    123374       739
  121635    124114        45
  121680    124153       267
  121948    124421        59
  122002    124481       132
  122135    124614        77
  122213    124692        40
  122254    124733       579
  122834    125313        31
  122866    125345        91
  122957    125581        27
  123005    125629       542
  123550    126174        67
  123649    126275        29
  123679    126305       110
  123790    126416        33
  123820    126452      1271
  125092    127724       275
  125368    128000       125
  125507    128139       257
  125765    128397        40
  125806    128438       161
  125968    128600       109
  126107    128742        34
  126142    128777        47
  126224    128859       169
  126394    129029        31
  126420    129054        63
  126489    129128        54
  126544    129183       111
  126656    129295        24
  126681    129320       162
  126844    129483       251
  127096    129735        41
  127136    129770        44
  127181    129815        84
  127266    129900        42
  127309    129943       125
  127435    130069       282
  127718    130352       238
  127957    130591       195
  128150    130789       537
  128688    131327        20
  128709    131348       114
  128824    131463        24
  128849    131488        67
  128917    131556       133
  129051    131690       226
  129278    131917       416
  129695    132334       162
  129858    132497        73
  129932    132571        35
  129968    132607        63
  130032    132671        86
  130119    132758        80
  130200    132839       109
  130310    132949        37
  130348    132987       256
  130605    133244       311
  130917    133556       453
  131371    134010        85
  131457    134096        65
  131523    134162        67
  131590    134222        43
  131634    134266        95
  131732    134364       101
  131834    134466        53
  131876     88278        23
  131888    134520        36
  131925    134557        85
  132009    134637        29
  132039    134667        29
  132069    134697        91
  132163    134790        55
  132219    134846        30
  132263    134884        26
  132291    135048       119
  132410    135161        75
  132496    135247        30
  132525    135272        45
  132571    135318       333
  132905    135652        90
  133005    135752        21
  133035    135782       110
  133159    135906        21
  133181    135928        24
  133218    135965        63
  133282    136029        81
  133364    136110        62
  133427    136173        42
  133493    136239        36
  133530    136276       172
  133712    136458        38
  133751    136497        80
  133832    136578       112
  133945    136691       218
  134164    136910       145
  134334    137080       300
  134695    137441       287
  134983    137729       288
  135272    138018        89
  135362    138108       121
  135484    138230        34
  135519    138265       116
  135636    138382        90
  135727    138473        51
  135779    138525        94
  135874    138620        68
  135943    138689        56
  136012    138758       155
  136168    138914        80
  136249    138995       183
  136447    139193        27
  136475    139221        43
  136525    139267        69
  136598    139340        69
  136668    139410       126
  136805    139547        29
