> gi|672094906|gb|KF150644.2|
     164       461        23
     194       491        20
     221       518        43
     281       578        26
     344       641        35
     380       677        23
     407       704        33
     449       746        20
     473       770        20
     494       791        56
     569       866        20
     590       887        35
     689       986        44
     734      1031        23
     776      1073        38
     959      1256        35
    1009      1306        45
    1124      1421        34
    1179      1476        20
    1471      1699        23
    1943      2092        21
    2786      2947        23
    3624      3739        20
    3891      4062        30
    4695      4631        32
    4782      4717        20
    5099      5075        22
    5516      5515        27
    5615      5609        25
    6309      6559        27
    6880      7120        23
    7368      7545        29
    7536      7690        30
    7575      7729        21
    7597      7751        27
    8614     31848        21
    8643     31877        24
    8733     31967        23
    8763     31997        47
    8955     32189        38
    9026     32260        21
    9102     32336        35
    9219     32453        21
    9241     32475        31
    9357     32591        50
    9408     32642        29
    9438     32672        39
    9492     32726        21
    9591     32825        32
    9682     32916        34
    9742     32976        23
    9820     33054        68
    9904     33138        20
   10120     33354        23
   10174     33408        23
   10246     33480        26
   10294     33528        23
   10603     33837        32
   10675     33909        29
   10729     33963        20
   10807     34041        32
   10921     34155        27
   10954     34188        20
   11261     34553        35
   11300     34597        24
   11325     34622        26
   11811     35058        21
   12708     35607        28
   12739     35638        20
   14764     30606        25
   36647     35919        36
   36775     36038        25
   37019     36260        35
   37067     36308        38
   37142     36383        29
   37172     36413        20
   37211     36452        38
   37301     36542        28
   37409     36650        26
   37457     36698        26
   37541     36782        23
   37568     36809        20
   37625     36866        20
   37853     37094        23
   37925     37166        32
   37958     37199        29
   38060     37301        29
   38090     37331        40
   38345     37586        29
   38356     39821        21
   38396     37637        53
   38549     37790        32
   38615     37856        23
   38654     37895        20
   38768     38009        32
   38819     38060        23
   38909     38150        20
   38930     38171        20
   38968     38209        48
   39065     38306        44
   39116     38357        50
   39195     38436        29
   39225     38466        20
   39267     38508        26
   39336     38577        29
   39393     38634        20
   39474     38715        35
   39636     38877        26
   39882     39123        20
   40098     39339        26
   40143     39384        20
   40215     39456        41
   40323     39564        26
   40368     39609        30
   40419     39660        34
   40722     39963        20
   40746     39987        26
   40803     40044        29
   40875     40116        23
   40950     40191        23
   41007     40248        40
   41061     40302        32
   41178     40419        20
   41304     40545        53
   41441     40682        37
   42330     41563        49
   42660     41877        23
   42804     42036        22
   43027     42234        48
   43163     42370        20
   43229     42436        32
   43323    117011        22
   43441     42628        23
   43800     42967        25
   44785     43931        72
   45495     44523        35
   45594     44622        23
   46105     45226        38
   46761     45987        35
   46871     46100        21
   46935     46161        40
   47393     46538        29
   47792     46903        57
   48417     47621        31
   48745     47949        41
   49299     48500        20
   49748     48945        28
   49868     49065        20
   49940     49137        26
   50056     49253        20
   51018     50254        27
   51101     50339        24
   51701     50915        23
   51881     51063        72
   52374     51628        20
   52407     51661        23
   52574     51828        20
   52673     51927        28
   52798     52052        30
   52862     52116        23
   52967     52221        44
   53182     52436        27
   53222     52476        26
   53336     52590        23
   53554     52808        20
   53654     52908        26
   53696     52950        25
   53729     52983        47
   53777     53031        24
   53828     53082        22
   54857     54041        31
   54968     54152        20
   55103     54287        23
   55343     54527        29
   55553     54737        20
   55619     54803        35
   55655     54839        20
   55925     55109        23
   55964     55148        23
   56106     55290        22
   56298     55408        24
   58798     59279        23
   58826     59307        25
   60343     61068        23
   60493     61218        21
   60539     61264        22
   61003     61728        20
   61108     61833        20
   62072     62897        22
   62153     62978        24
   62317     63148        26
   62362     63193        32
   62395     63226        22
   62574     63411        26
   62688     63525        20
   62763     63600        41
   64354     64822        20
   64490     64949        49
   64540     64999        31
   64702     65175        26
   64729     65202        42
   66362     66576        25
   66399     66613        22
   66449     66663        27
   67029     67245        25
   67429     67678        29
   67700     67980        22
   67902     68229        23
   67926     68253        21
   68794     70388        20
   69309     70862        34
   69503     71056        26
   69611     71164        20
   69722     71275        26
   69875     71428        26
   69902     71455        23
   70067     71620        23
   70511     72064        20
   70646     72199        20
   70703     72256        20
   70740     72293        22
   70763     72316        20
   71224     72805        20
   71394     72977        24
   71750     73328        23
   72559     74126        38
   72598     74165        26
   72658     74225        20
   72733     74300        38
   73012     74579        20
   73042     74609        23
   73093     74660        22
   73116     74683        24
   73334     74895        25
   74081     75623        21
   74115     75657        26
   74190     75732        20
   74211     75753        29
   74262     75804        29
   74526     76068        23
   75238     76759        22
   75261     76782        30
   75421     76942        20
   75488     77009        34
   75594     77115        34
   76089     77614        26
   76278     77779        20
   76827     78163        31
   77194     78535        20
   78031     79401        21
   78375     79757        20
   78444     79826        23
   78522     79904        20
   78607     79987        26
   79595     80814        32
   81678     82530        34
   81852     82704        21
   82017     82869        38
   82087     82941        32
   82229     83080        24
   82256     83107        41
   82298     83149        61
   82386     83241        20
   82425     83280        28
   82489     83335        26
   82540     83386        41
   82583     83429        23
   82619     83465        50
   82670     83516        58
   82758     83604       115
   82923     83769        46
   83003     83849        33
   83137     83983        25
   83163     84009        32
   83262     84108        31
   83379     84225        24
   83602     84439        45
   83838     89107        33
   84008     89271        34
   84076     89339        24
   84140     89412        35
   84421     90083        22
   84609     90270        30
   85029     90673        29
   85149     91558        25
   85267     91678        25
   86017     91926        39
   86057     91966        21
   86155     92064        26
   86316     92203        21
   86520     92405        34
   86564     92439        23
   86605     92478        23
   86635     92508        35
   86683     92557        22
   86710     92584        45
   86756     92630        37
   86794     92668        20
   86824     92698        32
   86857     92731        28
   86968     92842        20
   86989     92863        35
   87025     92899       194
   87220     93094        52
   87286     93160        28
   87339     93213        20
   87367     93241        62
   87430     93304        27
   87473     93347        27
   87501     93375        34
   87543     93417        47
   87622     93484        49
   87683     93545        35
   87766     93628        28
   87803     93665        36
   87895     93757        63
   87961     93823        39
   88042     93883        25
   88154     93995        21
   88223     94064        50
   88280     94121        20
   88311     94152        90
   88436     94277        53
   88505     94346        26
   88532     94373        61
   88613     94454        56
   88670     94511        41
   88712     94553        39
   88770     94611        58
   88859     94700        83
   89156     94966        25
   89209     94997        28
   89238     95026        22
   89270     95058        20
   89293     95081        20
   89314     95102        44
   89372     95160        26
   89490     95275        21
   89513     95298        31
   89570     95355        24
   89616     95401        22
   89667     95452        35
   89708     95493        43
   89763     95545        32
   89796     95578        52
   89864     95646        62
   90005     95782        46
   90052     95829        38
   90128     95906        44
   90173     95951       161
   90343     96121        24
   90381     96159        26
   90456     96234        68
   90554     96332        22
   90581    116991        26
   90582     96360        42
   91210     97103        36
   91287     97181        33
   91427     97284        21
   91557     97402        22
   91667     97512        23
   91691     97536        30
   92261     97886        94
   92472     98093        23
   92538     98160        94
   92633     98255        25
   92659     98281        46
   92717     98339        34
   92773     98395        25
   92799     98421       150
   93007     98629       101
   93109     98731       105
   93217     98839        77
   93308     98930        37
   93356     98978       188
   93547     99169        65
   93613     99235        33
   93708     99331        48
   93757     99380        20
   93796     99419        53
   93850     99473        41
   93892     99515        37
   93997     99619        73
   94147     99774        20
   94355     99975        73
   94429    100049        29
   94472    100092        41
   94547    100163        29
   94641    100256        54
   94696    100311        22
   94736    100356        56
   94793    100413        46
   94832    100455        21
   94944    100699        65
   95102    100856        42
   95149    100903        28
   95185    100939        69
   95300    101053        65
   95384    101137        63
   95448    101201        34
   95501    101252        44
   95597    101347        37
   95637    101387        39
   95680    101435        32
   95714    101469        36
   95762    101517        26
   95787    101543        21
   95828    101584        36
   95922    101680        20
   95952    101710        22
   95970    101732        31
   96004    101765        26
   96045    101806        62
   96145    101905        35
   96256    102017        24
   96291    102052        24
   96351    102129        40
   96395    102173        50
   96463    102241        20
   96489    102267       137
   96670    102449        55
   96726    102505        89
   96866    102642        23
   96898    102672        63
   96961    102730        34
   97004    102773        60
   97077    102846       156
   97238    103007        44
   97294    103063        89
   97384    103153        20
   97427    103196        24
   97452    103221        32
   97493    103262        43
   97543    103312        35
   97597    103366        36
   97634    103403        33
   97673    103442        79
   97753    103522        27
   97795    103564        27
   97843    103612        46
   97965    103669        24
   98008    103708        23
   98032    103733        36
   98069    103770        87
   98173    103873       115
   98302    104002       165
   98468    104168        33
   98521    104221        44
   98566    104266        49
   98641    104342        89
   98744    104445        39
   98799    104500       101
   98902    104603        50
   98963    104664        30
   98994    104695       132
   99133    104834        30
   99184    104885        34
   99281    104983        21
   99342    105054        50
   99521    127409        28
   99621    105393        62
   99684    105456        38
   99755    105527        23
   99831    105589        20
   99870    105628        29
   99985    105772        76
  100099    105881        28
  100328    106413        34
  100366    106451        42
  100539    106624        20
  100794    106874        38
  103606    108754        31
  103783    108931        20
  103851    108999        27
  103909    109057        26
  104053    109201        23
  104236    109384        22
  104302    109450        24
  104400    109548        21
  104508    109656        20
  104590    109738        25
  104739    109887        20
  105751    110476        21
  105782    110507        24
  106666    111088        42
  108114    112632        56
  108221    112739        28
  108484    113002        29
  108568    113086        23
  108733    113251        20
  109057    113575        20
  109422    113940        20
  109647    114174        20
  109725    114252        20
  110897    115039        22
  111191    115333        20
  111315    115457        27
  111761    115950        26
  111956    116145        20
  112296    116467        34
  112605    116776        20
  112747    116918        59
  113833    117957        24
  113886    118010        22
  113957    118081        29
  114193    118317        24
  114350    118477        24
  114834    118961        23
  115311    119438        23
  115437    119564        50
  115494    119621        20
  115859    119947        20
  116407    120541        20
  117058    125798        38
  117331    126066        20
  117482    126217        42
  117528    126263        34
  117763    126801        28
  117829    126862        76
  117991    127053        29
  118039    127101        20
  118112    127160        23
  118168    127216        38
  118207    127255        62
  118341    105273        28
  118498    127606        50
  118588    127706        21
  118672    127791        34
  118727    127846        30
  118764    127883       132
  118897    128016        30
  118938    128057        50
  118990    128109       101
  119107    128226        39
  119160    128279        89
  119275    128395        49
  119325    128445        44
  119389    128509        33
  119423    128543       165
  119602    128722       115
  119734    128853        87
  119822    128941        36
  119859    128979        23
  119901    129017        24
  120001    129052        46
  120068    129119        27
  120110    129161        27
  120138    129189        79
  120223    129274        33
  120257    129308        36
  120312    129363        35
  120354    129405        43
  120406    129457        32
  120439    129490        24
  120486    129537        20
  120507    129558        89
  120608    129659        44
  120657    129708       156
  120826    129877        60
  120895    129946        34
  120929    129975        63
  121001    130045        23
  121075    130116        89
  121165    130206        55
  121264    130306       137
  121407    130449        20
  121445    130487        50
  121499    130541        40
  121575    130634        24
  121610    130669        24
  121710    130770        35
  121783    130842        62
  121860    130919        26
  121889    130947        31
  121916    130978        22
  121948    131010        20
  122026    131090        36
  122082    131146        21
  122102    131167        26
  122140    131205        36
  122178    131243        32
  122214    131284        39
  122256    131326        37
  122345    131414        44
  122408    131475        34
  122443    131510        63
  122525    131592        65
  122636    131702        69
  122713    131779        28
  122746    131812        42
  122881    131946        65
  123037    132234        21
  123051    132251        46
  123098    132298        56
  123172    132377        22
  123195    132400        54
  123314    132518        29
  123377    132577        41
  123432    132632        29
  123462    132662        73
  123723    132916        20
  123820    133018        73
  123961    133158        37
  123999    133196        41
  124041    133238        53
  124113    133310        20
  124134    133331        48
  124244    133442        33
  124278    133476        65
  124346    133544       188
  124545    133743        37
  124596    133794        77
  124676    133874       105
  124782    133980       101
  124941    134139       150
  125092    134290        25
  125139    134337        34
  125185    134383        46
  125232    134430        25
  125258    134456        94
  125395    134594        23
  125535    134730        94
  126169    135144        30
  126200    135175        23
  126311    135286        22
  126442    135405        21
  126570    135496        33
  126644    135571        36
  127266    136308        42
  127314    136356        22
  127366    136408        68
  127483    136525        26
  127523    136565        24
  127556    136598       161
  127718    136760        44
  127800    136843        38
  127839    136882        46
  127964    137002        62
  128042    137080        52
  128095    137133        32
  128139    137174        43
  128188    137223        35
  128252    137287        22
  128296    137331        24
  128346    137381        31
  128379    137414        21
  128492    137524        26
  128532    137564        44
  128577    137609        20
  128600    137632        20
  128630    137662        22
  128653    137685        28
  128709    137719        25
  128948    137927        83
  129062    138041        58
  129139    138118        39
  129179    138158        41
  129221    138200        56
  129297    138276        61
  129359    138338        26
  129401    138380        53
  129489    138468        90
  129590    138569        20
  129617    138596        50
  129715    138694        21
  129823    138802        25
  129890    138848        39
  129932    138890        63
  130051    139009        36
  130096    139054        28
  130172    139130        35
  130219    139177        49
  130300    139246        47
  130355    139301        34
  130390    139336        27
  130433    139379        27
  130461    139407        62
  130531    139477        20
  130576    139522        28
  130618    139564        52
  130671    139617       194
  130866    139812        35
  130902    139848        20
  131005    139951        28
  131034    139980        32
  131076    140022        20
  131097    140043        37
  131135    140081        45
  131185    140131        22
  131220    140167        35
  131262    140209        23
  131303    140248        23
  131336    140271        34
  131553    140486        21
  131709    140620        26
  131812    140723        21
  131834    140745        39
  132598    141007        25
  132716    141127        25
  132832    142008        29
  133251    142410        30
  133447    142605        22
  133715    143263        35
  133790    143347        24
  133848    143405        34
  134019    143570        33
  134243    148226        45
  134487    148461        24
  134854    148828        33
  134921    148895        46
  135017    148991       115
  135162    149136        58
  135221    149195        50
  135284    149258        23
  135309    149283        41
  135375    149349        26
  135437    149402        28
  135484    149449        20
  135531    149500        61
  135593    149562        41
  135637    149606        24
  135771    149737        32
  135835    149803        38
  136017    149985        21
  136178    150146        34
  136333        57        79
