> gi|442567250|gb|KC180782.1|
      11     58959        22
      91     59039        35
     298     59246        35
     580     59528        20
     769     59717        23
     838     59786        23
     953     59901        28
     982     59930        33
    1048     59996        23
    1081     60029        30
    1141     60089        57
    1225     60173        20
    1348     60296        23
    3542     62064        20
    6018    158861        35
    6634    159493        21
    6739    159604        29
    7447     12767        20
   21803     66373        28
   21862     66432        20
   21982     66552        20
   22243     66813        20
   22529     67099        25
   23540     68573        26
   23629     68652        23
   23869     68886        20
   23941     68958        20
   24726     70628        29
   24899     70812        33
   24958     70871        20
   25086     71082        24
   25113     71109        51
   26537     72645        23
   27034     73296        21
   27914     74229        23
   30426    119286        20
   31058    119831        26
   39714    150035        32
   47773    157943        20
   48816    100019        20
   48840    100043        20
   48870    100073        21
   48995    100198        21
   49079    100286        26
   49869    101004        20
   50034    101169        20
   50115    101250        34
   50938    102201        20
   51712    103004        21
   51800    103089        25
   51945    103234        29
   52007    103296        23
   52031    103320        26
   52783    105210        25
   53625    105508        49
   53676    105559        25
   53715    105598        44
   53795    105655        20
   53841    105700        28
   53901    105760        63
   53965    105824        46
   54074    105933        41
   54116    105975        27
   54184    106043        43
   54247    106106        36
   54305    106164        23
   54362    106221        50
   54442    106301        28
   54471    106330       101
   54606    106465        45
   54661    106520        52
   54746    106608        24
   54771    106633        22
   54794    106656        38
   54879    106741        34
   54915    106777        47
   54963    106825        30
   55018    106880        21
   55054    106916        58
   55122    106984        23
   55992    107278        37
   56030    107316        24
   56060    107346        32
   56104    107390        39
   56393    107677        28
   56792    108141        21
   56899    108256        32
   56996    108371        39
   57036    108411        29
   57220    108596        24
   57295    108671        32
   57336    108712        21
   57412    108781        27
   57498    108867        21
   57536    108907        21
   57685    109086        26
   57823    109221        26
   57915    109326        20
   58018    109417        30
   58064    109463        21
   58097    109496        25
   58163    109561        40
   58204    109602        44
   58263    109661        24
   58391    109776        30
   58422    109807        49
   58701    109964        36
   58744    110007        28
   58783    110046        23
   58806    110064        59
   58880    110138        25
   58906    110164        86
   59006    110263        31
   59094    110367        50
   59145    110418        26
   59235    110508        23
   59295    110568        31
   59328    110597        31
   59387    110656        77
   59465    110734        64
   59564    110833        22
   59753    110993        37
   59821    111061        30
   59852    111092        30
   59919    111161        57
   59986    111228        36
   60023    111265        27
   60056    111298        81
   60138    111380        40
   60179    111421        89
   60283    111525        31
   60331    111573        24
   60406    111648        76
   60494    111736        40
   60535    111777       170
   60706    111948        93
   60801    112043        22
   60830    112072        53
   60890    112132        30
   60997    112344        29
   61402    112660        39
   61622    113011        59
   62070    135078        39
   64260    116732        32
   64317    116789        23
   75267      7600        24
   76722      8833        24
   78277    145459        21
   85923     48907        20
   88575     54663        23
   92643     18057        20
  110087     48965        24
  111505      6505        21
  122336     52933        20
  122445     53042        29
  123326     53877        47
  123434     53985        20
  123458     54009        20
  123676     54223        25
  123702     54249        26
  123883     54430        23
  124790     55084        24
  124880     55174        27
  125340     55703        23
  125514     55915        27
  125557     55958        30
