> gi|442566476|gb|KC180773.1|
      11     59093        22
      91     59173        35
     298     59380        35
     580     59662        20
     769     59851        23
     838     59920        23
     953     60035        28
     983     60065        32
    1048     60130        23
    1081     60163        30
    1141     60223        57
    1225     60307        20
    1348     60430        23
    3542     62209        20
    6018    158874        35
    6634    159506        21
    6739    159617        29
   21803     66560        28
   21862     66619        20
   21982     66739        20
   22243     67000        20
   22285     67042        20
   22529     67286        25
   23540     68750        26
   23629     68829        23
   23869     69063        20
   23941     69135        20
   24726     70787        29
   24899     70971        33
   24958     71030        20
   25086     71238        24
   25113     71265        51
   26537     72714        23
   27034     73371        21
   27914     74304        23
   30426    119291        20
   31058    119838        26
   31154     79690        21
   39714    150048        32
   47773    157956        20
   48816    100098        20
   48840    100122        20
   48870    100152        21
   48995    100277        21
   49079    100365        26
   49869    101083        20
   50034    101248        20
   50115    101329        34
   50938    102280        20
   51712    103083        21
   51800    103168        25
   51945    103313        29
   52007    103375        23
   52031    103399        26
   52783    105295        25
   53625    105593        49
   53676    105644        25
   53715    105683        44
   53795    105740        20
   53841    105785        28
   53901    105845        63
   53965    105909        46
   54074    106018        41
   54116    106060        27
   54184    106128        43
   54247    106191        36
   54305    106249        23
   54362    106306        50
   54442    106386        28
   54471    106415       101
   54606    106550        45
   54661    106605        52
   54746    106693        24
   54771    106718        22
   54794    106741        38
   54879    106826        34
   54915    106862        47
   54963    106910        30
   55018    106965        21
   55054    107001        58
   55122    107069        23
   55992    107363        37
   56030    107401        24
   56060    107431        32
   56104    107475        39
   56393    107762        28
   56792    108226        21
   56899    108341        32
   56996    108456        39
   57036    108496        29
   57220    108681        24
   57295    108756        32
   57336    108797        21
   57412    108866        27
   57498    108952        21
   57536    108992        21
   57685    109171        26
   57823    109306        26
   57915    109411        20
   58018    109502        30
   58064    109548        21
   58097    109581        25
   58163    109646        40
   58204    109687        44
   58263    109746        24
   58391    109861        30
   58422    109892        49
   58701    110049        36
   58744    110092        28
   58783    110131        23
   58806    110149        59
   58880    110223        25
   58906    110249        86
   59006    110348        31
   59094    110452        50
   59145    110503        26
   59235    110593        23
   59295    110653        31
   59328    110682        31
   59387    110741        77
   59465    110819        64
   59564    110918        22
   59753    111078        37
   59821    111146        30
   59852    111177        30
   59919    111246        57
   59986    111313        36
   60023    111350        27
   60056    111383        81
   60138    111465        40
   60179    111506        89
   60283    111610        31
   60331    111658        24
   60406    111733        76
   60494    111821        40
   60535    111862       170
   60706    112033        93
   60801    112128        22
   60830    112157        53
   60890    112217        30
   60997    112429        29
   61402    112745        39
   61622    113097        59
   62070    135085        39
   64260    116753        32
   64317    116810        23
   75267      7547        24
   76722      8803        24
   78277    145472        21
   85923     48937        20
   88575     54741        23
   92643     17977        20
   92995     48221        20
  110087     48995        24
  122336     53012        20
  122445     53121        29
  123326     53956        47
  123434     54064        20
  123458     54088        20
  123676     54301        25
  123702     54327        26
  123883     54508        23
  124790     55193        24
  124880     55283        27
  125340     55812        23
  125514     56024        27
  125557     56067        30
