> gi|149941485|dbj|AP009339.1|
       1     59064        23
      46     59109        29
     127     59190        20
     196     59259        23
     238     59301        20
     285     59348        27
     358     59421        29
     472     59535        26
     580     59643        23
     628     59691        32
     661     59724        41
     769     59832        23
     838     59901        20
     862     59925        32
     895     59958        44
     985     60048        35
    1024     60087        21
    1068     60131        27
    1141     60204        29
    1225     60288        29
    1270     60333        44
    1315     60378        31
    1372     60435        20
    1467     60522        20
    3542     61688        29
    4748     74202        20
   12772     64240        20
   19917     63550        23
   19956     63589        35
   20115     63748        36
   20170     63803        22
   20238     63871        29
   20876     64599        23
   20981     64704        20
   21479     65202        20
   21803     65635        22
   21975     65807        27
   22181     66013        28
   22279     66111        20
   22429     66261        24
   22534     66366        20
   22624     66456        28
   23481     67845        34
   23531     67895        35
   23632     67986        35
   23683     68037        39
   23890     68238        29
   23920     68268        41
   23982     68330        25
   24693     70448        31
   24899     70659        28
   24909    113997        20
   25086     70905        24
   25111     70930        53
   25475     71333        24
   25547     71405        21
   27025     72768        20
   27334     73091        20
   27741     73479        22
   27914     73654        23
   30379    119981        32
   30432    120034        31
   30643    120217        21
   30845    120419        49
   30972    120546        27
   31055    120629        23
   31103    120677        23
   39661    154079        31
   39714    154132        32
   41196    156457        28
   43740    158611        23
   48528    100000        47
   48693    100165        23
   48816    100288        20
   48867    100339        24
   48892    100364        29
   48958    100430        22
   48995    100467        21
   49017    100489        21
   49079    100555        29
   49407    100831        20
   49717    101145        21
   49757    101199        24
   49785    101227        20
   49869    101311        23
   49983    101425        24
   50034    101476        31
   50099    101541        23
   50196    101638        20
   50340    101782        26
   51309    102882        34
   51348    102921        20
   51427    102997        20
   51757    103344        27
   51785    103372        40
   51905    103492        39
   51945    103532        29
   52099    103686        34
   52356    104298        23
   52783    105446        25
   53323     29725        26
   53617    105738        57
   53676    105797        25
   53814    105914        26
   53841    105941        41
   53895    105995        40
   53965    106066        50
   54072    106173        43
   54116    106217        27
   54158    106259        25
   54184    106285        43
   54247    106348        36
   54305    106406        23
   54340    106441        21
   54362    106463        48
   54442    106543        28
   54471    106572        68
   54600    106701        51
   54661    106762        53
   54746    106850        24
   54794    106898        38
   54879    106983        34
   54915    107019        41
   54963    107067        30
   55054    107158        58
   55122    107226        23
   55992    107543        37
   56067    107618        25
   56104    107655        42
   56243    107792        20
   56328    107880        20
   56392    107943        32
   56664    108260        23
   56899    108502        32
   56996    108616        39
   57036    108656        35
   57336    108957        20
   57389    109008        22
   57417    109037        24
   57458    109078        24
   57685    109309        26
   57823    109447        26
   57915    109552        20
   58018    109638        22
   58064    109684        21
   58093    109713        38
   58158    109777        45
   58204    109823        44
   58263    109882        24
   58381    109987        40
   58422    110028        58
   58481    110087        34
   58701    110183        36
   58773    110256        33
   58806    110284        59
   58880    110358       112
   59006    110484        31
   59086    110580        49
   59136    110630        35
   59184    110678        24
   59235    110729        23
   59290    110784        34
   59329    110819        30
   59387    110877        77
   59465    110955        55
   59564    111054        22
   59753    111216        51
   59805    111268        46
   59852    111315        30
   59915    111380        56
   59986    111451       151
   60138    111603       130
   60282    111747        31
   60331    111796        28
   60406    111871        76
   60494    111959        40
   60535    112000       177
   60713    112178        87
   60801    112266        22
   60830    112295        53
   60890    112355        30
   60970    112541        23
   60997    112573        37
   61402    112903        39
   61623    113178        58
   62070    139201        39
   62113    139244        21
   63232    115453        22
   63825    116034        20
   64101    116310        20
   64248    116457        47
   64302    116511        50
   64364    116573        28
   64602    116811        26
   64787    116996        21
   75268      7933        23
   75314      7978        29
  110087     46802        24
  118500     89971        23
  118821     90345        22
  118846     90369        37
  122445     50295        23
  122661     50511        20
  122757     50607        29
  123154     51016        30
  123245     51107        26
  123272     51134        23
  123296     51158        27
  123326     51188        44
  123434     51296        20
  123479     51341        26
  123676     51532        21
  124772     55492        42
  124839     55559        21
  124913     55633        22
  124943     55666        20
  124980     55708        24
  125097     55831        32
  125243     55969        20
  125340     56085        22
  125514     56295        42
  125557     56338        39
