> gi|372862906|gb|JN867585.1|
      45        73        20
     239       412        20
     386       559        32
     581       754        26
     782       955        41
     836      1009        40
    1043      1216        29
    1308      1456        24
    4404      6230        23
    5861      9887        26
    6303     10909        34
    6995     11782        43
    7184     12055        34
    7219     12090        26
    7599     12489        36
    7818     12708        20
    7860     12750        20
    7980     12870        20
    8256     13146        28
    8316     13206        20
    8340     13230        29
    8703     13593        23
    9318     14193        20
   10526     15494        26
   11630     16718        26
   12108     17199        22
   13760     18670        20
   16344     21185        28
   16688     21523        22
   16783     21618        38
   17069     21910        35
   17126     21967        20
   17611     22452        24
   18390     23212        26
   18672     23494        20
   18750     23572        20
   19065     23887        23
   19853     24558        20
   20171     24862        20
   20313     25006        20
   20819     25507        33
   21106     25794        21
   21382     26070        20
   22348     27036        22
   22738     27426        20
   22892     27580        21
   23062     27750        20
   23188     27876        28
   25178     29941        28
   25216     29978        24
   26537     31798        20
   27081     34119        27
   27267     34471        54
   27331     34535        20
   27431     34624        38
   28080     35966        21
   28114     36000        26
   28972     37387        20
   28999     37414        32
   29110     37525        23
   29227     37642        47
   29302     37717        29
   29401     37816        23
   29452     37867        38
   29527     37942        23
   29645     38060        25
   29716     38131        26
   29803     38218        35
   29983     38398        23
   30013     38428        29
   30089     38504        26
   30116     38531        26
   30206     38621        20
   30227     38642        23
   30257     38672        20
   30461     38876        20
   30563     38978        32
   30711     39126        25
   30737     39152        20
   30878     39293        23
   30965     39380        23
   31355     39771        20
   31391     39807        29
   31726      9883        25
   31762     40085        24
   32558     40991        23
   32739     41191        50
   33227     41645        22
   33556     42008        29
   33793     42245        20
   33972     42424        30
   34231     42683        23
   34366     42818        20
   34492     42944        20
   34666     43118        20
   34834     43286        23
   34993     43445        26
   35122     43574        29
   35428     43880        65
   35550     44002        33
   35819     44271        29
   35918     44370        23
   35996     44448        20
   36230     44682        23
   36356     44814        23
   36401     44859        41
   36581     45039        23
   36635     45093        20
   36689     45147        26
   36902     45360        22
   37253     45711        20
   37289     45747        23
   37349     45807        31
   37397     45855        23
   37637     46095        58
   38718     47059        40
   39378     47670        20
   39470     47758        20
   39569     47857        24
   39629     47917        20
   39749     48038        20
   40415     48685        31
   41122     49552        44
   41168     49598        36
   41954     50436        29
   42585     50922        31
   43289     51348        21
   43652     51861        20
   43683     51892        23
   44085     52300        25
   44115     52330        26
   57563     52289        20
   59114     71737        31
   59215     71929        25
   59241     71955        33
   62295     74616        27
   63390     75611        23
   65358     77461        30
   65406     77509        22
   65613     77716        32
   65793     77896        35
   66297     78400        20
   66381     78484        31
   66462     78565        29
   66495     78598        35
   66549     78652        26
   66634     78737        25
   67391     79482        20
   67480     79571        27
   68441     80573        29
   68660     80792        26
   68732     80864        20
   68828     80960        20
   68942     81074        29
   68993     81125        20
   69238     81385        22
   70132     82206        23
   70189     82263        32
   70382     82456        31
   71855     83966        20
   74129     86076        20
   74713     86622        20
   77176     88946        23
   77225     88995        33
   77485     89255        21
   78334     90941        27
   83552     97105        24
   83675     97228        31
   84636     98201        20
   85903    100723        80
   86532    101451        24
   86593    101512        39
   86869    101854        26
   86941    101926        33
   87001    101986        51
   87235    102526        31
   87282    102578        21
   87319    102615        26
   87347    102643        23
   87568    102934        23
   87673    103039        32
   87766    103131        20
   87815    103180        21
   87837    103202        22
   87899    103285        24
   87937    103327        31
   87981    103371        31
   88019    103428        21
   88045    103454        31
   88188    103587        35
   88433    103859        21
   88586    104069        29
   88726    104209        21
   88774    104257        35
   88810    104293        27
   88865    104348        22
   88905    104388        28
   88961    104444        24
   89155    104637        25
   89348    104871        20
   89443    104966        28
   89626    105152        32
   89668    105194        50
   89743    105269        29
   89779    105305        26
   89806    105332        57
   90999    107182        72
   91130    107285        20
   91266    107424        20
   91305    107463        50
   91356    107514        37
   91394    107552        58
   91453    107611        31
   91485    107643        40
   91557    107715       110
   91673    107831        56
   91730    107888        41
   91772    107930        59
   91832    107990        42
   91875    108033       191
   92067    108225        72
   92140    108298        55
   92209    108367        31
   92278    108436        93
   92372    108530        79
   92452    108610        47
   92532    108690        83
   92616    108774       167
   92784    108942        22
   92807    108965        27
   92882    109037        34
   92942    109090        26
   93085    109248        62
   93148    109311        36
   93204    109367        59
   93270    109433        24
   93378    109551        30
   93417    109590        21
   93462    109631        51
   93561    109726        23
   93838    110001        22
   93932    110096        29
   93962    110126        41
   94046    110211        49
   94164    110334        70
   94292    110462        20
   94346    110516        22
   94390    110560        20
   94418    110588        22
   94482    110652        44
   94580    110750        27
   94666    110836        20
   94706    110874        30
   94753    110936        21
   94862    111029        62
   94983    111152        35
   95085    111263        25
   95121    111299        27
   95155    111327        20
   95176    111348        26
   95226    111398        32
   95259    111431        24
   95293    111465        30
   95324    111496       104
   95450    111623        24
   95540    111712       106
   95722    111896        38
   95761    111935        25
   95785    111958        21
   95820    111993       104
   95941    112114        82
   96022    112196        52
   96075    112249        24
   96128    112302        41
   96179    112353        25
   96247    112421        21
   96269    112443        53
   96329    112503        29
   96364    112538        28
   96416    112590       176
   96593    112767        49
   96667    112848        21
   96711    112892        36
   96748    112929        28
   96788    112969        27
   96816    112997        87
   96921    113097        67
   96989    113165        56
   97058    113234       106
   97182    113358        70
   97253    113429        26
   97334    113510        23
   97384    113560        25
   97413    113589        76
   97493    113669       159
   97653    113829        54
   97715    113891        86
   97802    113978       141
   97944    114120        32
   98034    114217        20
   98073    114253        30
   98104    114284        52
   98169    114349        27
   98214    114394        22
   98334    114543        29
   98414    114623        54
   98485    114694        29
   98750    114962        61
   98997    115788        43
  101362    134522        30
  101393    134553        44
  109056    140415        43
  109285    141223        61
  109582    141523        29
  109628    141569        54
  109733    141674        29
  109860    141830        22
  109900    141870        27
  109940    141910        52
  109993    141963        30
  110042    142009        20
  110120    142094        32
  110153    142127       141
  110295    142269        86
  110389    142363        54
  110444    142418       159
  110607    142581        76
  110687    142661        25
  110739    142713        23
  110817    142791        26
  110844    142818        70
  110932    142906       106
  111051    143025        56
  111108    143082        67
  111193    143162        87
  111281    143250        27
  111320    143289        28
  111349    143318        36
  111408    143377        21
  111454    143430        49
  111504    143480       176
  111704    143680        28
  111738    143714        29
  111774    143750        53
  111828    143804        21
  111892    143868        25
  111927    143903        41
  111997    143973        24
  112022    143998        52
  112073    144050        82
  112172    144149       104
  112290    144267        21
  112310    144286        25
  112336    144312        38
  112450    144428       106
  112622    144599        24
  112668    144646       104
  112773    144751        30
  112813    144791        24
  112838    144816        32
  112894    144872        26
  112921    144899        20
  112948    144920        27
  112986    144958        25
  113078    145059        35
  113172    145155        62
  113322    145289        21
  113360    145342        30
  113410    145390        20
  113489    145469        27
  113570    145550        44
  113656    145636        22
  113686    145666        20
  113728    145708        22
  113784    145764        20
  113862    145842        70
  114001    145986        49
  114093    146079        41
  114135    146121        29
  114236    146223        22
  114512    146497        23
  114583    146564        51
  114658    146635        21
  114688    146665        30
  114802    146789        24
  114833    146820        59
  114912    146899        36
  114949    146936        62
  115128    147130        26
  115180    147175        34
  115262    147254        27
  115290    147282        22
  115313    147305       167
  115481    147473        83
  115597    147589        47
  115645    147637        79
  115725    147717        93
  115856    147848        31
  115901    147893        55
  115957    147949        72
  116030    148022       191
  116222    148214        42
  116265    148257        59
  116325    148317        41
  116367    148359        56
  116429    148421       110
  116571    148563        40
  116612    148604        31
  116644    148636        58
  116703    148695        37
  116741    148733        50
  116810    148802        20
  116946    148941        20
  117025    148992        72
  118154    150778        32
  118233    150857        57
  118291    150915        26
  118324    150948        29
  118378    151002        50
  118438    151062        32
  118625    151252        28
  118728    151355        20
  118916    151584        25
  119111    151778        24
  119163    151830        28
  119209    151876        22
  119259    151926        27
  119287    151954        35
  119349    152016        21
  119481    152148        29
  119642    152366        21
  119873    152624        35
  120020    152761        31
  120056    152797        21
  120084    152844        31
  120128    152888        31
  120173    152937        24
  120237    153022        22
  120260    153045        21
  120310    153095        20
  120391    153175        32
  120505    153289        23
  120726    153580        23
  120751    153605        26
  120793    153647        21
  120830    153689        31
  121044    154209        51
  121122    154287        33
  121201    154366        26
  121464    154695        39
  121540    154771        24
  122113    155443        80
