> gi|442566132|gb|KC180769.1|
       1         4        22
      51        54        23
     199       563        24
     224       588        35
     275       639        23
     302       666        38
     353       717        58
     434       798        20
     458       822        26
     497       861        35
     533       897        32
     575       939        65
     671      1035        20
     707      1071        20
     770      1134        23
     794      1158        31
     836      1200        41
     908      1272        26
     935      1299        23
     962      1326        20
    1022      1386        92
    1133      1497        29
    1166      1530        20
    1200      1564        40
    1310      1680        30
    1456      1964        21
    3500      4085        20
    4391      6119        50
    4789      7552        63
    5857      8810        35
    5893      8846        44
    6303      9689        34
    6995     10461        46
    7170     10754        78
    7422     11282        20
    7508     11368        21
    7536     11396        20
    7580     11440        51
    7659     11519        23
    7724     11584        24
    7785     11645        23
    7839     11699        47
    7971     11831        20
    8061     11921        29
    8118     11978        35
    8226     12086        29
    8256     12116        46
    8307     12167        29
    8337     12197        44
    8521     12381        25
    8555     12415        24
    8580     12440        20
    8673     12533        23
    8706     12566        20
    8781     12641        20
    8911     12770        20
    8965     12824        46
    9018     12877        20
    9288     13147        30
    9362     13221        22
    9396     13255        28
    9908     13836        21
   10015     13927        20
   10036     13948        30
   10070     13982        44
   10508     14680        23
   10631     14803        32
   10673     14845        20
   11468     15978        29
   11498     16008        52
   11574     16084        40
   11627     16137        29
   11657     16167        20
   11792     16302        35
   11855     16365        41
   12044     16554        41
   12110     16620        20
   12738     17049        35
   12861     17172        21
   12955     17266        21
   12993     17304        23
   13026     17337        20
   13143     17454        33
   13182     17493        29
   13250     17561        21
   13765     18105        21
   13820     18160        20
   13841     18181        20
   14078     18418        23
   14105     18445        20
   14145     18485        20
   14348     18688        20
   14395     18735        26
   14919     19262        20
   15185     19537        23
   15680     20029        21
   15839     20194        21
   16321     20652        21
   16742     21073        20
   16817     21148        23
   16994     21325        20
   17078     21409        23
   17120     21451        23
   17189     21520        50
   17240     21571        29
   17336     21667        21
   17358     21689        22
   17432     21763        22
   17510     21841        23
   17534     21865        23
   17594     21925        41
   17696     22027        27
   17860     22241        32
   18102     22483        38
   18223     22598        25
   18276     22651        47
   18363     22738        20
   18390     22765        23
   18489     22864        32
   18522     22897        20
   18597     22972        20
   18618     22993        24
   18672     23047        20
   18786     23161        28
   18909     23284        26
   18942     23317        32
   19001     23376        27
   19085     23460        20
   19106     23481        20
   19278     23653        26
   19341     23716        30
   19436     23811        34
   19509     23882        25
   19769     24091        21
   19850     24143        26
   20170     24441        22
   20277     24548        31
   20313     24584        35
   20349     24620        20
   20370     24641        20
   20424     24695        26
   20451     24722        23
   20496     24767        23
   20541     24812        20
   20653     24924        22
   20715     24986        23
   20778     25044        30
   20824     25090        28
   20926     25192        53
   20992     25258        26
   21046     25312        23
   21106     25372        23
   21178     25444        26
   21246     25512        24
   21445     25711        23
   21478     25744        20
   21520     25786        32
   21742     26008        23
   22110     26376        50
   22321     26587        23
   22345     26611        20
   22393     26659        41
   22660     26932        20
   22723     26995        20
   22828     27100        26
   22892     27164        28
   23043     27315        33
   23188     27460        29
   23224     27496        34
   23308     27580        29
   23407     27679        22
   23455     27727        25
   23498     27770        25
   23527     27799        23
   23584     27856        29
   23617     27889        37
   23722     27994        32
   23776     28048        26
   23810     28082        29
   23896     28168        29
   25216     29551        27
   25922     30436        20
   26015     30529        20
   26654     31642        21
   27077     32701        58
   27136     32760        20
   27263     33218        28
   27292     33247        38
   27331     33286        20
   27408     33352        22
   27431     33375        58
   27522     33473        20
   28080     34317        21
   28114     34351        32
   28989     35782        48
   29173     35966        23
   29260     36053        29
   29290     36083        50
   29359     36152        32
   29401     36194        32
   29460     36253        28
   29500     36293        26
   29527     36320        29
   29572     36365        29
   29608     36401        32
   29668     36461        23
   29692     36485        23
   29735     36528        22
   29767     36560        35
   29803     36596        83
   29887     36680        29
   29929     36722        35
   29983     36776        23
   30007     36800        50
   30089     36882        53
   30143     36936        26
   30173     36966        20
   30206     36999        20
   30227     37020        20
   30297     37090        25
   30329     37122        26
   30404     37197        26
   30458     37251        23
   30482     37275        23
   30509     37302        41
   30596     37389        24
   30737     37530        32
   30887     37680        23
   30962     37755        26
   31001     37794        20
   31094     37887        20
   31193     37986        26
   31265     38058        38
   31349     38142        26
   31394     38187        41
   31726     38471        31
   31762     38512        24
   32089     38926        34
   32200     39037        41
   32242     39079        21
   32305     39157        29
   32370     39204        20
   32554     39511        61
   32739     39767        35
   33018     40057        20
   33087     40126        21
   33149     40188        20
   33286     40320        21
   33388     40457        20
   33484     40553        32
   33517     40586        20
   33556     40625        47
   33613     40682        20
   33640     40709        23
   33691     40760        34
   33726     40795        54
   33886     40955        26
   33919     40988        22
   33942     41011        27
   34219     41288        20
   34306     41375        26
   34339     41408        35
   34435     41504        28
   34492     41561        26
   34557     41626        27
   34666     41735        31
   34741     41810        20
   34954     42023        29
   34999     42068        20
   35023     42092        44
   35076     42145        35
   35134     42203        26
   35161     42230        47
   35221     42290        26
   35248     42317        28
   35277     42346        24
   35319     42388        36
   35398     42467        53
   35467     42536        26
   35494     42563        53
   35548     42617        54
   35609     42678        47
   35681     42750        44
   35726     42795        32
   35762     42831        44
   35809     42878        48
   35858     42927        26
   35885     42954        20
   35909     42978        33
   35969     43038        35
   36025     43094        39
   36119     43188        29
   36194     43263        35
   36236     43305        20
   36302     43377        26
   36350     43425        29
   36382     43457        24
   36428     43503        53
   36495     43570        34
   36632     43707        23
   36656     43731        29
   36686     43761        20
   36707     43782        22
   36730     43805        21
   36752     43827        44
   36863     43938        38
   37007     44082        23
   37031     44106        46
   37157     44232        23
   37220     44295        26
   37289     44364        23
   37325     44400        47
   37397     44472        29
   37457     44532        32
   37517     44592        26
   37583     44658        32
   37649     44724        53
   37762     44837        25
   37987     45051        36
   38259     52248        21
   38619     45714        44
   38682     45777        20
   38707     45802        51
   39086     46122        21
   39345     46381        22
   39373     46408        23
   39452     46508        26
   39479     46535        26
   39529     46585        22
   39602     46658       103
   39741     46797        49
   39863     46913        25
   40405     47493        50
   40456     47544        53
   41111     48454        93
   41509     48827        48
   41831     49149        37
   41930     49248        23
   41954     49272        22
   41984     49302        20
   42008     49326        20
   42051     49369        22
   42077     49395        23
   42107     49425        22
   42548     49625        24
   42573     49650        39
   43272     50874        56
   43350     50952        33
   43394     50993        24
   43593     51323        22
   43652     51382        25
   43678     51408        36
   44085     51625        25
   44111     51651        32
   58480     69845        22
   58899     70183        23
   59099     70388        46
   59215     70623        66
   60182     71595        26
   60264     71677        22
   60584     72021        40
   60626     72063        31
   60679     72116        25
   60727     72164        21
   61316     72742        24
   61952     73326        29
   62295     73683        45
   62344     73732        30
   62392     73780        29
   63146     74503        23
   63381     74722        35
   63495     74811        43
   63556     74872        27
   63785     75101        21
   64097     75397        23
   64128     75428        20
   64558     75975        24
   64982     76260        20
   65156     76412        22
   65213     76469        33
   65299     76555        31
   65364     76620        44
   65409     76665        26
   65592     76848        29
   65628     76884        20
   65655     76911        20
   65775     77031        23
   65910     77166        23
   65973     77229        20
   66027     77283        20
   66117     77373        38
   66285     77541        29
   66438     77694        23
   66462     77718        23
   66492     77748        47
   66546     77802        29
   66634     77890        31
   66696     77952        30
   66910     78120        35
   66946     78156        32
   67075     78294        22
   67098     78317        24
   67123     78342        38
   67240     78451        51
   67391     78604        20
   67647     78870        27
   67781     79011        23
   68347     79593        20
   68516     79770        38
   68618     79872        23
   68657     79911        30
   68768     80022        26
   68801     80055        21
   68823     80077        25
   68870     80124        23
   68939     80193        36
   69112     80360        26
   69235     80489        25
   69592     80815        23
   69706     80947        32
   69967     81209        30
   70020     81262        33
   70090     81332        20
   70132     81374        23
   70189     81431        32
   70246     81488        29
   70276     81518        23
   70339     81581        29
   70378     81620        38
   70484     81726        27
   70887     82137        23
   71003     82253        21
   71064     82314        26
   71091     82341        50
   71154     82410        29
   71184     82440        37
   71408     82664        45
   71556     82812        32
   71670     82926        27
   71702     82958        21
   71819     83075        20
   71855     83111        25
   71891     83147        28
   72049     83305        26
   72341     83616        21
   72977     84193        44
   73047     84263        29
   73331     84547        26
   73648     84884        35
   73843     85079        23
   73874     85110        25
   74054     85272        23
   74126     85344        23
   74237     85455        26
   74297     85515        25
   74370     85588        22
   74466     85685        20
   75027     86315        22
   75668     86939        23
   75707     86978        35
   76155     87426        25
   76181     87452        25
   76607     87873        26
   76906     88179        26
   76984     88257        22
   77142     88391        25
   77176     88425        30
   77258     88507        22
   77319     88568        52
   77372     88621        22
   77449     88698        22
   77552     89465        34
   77735     89648        25
   77774     89687        22
   77965     90033        22
   78302     90296        27
   78334     90328        27
   78634     90582        23
   78684     90632        22
   78718     90666        28
   78767     90715        26
   78794     90742        21
   78835     90783        21
   79167     91112        22
   79707     91682        21
   80231     92263        27
   80720     92908        31
   81450     93551        20
   81630     93731        23
   81761     93862        23
   82037     94138        22
   82362     94481        21
   82427     94546        21
   82765     94884        36
   82826     94945        49
   82965     95093        50
   83016     95144        24
   83047     95175        25
   83075     95203        35
   83111     95239        24
   83141     95269        22
   83208     95336        53
   83262     95390        38
   83338     95472        22
   83467     95565        24
   83526     95618        22
   83549     95641        27
   83580     95672        47
   83641     95733        28
   83675     95767        66
   83764     95856        32
   83808     95900        32
   83859     95951        23
   83899     95991        21
   83979     96071        28
   84023     96115        45
   84069     96161        25
   84094     96177        35
   84130     96213        22
   84153     96236        56
   84210     96293        27
   84271     96354        22
   84306     96389        71
   84411     96494        30
   84517     96600        22
   84548     96643        21
   84570     96665        28
   84599     96694        24
   84664     96765        26
   84715     96816        44
   84760     96861        26
   84793     96894        49
   84891     96992        44
   84990     97079        23
   85035     97124        27
   85085     97174        39
   85134     97223        23
   85158     97247        41
   85396     97478        47
   85463     97840        28
   85492     97869        49
   85577     97960        30
   85618     98025        23
   85641     98054        24
   85680     98101        24
   85896     98236       141
   86106     98454        33
   86155     98517        24
   86257     98624        24
   86374     98744        24
   86399     98769        23
   86420     98805        24
   86438     98829        25
   86466     98858        20
   86516     98905        47
   86564     98953        61
   86801     99253        21
   86836     99285        22
   86859     99308        44
   86960     99409        31
   86992     99441        74
   87067     99516        44
   87114     99858        43
   87170     99917        31
   87243     99990        42
   87286    100033        22
   87309    100056        96
   87406    100153        22
   87485    100254        41
   87558    100335        21
   87614    100391        25
   87662    100439        47
   87758    100534        56
   87815    100591        20
   87836    100612        36
   87884    100681        39
   87981    100782        31
   88019    100839        24
   88051    100871        59
   88148    100958        39
   88188    100998        35
   88234    101069        30
   88265    101100        22
   88343    101181        21
   88372    101210        34
   88432    101279        25
   88516    101382        22
   88547    101441        34
   88582    101476       101
   88684    101578        24
   88726    101620        21
   88762    101656        21
   88784    101678        22
   88807    101701        80
   88888    101782        57
   88946    101840        39
   89002    101896        37
   89057    101951        21
   89095    101989        30
   89128    102026        26
   89155    102053        25
   89201    102099        33
   89236    102134        86
   89332    102236        43
   89392    102296        63
   89494    102403        98
   89593    102502       168
   89779    102688       183
   90178    103441        59
   90250    103512        48
   90338    103600        20
   90394    103661        33
   90509    103750        23
   90643    103984        34
   90702    104043        21
   90767    104094        27
   90801    104128        22
   90824    104156        29
   90903    104549        25
   90928    104576        29
   90958    104606        23
   90993    104641        78
   91130    104779        29
   91246    104901       109
   91356    105011        37
   91394    105049       606
   92001    105656       138
   92140    105795       121
   92278    105933        91
   92370    106025       149
   92520    106175       160
   92681    106336       140
   92896    106548        34
   92932    106577        42
   93085    106730        99
   93185    106830        51
   93270    106914        28
   93299    106943        28
   93329    106974        27
   93364    107009        44
   93409    107054        74
   93484    107129        28
   93514    107159        23
   93558    107204        41
   93612    107258        23
   93640    107286        39
   93680    107326        26
   93719    107359        20
   93758    107409        26
   93785    107436        52
   93838    107489        23
   93861    107511        22
   93932    107585        29
   93962    107615        47
   94018    107671        92
   94154    107812        86
   94252    107910        71
   94346    108004        34
   94381    108039        29
   94482    108140        64
   94555    108208        24
   94580    108233        58
   94656    108309        37
   94701    108354        35
   94751    108435        29
   94781    108465        43
   94847    108527       104
   94961    108642        21
   94983    108664        39
   95057    108736        21
   95083    108773        27
   95146    108835        79
   95226    108915        57
   95284    108973       192
   95503    109191       117
   95621    109309        42
   95685    109373        31
   95722    109414        64
   95785    109476        34
   95820    109511       254
   96075    109766        29
   96114    109805       101
   96216    109907        30
   96247    109938        75
   96323    110014        40
   96364    110055        28
   96408    110099       184
   96593    110284        49
   96667    110364       109
   96788    110485       115
   96916    110608       108
   97025    110717       139
   97182    110874        70
   97253    110945        61
   97334    111026        28
   97363    111055        20
   97384    111076        25
   97410    111102       242
   97653    111345       323
   97990    111683        24
   98015    111708        42
   98056    111746        37
   98094    111784        62
   98157    111847        35
   98212    111902        38
   98281    111977        58
   98364    112060        21
   98392    112088       122
   98750    112482        61
   98951    113157        42
   98997    113203        43
   99167    113368        24
  102578    121929        23
  102608    121959        20
  102653    122004        20
  102695    122046        35
  105422    130628        21
  108064    133666        24
  108150    133752        30
  108368    133970        24
  108446    134048        20
  108905    134430        24
  109056    134576        43
  109103    134623        42
  109285    135279        61
  109582    135612       122
  109711    135741        21
  109757    135787        58
  109846    135882        38
  109904    135940        35
  109940    135976        62
  110003    136039        37
  110039    136072        42
  110082    136115        24
  110120    136154       323
  110444    136478       242
  110687    136721        25
  110713    136747        20
  110734    136768        28
  110782    136816        61
  110844    136878        70
  110932    136966       139
  111072    137106       108
  111193    137222       115
  111320    137349       109
  111454    137489        49
  111504    137539       184
  111704    137739        28
  111733    137768        40
  111774    137809        75
  111850    137885        30
  111881    137916       101
  111992    138027        29
  112022    138057       254
  112277    138312        34
  112310    138344        64
  112380    138418        31
  112433    138471        42
  112476    138514       117
  112620    138657       192
  112813    138850        57
  112871    138908        79
  112986    139022        27
  113018    139065        21
  113074    139119        39
  113114    139159        21
  113145    139191       104
  113272    139314        43
  113316    139358        29
  113360    139433        35
  113403    139476        37
  113458    139531        58
  113517    139590        24
  113550    139618        64
  113686    139754        29
  113716    139784        34
  113773    139841        71
  113856    139924        86
  113986    140059        92
  114087    140160        47
  114135    140208        29
  114213    140289        22
  114235    140310        23
  114259    140334        52
  114312    140387        26
  114357    140443        20
  114390    140470        26
  114417    140497        39
  114461    140541        23
  114497    140577        41
  114559    140640        23
  114584    140665        28
  114613    140694        74
  114688    140769        44
  114740    140821        27
  114769    140851        28
  114798    140880        28
  114860    140941        51
  114912    140993        99
  115122    141203        42
  115166    141240        34
  115275    141346       140
  115416    141487       160
  115577    141648       149
  115727    141798        91
  115835    141906       121
  115957    142028       138
  116096    142167       606
  116703    142774        37
  116741    142812       109
  116937    143014        29
  117025    143103        78
  117115    143193        23
  117139    143217        29
  117168    143248        25
  117243    143637        29
  117273    143672        22
  117302    143701        27
  117373    143758        21
  117419    143804        34
  117564    144049        23
  117669    144128        33
  117738    144202        20
  117798    144262        48
  117859    144322        59
  118134    144951       183
  118335    145152       168
  118504    145321        98
  118641    145463        63
  118721    145543        43
  118774    145602        86
  118862    145690        33
  118916    145744        25
  118942    145770        26
  118971    145803        30
  119018    145850        21
  119057    145889        37
  119111    145943        39
  119151    145983        57
  119209    146041        80
  119290    146122        22
  119313    146145        21
  119349    146181        21
  119388    146220        24
  119413    146245       101
  119515    146347        34
  119558    146418        22
  119639    146518        25
  119690    146578        34
  119732    146620        21
  119809    146700        22
  119832    146723        30
  119873    146789        35
  119909    146825        39
  119986    146892        59
  120053    146959        24
  120084    147009        31
  120173    147102        39
  120224    147174        36
  120261    147211        20
  120282    147232        56
  120387    147336        47
  120457    147406        25
  120517    147466        21
  120570    147527        41
  120668    147647        22
  120691    147670        96
  120788    147767        22
  120811    147790        42
  120895    147874        31
  120939    147921        43
  120985    148262        44
  121030    148307        74
  121105    148382        31
  121193    148470        44
  121238    148515        22
  121274    148548        21
  121471    148808        61
  121533    148870        47
  121610    148944        20
  121633    148968        25
  121652    148993        24
  121674    149030        23
  121698    149054        24
  121815    149174        24
  121917    149281        24
  121957    149335        33
  122059    149445       141
  122392    149697        24
  122431    149744        24
  122455    149774        23
  122489    149832        30
  122555    149904        49
  122605    149954        28
  122653    150297        47
  122897    150534        41
  122939    150576        23
  122972    150609        39
  123034    150671        27
  123083    150720        23
  123161    150786        44
  123254    150879        49
  123310    150935        26
  123337    150962        44
  123406    151031        26
  123473    151104        24
  123498    151129        28
  123527    151158        21
  123557    151200        22
  123655    151298        30
  123719    151362        71
  123803    151446        22
  123859    151502        27
  123887    151530        56
  123944    151587        22
  123967    151610        35
  124002    151636        25
  124028    151662        45
  124089    151723        28
  124176    151810        21
  124214    151848        23
  124256    151890        32
  124300    151934        32
  124355    151989        66
  124427    152061        28
  124469    152103        47
  124520    152154        27
  124548    152182        22
  124605    152233        24
  124736    152328        22
  124796    152394        38
  124835    152433        53
  124933    152531        22
  124961    152559        24
  124986    152584        35
  125024    152622        25
  125056    152654        24
  125081    152679        50
  125221    152828        49
  125295    152902        36
