> gi|442566562|gb|KC180774.1|
       1         6        23
      25        30        23
      49        54        23
     361       728        28
     421       788        20
     454       821        26
     583       950        26
     655      1022        23
     766      1133        26
     823      1190        20
    1006      1373        53
    1086      1453        21
    1897      7548        23
    1921      7572        32
    2914      8807        32
    2947      8840        34
    3235     10750        29
    3265     10780        40
    3469     11232        23
    3582     11345        24
    3736     11499        26
    3802     11565        26
    4104     11867        21
    4423     12186        20
    4594     12357        29
    4783     12546        29
    4888     12651        31
    5161     75119        22
    5193     12954        25
    5219     12980        21
    5780     14642        23
    5837     14699        23
    5914     14776        21
    6251     15974        44
    6338     16061        22
    6361     16084        36
    6407     16130        26
    6587     16310        20
    6886     16609        33
    6957     16680        22
    7263     17126        20
    7464     17327        20
    7615     17478        34
    9513     30516        22
   10013     31626        24
   10077     32691        79
   10213     33198        29
   10250     33235        20
   10282     33267        24
   10408     33394        20
   10723     34320        21
   10745     34342        22
   11590     35928        20
   11716     36054        20
   11840     36178        25
   11914     36252        29
   11950     36288        23
   12001     36339        23
   12067     36405        47
   12115     36453        23
   12160     36498        20
   12226     36564        65
   12356     36694        31
   12409     36747        20
   12430     36768        47
   12629     36967        20
   12650     36988        20
   12686     37024        38
   12725     37063        20
   12830     37168        20
   12888     37226        31
   12947     37285        21
   13019     37357        26
   13127     37465        20
   13310     37648        35
   13398     37736        22
   13517     37855        20
   13616     37954        26
   13688     38026        23
   13988     38443        33
   14026     38486        24
   14587     39953        20
   14605     10470        22
   14608     39974        24
   14722     40181        47
   15115     40630        31
   15498     41045        20
   15519     41066        23
   15558     41105        23
   15657     41204        24
   15699     41246        20
   15750     41297        26
   15813     41360        20
   15861     41408        32
   15897     41444        20
   16092     41639        20
   16100     43862        20
   16383     41930        23
   16611     42158        26
   16791     42338        32
   16857     42404        20
   17112     42659        35
   17268     42815        20
   17295     42842        20
   17346     42893        38
   17409     42956        32
   17515     43071        26
   17542     43098        23
   17566     43122        29
   17620     43176        44
   17707     43263        25
   17767     43323        32
   17800     43356        32
   17859     43415        22
   18049     43605        20
   18133     43689        23
   18286     43860        20
   18370     43944        35
   18415     43989        23
   18523     44097        26
   18801     44375        24
   18892     44466        20
   19024     44598        20
   19057     44631        35
   19266     44840        33
   19333     44907        26
   19384     44958        26
   19446     45020        21
   19690     45264        24
   20158     46143        31
   20190     46175        26
   20442     47162        23
   20489     47965        27
   20738     48909        21
   20761     48931        27
   20806     48974        23
   21065     49312        27
   21293     49540        21
   21357     49604        29
   21452     49699        42
   21566     49825        33
   21865     50072        60
   22270     51441        39
   22310     51481        22
   22345     51516        31
   22382     51551        22
   22585     51978        30
   22742     52189        53
   23080     56022        24
   23105     56047        43
   23408     56623        20
   23501     56716        22
   23750     56965        29
   23822     57037        26
   23858     57073        20
   23957     57172        20
   24008     57223        20
   24059     57274        23
   24272     57487        23
   24296     57511        26
   24323     57538        20
   24587     57802        30
   24644     57859        20
   24707     57922        20
   24821     58036        23
   25501     59077        26
   25528     59104        31
   25614     59190        20
   25680     59256        35
   25809     59385        29
   25956     59532        35
   26010     59586        20
   26067     59643        35
   26133     59709        24
   26385     59961        29
   26523     60099        20
   26652     60228        20
   26871     60447        26
   29197     62366        38
   31764     66678        22
   32324     67238        26
   32430     67344        28
   33039     68491        29
   33217     68696        23
   33350     68814        32
   33434     68898        29
   33517     68991        24
   33610     69084        22
   34336     70802        24
   34428     70958        25
   34462     70992        47
   34655     71224        76
   34952     71752        20
   35557     72726        20
   35585     72754        22
   36803     73935        27
   37050     74289        27
   37147     74386        29
   37210     74441        23
   37763     75109        20
   38060     75421        24
   39680     77452        20
   39998     77770        20
   40031     77803        23
   40061     77833        29
   40115     77887        23
   40226     77998        23
   40352     78124        20
   40460     78232        23
   40545     78317        28
   40580     78352        50
   40634     78406        23
   41349     79103        20
   41418     79184        35
   42310     80184        20
   42529     80403        20
   42564     80438        24
   42622     80496        35
   42820     80694        20
   42919     80793        23
   43175     81085        20
   43628     81544        20
   43818     81808        21
   43924     81914        26
   43972     81962        23
   44122     82112        23
   44180     82170        20
   44326     82316        31
   46217     84756        20
   47036     85583        20
   47287     85854        23
   47422     85989        20
   47539     86106        35
   47720     86283        24
   48749     87594        26
   49116     87961        22
   49217     88062        22
   49790     88670        27
   49848     88728        25
   49907     88787        25
   50338     89187        20
   50416     89265        20
   51070     90901        30
   51101     90932        31
   51476     91093        20
   53718     94124        22
   54758     95527        21
   54903     95681        32
   55008     95786        23
   55069     95847        23
   55166     95962        26
   55580     96346        23
   55615     96381        22
   55638     96404        37
   55754     96520        20
   55778     96544        20
   55862     96643        20
   55898     96679        28
   55958     96739        29
   56063     96844        20
   56228     97018        29
   56357     97279        24
   56384     97306        20
   56683     97728        21
   56737     97782        28
   56786     97831        23
   56818     97863        27
   56948     98855        32
   56980     98888        28
   57009     98917        24
   57568    102084        27
   57647    102163        22
   57712    102228        21
   57739    102255        24
   57800    102316        45
   57884    102400        47
   57932    102448        23
   57956    102472        23
   57988    102504        26
   58057    102581        26
   58083    103153        31
   58115    103185        41
   58157    103227        25
   58183    103253        25
   58226    103296       179
   58634    104120        48
   58722    104208        21
   58905    105255        24
   58930    105280        44
   59059    105520        98
   59158    105619        37
   59219    105680        71
   59291    105752       131
   59423    105884        67
   59491    105952        20
   59512    105973       107
   59620    106081        65
   59686    106147        51
   59754    106214        49
   59841    106301        42
   59884    106344        58
   59943    106403       116
   60065    106525        68
   60134    106594        38
   60179    106639       133
   60323    106783       160
   60484    106944       135
   60637    107176        25
   60744    107330        20
   60782    109281        26
   60819    109374        32
   60889    109443        64
   60969    109523        33
   61003    109557        23
   61027    109581       108
   61136    109690        56
   61193    109747        26
   61246    109799        28
   61275    109828        88
   61364    109917        41
   61411    109964        48
   61464    110021       352
   61817    110374        28
   61869    110414       100
   61970    110515       106
   62077    110622        40
   62118    110663        28
   62171    110716        87
   62287    110832        57
   62363    110902        39
   62479    111024        23
   62503    111048        33
   62548    111093        58
   62607    111152        67
   62676    111216        70
   62756    111296        20
   62785    111325        47
   62836    111376       104
   62942    111482        45
   62988    111528        24
   63013    111553        58
   63092    111632        30
   63123    111663        20
   63144    111684        25
   63170    111710       120
   63297    111837        39
   63342    111882        70
   63413    111953        61
   63475    112015       189
   63665    112205        48
   63759    112311        47
   63811    112369        22
   63847    112405        85
   63997    112696        22
   64052    112751        32
   64085    112784        23
   64195    113786        21
   65910    119237        22
   67298    122504        23
   67343    122549        41
   70267    131109        21
   73503    135050        21
   73611    136050        23
   73635    136074        32
   73700    136139        22
   73787    136367        85
   73886    136466        22
   73913    136499        47
   74006    136604        48
   74055    136653       189
   74245    136843        61
   74307    136905        70
   74383    136981        39
   74429    137027       120
   74550    137148        25
   74576    137174        20
   74597    137195        30
   74648    137246        58
   74707    137305        24
   74732    137330        45
   74779    137377       104
   74887    137485        47
   74943    137541        20
   74973    137571        70
   75045    137638        67
   75113    137706        58
   75183    137776        33
   75217    137810        23
   75317    137916        39
   75375    137968        57
   75461    138054        87
   75573    138166        28
   75602    138195        40
   75643    138236       106
   75750    138343       100
   75874    138455        28
   75903    138484       352
   76260    138845        48
   76314    138899        41
   76356    138941        88
   76445    139030        28
   76500    139084        26
   76527    139111        56
   76584    139168       108
   76693    139277        23
   76717    139301        33
   76766    139350        64
   76868    139451        32
   76911    139550        26
   76955    141507        20
   77057    141656        25
   77100    141778       135
   77236    141914       160
   77407    142085       133
   77547    142225        38
   77586    142264        68
   77660    142338       116
   77777    142455        58
   77836    142514        42
   77916    142594        49
   77982    142659        51
   78034    142711        65
   78100    142777       107
   78208    142885        20
   78229    142906        67
   78297    142974       131
   78429    143106        71
   78524    143201        37
   78562    143239        98
   78745    143533        44
   78790    143578        24
   78976    144628        21
   79037    144689        48
   79314    145382       179
   79511    145579        25
   79537    145605        25
   79563    145631        41
   79605    145673        31
   79636    146250        26
   79705    146327        26
   79740    146362        23
   79764    146386        23
   79788    146410        47
   79874    146496        45
   79956    146578        24
   79986    146608        21
   80050    146672        22
   80124    146746        27
   80686    149916        24
   80711    149941        28
   80739    149970        32
   80874    150967        27
   80910    151003        23
   80954    151047        28
   81015    151108        21
   81315    151531        20
   81338    151554        24
   81462    151810        29
   81636    151993        20
   81732    152089        29
   81793    152150        28
   81837    152194        20
   81921    152293        20
   81945    152317        20
   82044    152416        37
   82082    152454        22
   82116    152488        23
   82527    152869        26
   82627    152987        23
   82688    153048        23
   82784    153144        32
   82940    153309        21
   83979    154711        22
   84941     76933        20
   86223    157744        20
   86587    157894        31
   86619    157926        30
