> gi|507474303|gb|KC771275.1|
     133        96        72
     206       169        95
     302       265       176
     479       442        89
     569       532        95
     665       628       110
     776       739        62
     839       802       122
     962       925        26
     989       952        32
    1022       985       224
    1269      1232        20
    1308      1271        20
    1380      1336        35
    1452      1409        53
    1519      1476        49
    1569      1526        21
    1752      1711        75
    1847      1806        34
    1892      1851        26
    1920      1879        94
    2040      1999        36
    2077      2036        39
    2159      2118        41
    2207      2166        59
    2290      2249        61
    2352      2311        36
    2396      2355        35
    2443      2402        27
    2471      2430        44
    2516      2475        21
    2563      2522        45
    2625      2584        58
    2711      2670        65
    2783      2742        28
    2833      2792        24
    2858      2817        67
    2926      2885        25
    2957      2916        30
    3009      2968        28
    3064      3023        23
    3105      3064        29
    3157      3116        30
    3204      3163        37
    3242      3201        32
    3334      3300        59
    3510      3570        57
    3657      3717        31
    3685      3744        34
    3721      3780        41
    3767      3824        27
    3800      3857        87
    3932      3989        25
    4014      4071        22
    4080      4130        61
    4142      4192        47
    4188      4231        66
    4255      4298        29
    4285      4328        23
    4298      4350        23
    4336      4384        50
    4390      4438        39
    4554      4604        26
    4760      4734        28
    4868      4827        61
    4930      4889       115
    5046      5005        40
    5094      5053        24
    5119      5078        50
    5197      5160        63
    5260      5202        22
    5290      5237        20
    5343      5290        21
    5415      5384        23
    5439      5408        31
    5471      5440        63
    5549      5527        23
    5631      5612        26
    5685      5666        66
    5752      5733        58
    5811      5792        20
    5847      5828        59
    5907      5888        82
    6003      5995        30
    6050      6042        22
    6134      6113        34
    6173      6157        20
    6292      6279        35
    6328      6315        20
    6358      6361        23
    6392      6395        32
    6512      6541        27
    6569      6598        34
    6628      6680        47
    6810      6863        21
    6933      6978        20
    6973      7018        48
    7045      7090        57
    7139      7168        56
    7236      7292        22
    7275      7331        37
    7313      7369        20
    7344      7400        48
    7393      7449        34
    7449      7505        23
    7507      7563        44
    7655      7711        25
    7806      7888        25
    7879      7939        23
    8009      8112        22
    8038      8141       114
    8179      8285        21
    8265      8371        27
    8293      8399        77
    8450      8542        30
    8525      8617        24
    8837      8994        25
    8903      9052        25
    8974      9523        54
    9029      9578        20
    9081      9618        34
    9116      9653        45
    9207      9734        41
    9263      9790        28
    9292      9819        55
    9349      9876        60
    9410      9937        41
    9456      9983        59
    9527     10054        23
    9551     10078        56
    9627     10154        63
    9701     10228        68
    9907     10332        99
   10050     10502        21
   10152     10612        21
   10191     10651        50
   10242     10702        24
   10267     10727        36
   10304     10764        69
   10383     10843        20
   10404     10864        93
   10498     10958        22
   10521     10981        29
   10551     11011        53
   10605     11065        44
   10650     11110        35
   10686     11146        45
   10732     11192        67
   10800     11260        41
   10848     11308        22
   10871     11331       138
   11022     11482       131
   11172     11632       149
   11322     11782        59
   11388     11848       138
   11527     11987        31
   11559     12019        34
   11594     12054        66
   11661     12121        25
   11698     12158        38
   11748     12208       165
   11925     12385        33
   11973     12433        28
   12002     12462       162
   12166     12626        67
   12238     12705        20
   12261     12737        27
   12305     12777        24
   12344     12815        60
   12524     12974        27
   12558     13008        20
   12592     13055        34
   12667     13127        29
   12729     13189        27
   12757     13217        22
   12780     13240        27
   12808     13268        72
   12883     13343        48
   12932     13392        37
   13005     13473        28
   13034     13502        93
   13148     13616        27
   13181     13649        82
   13262     13724        30
   13293     13755        20
   13350     13791        59
   13410     13851        26
   13437     13878        77
   13515     13956        92
   13608     14049        23
   13632     14073        56
   13701     14205        23
   13725     14229        30
   13760     14264        22
   13850     14345        24
   13875     14370        51
   13927     14422        22
   13985     14480        32
   14026     14599        33
   14065     14666        31
   14142     14745        25
   14177     14775        80
   14258     14856        98
   14357     14955        29
   14387     14985        80
   14468     15066        32
   14501     15099        92
   14594     15192        47
   14661     15259       243
   14905     15503        40
   14953     15543        31
   14985     15575        34
   15107     15695        78
   15215     15803        28
   15251     15839        83
   15335     15923        32
   15368     15956        30
   15400     15988        92
   15509     16097        43
   15553     16141        20
   15574     16162        40
   15615     16203        27
   15643     16231       126
   15770     16358        50
   15821     16409       169
   15993     16581        48
   16042     16630        32
   16114     16706        34
   16149     16741        87
   16252     16844        20
   16283     16875        47
   16331     16923       209
   16541     17133       140
   16682     17274        74
   16769     17361        26
   16796     17388       140
   16958     17550        49
   17008     17600        61
   17091     17683       130
   17222     17814        68
   17291     17883        67
   17359     17951        39
   17430     18022        37
   17480     18072        69
   17579     18171        25
   17608     18200        38
   17647     18239        36
   17684     18276       101
   17779     18377       114
   17894     18492        30
   17925     18523        22
   17948     18546        29
   17994     18592        22
   18017     18615        46
   18072     18670        21
   18094     18692        85
   18180     18778        40
   18227     18825        98
   18358     18956        30
   18424     19022        24
   18449     19047        66
   18516     19114        32
   18557     19155        35
   18639     19237        36
   18677     19281        21
   18757     19361        50
   18814     19418        31
   18851     19455        73
   18925     19529        27
   18953     19557        50
   19004     19608       118
   19123     19727       102
   19246     19850        21
   19268     19872        86
   19355     19959        38
   19406     20010        43
   19450     20054       125
   19576     20180        21
   19606     20210        23
   19630     20234        63
   19694     20298        44
   19739     20343        47
   19787     20391        67
   19855     20459       273
   20129     20733        49
   20179     20783        51
   20267     20871        53
   20321     20925        20
   20374     20979        41
   20476     21081       225
   20702     21307        37
   20747     21352        42
   20790     21395        30
   20821     21426        24
   20857     21468        37
   20895     21506        64
   20960     21571        79
   21040     21651       111
   21161     21772        41
   21203     21814        40
   21251     21862        28
   21280     21891       282
   21563     22174        71
   21635     22246        47
   21683     22294        53
   21737     22348        89
   21832     22443       126
   21983     22594        96
   22105     22716        26
   22130     22740        55
   22201     22811        27
   22239     22849        67
   22422     22988        52
   22495     23061        27
   22523     23089        40
   22562     23129        40
   22642     23202        25
   22668     23228        23
   22685     23246        44
   22736     23296        26
   22770     23330        80
   22851     23411        27
   22879     23439        21
   22901     23461        60
   22962     23522        65
   23028     23588        45
   23090     23650        21
   23112     23672        51
   23165     23725        79
   23285     23845       102
   23397     23957        40
   23438     23998        68
   23507     24067        27
   23535     24095       254
   23823     24383        34
   23858     24418        69
   23955     24515        71
   24027     24587       150
   24201     24761        44
   24246     24806        47
   24294     24854        32
   24336     24896        96
   24433     24993        25
   24459     25019        37
   24497     25057        81
   24579     25139        86
   24667     25227        39
   24707     25267        68
   24776     25336        66
   24843     25403        92
   24936     25496        74
   25026     25586        65
   25092     25652       104
   25220     25780        60
   25281     25841        32
   25320     25880        56
   25377     25937        47
   25425     25985       110
   25536     26096        50
   25587     26147        69
   25674     26234        44
   25720     26280        25
   25749     26309        26
   25776     26336       116
   25941     26501        38
   25980     26540        39
   26020     26580       123
   26145     26705        29
   26175     26735       164
   26340     26900       160
   26501     27061        95
   26604     27164        53
   26658     27218        54
   26713     27273        27
   26741     27301        21
   26792     27352        27
   26820     27380        73
   26914     27474        25
   26945     27504        20
   27302     27565        22
   27354     27646        20
   27377     27669        68
   27497     27791        26
   27550     27843        38
   27583     27881        36
   27636     27926        69
   27735     28020        21
   27769     28059        25
   27816     28106        20
   28012     28212       110
   28135     28335        28
   28174     28374        27
   28240     28448        45
   28296     28504        22
   28330     28538        45
   28386     28593        22
   28404     28622        21
   28426     28644        23
   28488     28695        26
   28529     28745        29
   28568     28784        32
   28644     28853        30
   28739     28940        22
   28763     28964        35
   28816     29017        20
   28837     29038        22
   29306     29838        40
   30274     30379        26
   30325     30418        20
   30628     30469        55
   30684     30525        33
   30744     30592        22
   30777     30625        31
   30885     30733        22
   30931     30772        30
   30962     30803        25
   31039     30872        25
   31087     30924        58
   31146     30983       125
   31272     31109        29
   31337     31174        52
   31390     31227        51
   31509     31347        78
   31588     31426        24
   31659     31497        78
   31738     31576        49
   31851     31680        57
   31909     31738        22
   32527     31850        67
   32632     31955        21
   32668     31992        21
   32691     32025        56
   32754     32088        21
   32796     32126        26
   32922     32245        67
   33010     32333        20
   33036     32359        33
   33072     32393        27
   33107     32428        32
   33150     32471        39
   33211     32541        22
   33272     32601        27
   33300     32629        42
   33372     32701        28
   33408     32737        24
   33440     32759        45
   33488     32807        54
   33543     32862        35
   33579     32898        45
   33703     33021        20
   33749     33067        39
   33792     33169       134
   33940     33317        40
   33981     33358        56
   34038     33415       221
   34269     33646       227
   34497     33874        59
   34557     33934        35
   34593     33970       423
   35032     34409        47
   35080     34457        29
   35110     34487        53
   35191     34568        89
   35281     34658        32
   35314     34691        20
   35335     34712       128
   35464     34841        59
   35524     34901       131
   35656     35033        50
   35707     35084        32
   35740     35117        29
   35794     35171       131
   35926     35303       200
   36127     35504        50
   36220     35597        47
   36268     35645       127
   36512     35876        39
   36559     35923        67
   36621     35989        29
   36655     36025        39
   36695     36065        64
   36769     36138       175
   36945     36314       100
   37071     36425        37
   37160     36514        39
   37224     36588        72
   37301     36665        83
   37390     36754        21
   37412     36776        22
   37483     36852        24
   37520     36880        35
   37556     36916        83
   37665     37025        57
   37801     37159        24
   37849     37207       222
   38072     37430        58
   38199     37554        21
   38221     37576        81
   38303     37658        80
   38386     37741        21
   38408     37763       155
   38564     37919        82
   38663     38018       113
   38777     38132       143
   38936     38291        71
   39008     38363        80
   39101     38456        77
   39223     38578        36
   39260     38615        59
   39320     38675       185
   39506     38861        50
   39566     38921        29
   39596     38951        86
   39683     39038        68
   39752     39107        27
   39788     39143        69
   39858     39213       277
   40136     39491       636
   40773     40128        86
   40860     40215        65
   40935     40290        44
   41013     40368        74
   41112     40467       160
   41273     40628       126
   41400     40755        25
   41426     40781        87
   41514     40869       149
   41679     41034       104
   41784     41139        91
   41876     41231        48
   41925     41280        35
   41961     41316       116
   42078     41433        68
   42147     41502        41
   42189     41544        53
   42243     41598        39
   42294     41649       134
   42429     41784        32
   42462     41817        50
   42528     41883        20
   42549     41904        20
   42570     41925        98
   42669     42024       120
   42792     42147        87
   42908     42264        47
   42968     42324        56
   43030     42386        32
   43078     42453        29
   43108     42489        28
   43160     42548        20
   43185     42573        39
   43225     42613        50
   43291     42681        22
   43340     42730        25
   43358     42754       143
   43510     42906       104
   43615     43011        27
   43681     43055        41
   43723     43097        26
   43750     43124        37
   43804     43178        30
   43835     43209        21
   43877     43251        33
   43911     43285        77
   44004     43371        39
   44055     43422        46
   44101     43462       132
   44234     43595        26
   44261     43622        99
   44361     43722       304
   44672     44027        41
   44714     44069        21
   44796     44142        44
   44841     44187        22
   44864     44210        61
   44937     44283        94
   45032     44378        32
   45078     44424        54
   45133     44479        41
   45184     44531        44
   45233     44579        64
   45298     44644        41
   45340     44686        29
   45370     44716        40
   45411     44757        85
   45573     44919        31
   45643     45222        41
   45695     45274       130
   45851     45430        38
   45970     45567        47
   46018     45615        32
   46073     45670        62
   46136     45733        88
   46225     45822        58
   46284     45881        55
   46346     45943        86
   46433     46030        72
   46506     46103       139
   46646     46243        67
   46735     46330        26
   46778     46373        28
   46886     46461        22
   46929     46504        28
   46958     46533        27
   47004     46579       169
   47211     46781        22
   47399     47061        30
   47446     47108        21
   47468     47130        22
   47504     47166        27
   47532     47194        24
   47557     47219        32
   47614     47269        23
   47719     47382       144
   47899     47562        74
   48011     47676        21
   48033     47698        34
   48078     47743        23
   48222     47864        27
   48332     47946        23
   48339     47967        22
   48433     48046        23
   48466     48079        33
   48544     48157        45
   48610     48223        77
   48691     48304        26
   48720     48327        21
   48774     48379        34
   48830     48435        24
   48864     48469        39
   48973     48611        22
   49004     48642        60
   49065     48703        98
   49179     48811        24
   49204     48836        36
   49328     49156        23
   49362     49190        25
   49398     49227        21
   49413     49246        34
   49464     49297        20
   49542     49375        20
   49563     49396        23
   49599     49432       132
   49732     49565        64
   49798     49631        44
   49843     49676        80
   49924     49757        28
   49953     49786        38
   51494     49851        24
   51569     49944        26
   51630     49986        20
   51677     50468        37
   51759     50550        31
   51832     50593        59
   51892     50653       100
   52019     50789        64
   52121     50891        25
   52147     50917        24
   52183     50953        36
   52235     51003        29
   52291     51059        26
   52318     51086        23
   52342     51110        30
   52377     51145        52
   52431     51199       109
   52576     51344        23
   52607     51366        25
   52633     51392        21
   52674     51432        55
   52730     51488        44
   52775     51533        42
   52817     51569        65
   52951     51711       193
   53145     51905       145
   53297     52057        47
   53355     52115        63
   53419     52179        41
   53461     52221        39
   53501     52261        56
   53577     52337       115
   53704     52464       180
   53888     52648       166
   54056     52816        89
   54157     52917        87
   54245     53005        86
   54332     53092        23
   54356     53116        41
   54398     53158        20
   54431     53191        92
   54524     53284        34
   54559     53319        50
   54610     53370        62
   54686     53446        32
   54719     53479        46
   54766     53526        44
   54831     53591        66
   54898     53658        36
   54977     53756        38
   55118     53879        37
   55437     54195        21
   55527     54371        31
   55559     54403        77
   55645     54488        26
   55676     54523        21
   55730     54569        52
   55788     54627        45
   55834     54673        49
   55884     54723        81
   55966     54805        23
   55990     54829        91
   56083     54922       129
   56213     55052        25
   56239     55078        71
   56311     55150        68
   56380     55219       107
   56491     55330        77
   56569     55408        30
   56601     55440        52
   56654     55493       137
   56792     55631        67
   56860     55699        78
   56941     55780        68
   57025     55864        53
   57083     55922        77
   57172     56011        24
   57229     56077        42
   57296     56144        30
   57329     56181        25
   57387     56253        33
   57473     56332        21
   57495     56354        46
   57581     56431        73
   57663     56513        51
   57734     56584        27
   57775     56625        49
   57825     56675        32
   57891     56722        24
   57943     56768        34
   58003     56834        22
   58027     56868        20
   58062     56912        25
   58102     56952        22
   58125     56975        36
   58162     57012        54
   58217     57067        41
   58326     57176        54
   58384     57234        21
   58441     57291        45
   58487     57337        65
   58571     57421        29
   58601     57451        48
   58660     57510        22
   58689     57539        30
   58760     57610        49
   58810     57660        69
   58880     57730        38
   58919     57769        26
   58964     57814        34
   58999     57849        33
   59043     57893        22
   59066     57916        41
   59108     57958        29
   59138     57988        27
   59175     58025        75
   59272     58122       108
   59381     58231        47
   59497     58347        36
   59602     58796        23
   59716     58912        78
   59795     58990        27
   59901     59096        47
   59961     59160       115
   60102     59301        22
   60138     59337        23
   60289     59460        40
   60351     59525        36
   60491     59653       132
   60624     59786        85
   60710     59872        26
   60740     59902       121
   60885     60047        58
   60944     60106        41
   60990     60152       100
   61112     60264        20
   61401     60548        29
   61486     60627        24
   61557     60696        20
   61578     60717        40
   61610     60752        23
   61660     60801        40
   61729     60889        47
   61805     60965       113
   61919     61079       103
   62023     61183        36
   62060     61220        46
   62107     61267        20
   62128     61288        20
   62167     61327       101
   62269     61429        29
   62308     61468       192
   62517     61672        31
   62558     61713        46
   62605     61760        35
   62641     61796        49
   62702     61857        93
   62817     61972        51
   62869     62024        92
   62962     62117        53
   63016     62171        26
   63043     62198        35
   63097     62252        58
   63156     62311        43
   63200     62355        25
   63226     62381        42
   63269     62424        37
   63307     62462        98
   63406     62561        29
   63436     62591       105
   63542     62697        61
   63613     62768       130
   63773     62922        21
   63788     62943        23
   63905     63451        32
   63972     63518        46
   64053     63603        29
   64181     63725        24
   64229     63773        34
   64268     63812        34
   64334     63871        34
   64369     63906        29
   64399     63936        58
   64463     64001        87
   64570     64108        88
   64659     64197        48
   64708     64246        44
   64753     64291       147
   64901     64439       247
   65155     64693        58
   65214     64752        52
   65267     64805        40
   65350     64896        26
   65387     64933        35
   65437     64983        21
   65482     65028        31
   65561     65115        29
   65643     65190        24
   65674     65226        28
   65780     65623        33
   65814     65657        24
   65873     65716       133
   66007     65850        38
   66054     65889        22
   66102     65937        29
   66173     66008        56
   66230     66065       125
   66356     66191        31
   66407     66242        27
   66435     66270        24
   66460     66295        96
   66563     66403        24
   66681     66522        48
   66730     66571        35
   66766     66607        21
   66804     66644        32
   66832     66674        21
   66941     66764        29
   66972     66795        25
   67019     66836        29
   67049     66878        27
   67090     66919        20
   67123     66947        26
   67150     66974        89
   67310     67134        27
   67402     67230        34
   67446     67274        22
   67533     67361        37
   67613     67416        22
   67845     67623        23
   67869     67647        53
   67935     67713        42
   67978     67756        59
   68047     67825        31
   68079     67857        27
   68147     67925        22
   68178     67959        30
   68274     68064        56
   68346     68136        86
   68445     68235        55
   68501     68291        86
   68653     68439        26
   68715     68485        34
   68769     68539        77
   68846     68622        26
   68927     68680        83
   69011     68764        25
   69038     68791        73
   69122     68875        32
   69155     68908        68
   69224     68977        42
   69276     69024       150
   69461     69220        29
   69506     69265        57
   69573     69332        38
   69650     69391        55
   69719     69460        33
   69753     69494        95
   69849     69590        34
   69959     69708        20
   70017     69767        94
   70112     69862        36
   70149     69899        37
   70194     69941        55
   70305     70052        24
   70330     70077       119
   70450     70197        23
   70483     70230        75
   70598     70337        22
   70621     70360        73
   70754     70494        38
   70794     70534        54
   70844     70588        20
   70889     70634        22
   70914     70657        33
   70948     70691        60
   71028     70772        48
   71083     70828        23
   71107     70852        73
   71166      9384        20
   71188     70932        67
   71256     71000       161
   71418     71162        30
   71449     71193       129
   71670     71408        31
   71702     71440        34
   71745     71483        67
   71829     71567        30
   71891     71614        46
   72139     71933        21
   72176     71970        21
   72198     71992        32
   72248     72042        42
   72310     72112        21
   72347     72149        29
   72380     72182        81
   72498     72300        32
   72526     72332        40
   72584     72451        26
   72692     72576        21
   72760     72644        27
   72788     72672        20
   72818     72703        30
   72849     72734        24
   72978     72905       112
   73094     73021       128
   73223     73150        73
   73318     73245        27
   73364     73291        24
   73409     73336        78
   73505     73432        35
   73556     73483        29
   73586     73513       147
   73734     73661        79
   73814     73741        35
   73874     73801        20
   73922     73849        24
   73947     73874        28
   73976     73903       107
   74096     74023        20
   74117     74044        98
   74216     74143        49
   74273     74200        71
   74348     74275        47
   74402     74329        41
   74444     74371       113
   74558     74485        38
   74698     74712        28
   74781     74877        47
   74869     74965        61
   74931     75027        30
   74962     75058        48
   75005     75100        23
   75067     75163       150
   75212     75309        41
   75254     75351        46
   75312     75409        56
   75370     75467       188
   75570     75677        37
   75614     75721        50
   75665     75772       190
   75856     75963        52
   75936     76032        30
   76014     76117        34
   76049     76152        40
   76090     76193        56
   76150     76249        40
   76227     76326        64
   76310     76409        20
   76331     76430        28
   76360     76459        41
   76417     76516        20
   76438     76537       100
   76569     76668       200
   76773     76872        38
   76812     76911        95
   76908     77007        41
   76950     77049        26
   76977     77076        78
   77056     77155        69
   77131     77230        20
   77168     77267        35
   77270     77369        51
   77386     77485        32
   77422     77519        43
   77473     77570        37
   77547     77644        21
   77585     77723        32
   77638     77776        34
   77673     77811        45
   77769     77910        33
   77816     77957        21
   77882     78016        26
   77915     78049        40
   77973     78122        33
   78007     78156        53
   78087     78236        93
   78181     78330        26
   78250     78399        26
   78277     78426        56
   78334     78483        29
   78373     78522       113
   78487     78636        56
   78575     78735        36
   78612     78772        22
   78650     78809        30
   78740     78899        75
   78840     78999        31
   78872     79031        51
   78924     79083        66
   78991     79150        31
   79023     79182        29
   79065     79224       133
   79199     79358        25
   79225     79384        53
   79306     79465        82
   79408     79567        23
   79435     79594        21
   79457     79616        23
   79481     79640        56
   79538     79697        22
   79589     79748        37
   79651     79810        79
   79731     79890        56
   79788     79947        58
   79847     80006        93
   79941     80100        41
   79983     80142        53
   80037     80196        98
   80136     80295        77
   80214     80373        87
   80302     80461        22
   80359     80535        21
   80409     80570        48
   80458     80619        25
   80502     80663        59
   80562     80723        24
   80598     80762        23
   80650     80814       124
   80775     80939        47
   80823     80987        94
   80921     81085        38
   80980     81144        20
   81001     81165       117
   81119     81283        47
   81191     81355        30
   81241     81405        24
   81266     81430        74
   81341     81505        64
   81406     81570        21
   81431     81595        30
   81455     81620        21
   81528     81698        22
   81551     81721        29
   81589     81764        20
   81641     81806        41
   81701     81866        23
   81725     81890       188
   81914     82079        93
   82041     82203        37
   82104     82270        69
   82192     82358        27
   82240     82406        39
   82280     82446        29
   82310     82476        53
   82364     82530        77
   82460     82626        31
   82492     82658        77
   82572     82738        34
   82696     82816        21
   82857     83035        57
   82960     83140        57
   83023     83203        25
   83065     83244        30
   83115     83294        35
   83151     83330        21
   83235     83461        25
   83303     83515        39
   83362     83564        33
   83400     83602        45
   83444     83644        42
   83492     83687        22
   83506     83709        78
   83603     83806        27
   83676     83862        46
   83741     83926        39
   83893     84075        35
   83929     84111        34
   83964     84146        93
   84058     84240        20
   84089     84271       133
   84223     84405        26
   84252     84434        29
   84325     84507        45
   84373     84555        27
   84401     84583        62
   84480     84662        24
   84505     84687        56
   84562     84744        24
   84579     84762        24
   84618     84807        43
   84689     84878        53
   84743     84932        67
   84860     85049        42
   84920     85109        23
   84944     85133        57
   85002     85191        25
   85061     85252        30
   85094     85318        83
   85190     85414       175
   85366     85590        30
   85397     85621        34
   85440     85664       173
   85651     85875       453
   86105     86329        23
   86129     86353        64
   86167     86415        94
   86262     86510       104
   86367     86615        47
   86410     86657        55
   86466     86713       195
   86706     86953       219
   86926     87173       256
   87183     87430        59
   87259     87494        35
   87295     87530       383
   87689     87924       102
   87791     88014        59
   87851     88074       178
   88038     88261       138
   88177     88400        53
   88238     88461        69
   88308     88531        26
   88335     88558       113
   88449     88672        63
   88524     88747       238
   88769     88992       117
   88887     89110        66
   88988     89193       168
   89157     89362        77
   89235     89440        76
   89312     89517        57
   89370     89575        72
   89425    147652        50
   89458     89663        31
   89490     89695       161
   89666     89871        47
   89714     89919        22
   89737     89942        93
   89831     90036       196
   90028     90233        22
   90051     90256       108
   90160     90365        48
   90190     90413        87
   90278     90501        83
   90367     90590        30
   90398     90621        86
   90485     90708        93
   90579     90802       125
   90705     90928        62
   90785     91008       168
   90972     91195        35
   91008     91231        62
   91079     91302        76
   91156     91379       168
   91325     91548        83
   91408     91643       210
   91619     91854        23
   91643     91878        24
   91668     91903        42
   91714     91949        49
   91764     91999       124
   91889     92124        34
   91924     92159       136
   92073     92308        29
   92101     92345       229
   92331     92575        30
   92362     92606       133
   92496     92740        48
   92561     92799        61
   92623     92861       128
   92752     92990        34
   92757     93019        61
   92842     93086        43
   92886     93130       221
   93108     93352       313
   93422     93666        80
   93503     93747       139
   93643     93887        94
   93735     93973       135
   93871     94109        52
   93924     94162        26
   93951     94189        37
   93989     94227        25
   94026     94264       107
   94134     94372        51
   94186     94424       136
   94323     94561       225
   94549     94787        55
   94605     94843        37
   94643     94881        79
   94715     94979        70
   94786     95050        58
   94845     95109        53
   94899     95163       164
   95064     95328        41
   95106     95370        73
   95180     95444        87
   95268     95532        25
   95294     95558        59
   95354     95618        43
   95398     95662       194
   95593     95857        87
   95671     95942        32
   95704     95975        25
   95730     96001        44
   95775     96046        24
   95800     96071        21
   95809     96092       207
   96017     96300       124
   96140     96430       217
   96358     96648        22
   96381     96671       325
   96707     96997        26
   96734     97024       129
   96864     97154       167
   97032     97322       278
   97311     97601       207
   97519     97809        72
   97592     97882       149
   97742     98032        42
   97785     98075        46
   97832     98122       371
   98204     98494       134
   98339     98629        48
   98392     98681        91
   98484     98773       766
   99251     99540        25
   99277     99566        54
   99332     99621        47
   99380     99669        21
   99402     99691        59
   99462     99751        48
   99511     99800       108
   99620     99909        27
   99664     99953        74
   99739    100028        97
   99837    100126       484
  100339    100628        82
  100422    100711        27
  100450    100739        28
  100511    100973        39
  100570    101024        23
  100594    101048        23
  100682    101126        65
  100748    101192        63
  100812    101256        57
  100867    101318        28
  100993    101455        64
  101058    101520        49
  101125    101587        82
  101208    101670        31
  101240    101702        30
  101271    101733        96
  101372    101839       102
  101475    101942       143
  101619    102086        31
  101665    102132       123
  101805    102272       143
  101949    102416        31
  101999    102461        92
  102089    102547        48
  102138    102596       581
  102727    103185       420
  103148    103606       271
  103420    103878        78
  103499    103957        48
  103583    104030       162
  103746    104193       160
  103925    104372        61
  103987    104434       165
  104153    104600        95
  104256    104704        65
  104322    104770        21
  104344    104792        61
  104406    104854        73
  104480    104928       106
  104586    105043        34
  104634    105091       101
  104736    105193        26
  104762    105227        51
  104834    105299       159
  104994    105459       202
  105197    105662        44
  105242    105707        74
  105317    105782        45
  105363    105828       240
  105602    106075        70
  105673    106146        55
  105721    106202       118
  105840    106321       121
  105962    106443       246
  106209    106690       110
  106320    106801        52
  106373    106854       518
  106892    107373       648
  107541    108022       375
  107917    108398       270
  108188    108669       132
  108321    108802       522
  108842    109324       257
  109131    109631        52
  109183    109709       218
  109402    109928        20
  109423    109949        30
  109476    110002       225
  109702    110228        26
  109759    110333       124
  109884    110458        75
  109960    110534        40
  110013    110587        47
  110061    110635        30
  110101    126639        24
  110116    110684       351
  110482    111039        24
  110507    111064        34
  110551    111108        60
  110612    111169        85
  110698    111255       123
  110822    111379        25
  112361    111410        56
  112408    111464        48
  112457    111513        75
  112552    111608        39
  112592    111648        82
  112675    111731        51
  112727    111783        61
  112789    111845        53
  112843    111899        43
  112887    111943        24
  112893    111967        87
  113017    112091        26
  113121    112195        33
  113171    112245        73
  113279    112354        61
  113352    112427        34
  113922    112968        38
  113968    113014       121
  114102    113148        93
  114255    113303        50
  114426    113561        32
  114459    113594        20
  114516    113652        34
  114682    113830        30
  114713    113861        25
  114751    113928        97
  114914    114040        31
  114971    114102        37
  115040    114171        26
  115067    114198        26
  115094    114225        43
  115138    114269        87
  115226    114357        20
  115247    114378        94
  115361    114492        30
  115409    114540        26
  115457    114588        29
  115487    114618        65
  115562    114693        45
  115608    114739        22
  115641    114772        76
  115718    114849        62
  115781    114912        76
  115883    115014        68
  115961    115092        28
  116020    115151        34
  116081    115217        23
  116119    115248        24
  116196    115324        36
  116276    115396        29
  116295    115424        27
  116323    115452        32
  116694    115484        46
  116777    115569        27
  116808    115600        94
  116903    115695        38
  116944    115736        75
  117060    115852        43
  117104    115896        47
  117158    115950        53
  117212    116004        41
  117254    116046        56
  117333    116125        80
  117414    116206        40
  117493    116285        22
  117579    116371        71
  117651    116443        39
  117762    116554        24
  117797    116589       113
  117911    116703        62
  117974    116766        79
  118054    116846        21
  118086    116883        23
  118115    116913        32
  118189    116987        35
  118238    117028        28
  118425    117181        25
  118558    117336        86
  118709    117466        21
  118739    117496        49
  118789    117546        53
  118915    117670        21
  118951    117706        29
  119049    117812        70
  119120    117883        58
  119179    117942        40
  119233    117996        28
  122116    118173        24
  122141    118198        53
  122214    118279       105
  122367    118432        23
  122399    118464        27
  122451    118534        29
  122481    118564        26
  122508    118591        27
  122538    118621        25
  122566    118649        29
  122607    118690        27
  122635    118718        56
  122715    118798        84
  122828    118918        21
  122908    119008        33
  122942    119042        33
  122976    119076        40
  123021    119128        48
  123075    119182        49
  123166    119281        24
  123197    119312        20
  123218    119333        23
  123287    119406        79
  123411    119536        27
  123438    119571        24
  123479    119612        88
  123568    119701        22
  123612    119746       112
  123916    120055        43
  123984    120123        48
  124044    120183        31
  124076    120215        28
  124117    120256        61
  124240    120379        22
  124276    120415        21
  124303    120442        23
  124338    120485        47
  124403    120555        20
  124476    120641        26
  124568    120756        32
  124613    120801        51
  124665    120853        28
  124702    120890        33
  124812    121000        63
  124876    121064        68
  124955    121143        27
  125009    121197        33
  125058    121246        90
  125149    121337        36
  125201    121389        22
  125224    121412        20
  125249    121437        32
  125313    121501        25
  125357    121551        23
  125418    121690        26
  125454    121726        24
  125479    121751        29
  125513    121785        77
  125626    121952        20
  125737    122063        29
  125795    122118        31
  125889    122212        20
  125966    122289        34
  126001    122324        22
  126062    122385        40
  126153    122476        35
  126192    122515        34
  126286    122600        41
  126365    122679        81
  126447    122761        23
  126508    122828        29
  126538    122858        23
  126567    122887        36
  126619    122939        30
  126650    122970        20
  126671    122991        35
  126730    123050        20
  126769    123089        31
  126923    123207        26
  126999    123283        34
  127090    123365        21
  127158    123442        46
  127212    123496        78
  127308    123592        63
  127372    123656        54
  127439    123723        67
  127508    123792        28
  127537    123821        29
  127579    123863        24
  127606    123890        30
  127682    123966        21
  127706    123990        21
  127735    124019        21
  127791    124075        25
  127817    124101        23
  127841    124125        28
  127874    124158        61
  127999    124274        41
  128109    124378        20
  128135    124404        43
  128236    124505        37
  128274    124543        29
  128349    124654        23
  128426    124731        24
  128459    124764        70
  128562    124867        70
  128674    124979        42
  128729    125034        65
  128797    125102        22
  128874    125179        99
  128965    125276        20
  128986    125297        79
  129078    125389        42
  129144    125455        66
  129223    125534        30
  129254    125565        78
  129335    125646       109
  129462    125773        49
  129524    125835        58
  129583    125894        31
  129623    125928        25
  129649    125954       123
  129773    126078        85
  129859    126164        60
  129929    126234        34
  129964    126269        24
  130003    126297       351
  130345    110669        24
  130379    126667        30
  130410    126698        47
  130470    126758        40
  130511    126799        75
  130587    126875       124
  130742    127078        26
  130769    127105       225
  131017    127353        30
  131048    127384        20
  131069    127405       218
  131287    127649        52
  131371    127751       257
  131627    128008       522
  132150    128531       132
  132283    128664       270
  132554    128935       375
  132930    129311       648
  133579    129960       518
  134098    130479        52
  134151    130532       110
  134262    130643       246
  134509    130890       121
  134631    131012       118
  134742    131131        55
  134798    131187        70
  134867    131264       240
  135108    131505        45
  135154    131551        74
  135229    131626        44
  135274    131671       202
  135477    131874       159
  135657    132054        51
  135708    132113        26
  135735    132140       101
  135850    132255        34
  135884    132298       106
  135991    132405        73
  136065    132479        61
  136127    132541        21
  136149    132563        65
  136222    132637        95
  136318    132733       165
  136484    132899        61
  136564    132979       160
  136725    133140       162
  136923    133327        48
  136972    133376        78
  137051    133455       271
  137323    133727       420
  137751    134155       581
  138333    134737        48
  138379    134779        92
  138490    134885        31
  138522    134917       143
  138682    135077       123
  138820    135215        31
  138852    135247       143
  138996    135391       102
  139103    135503        96
  139200    135600        30
  139231    135631        31
  139263    135663        82
  139363    135763        49
  139413    135813        64
  139575    135986        28
  139601    136019        57
  139659    136077        63
  139723    136141        65
  139853    136261        23
  139877    136285        23
  139920    136320        39
  139992    136565        28
  140021    136594        27
  140049    136622        82
  140149    136722       484
  140634    137207        97
  140732    137305        74
  140823    137396        27
  140851    137424       108
  140960    137533        48
  141009    137582        59
  141069    137642        21
  141091    137664        47
  141139    137712        54
  141194    137767        25
  141220    137793       766
  141987    138560        91
  142083    138655        48
  142132    138704       134
  142267    138839       371
  142639    139211        46
  142686    139258        42
  142729    139301       149
  142879    139451        72
  142952    139524       207
  143160    139732       278
  143439    140011       167
  143607    140179       129
  143737    140309        26
  143764    140336       325
  144090    140662        22
  144113    140685       217
  144329    140908       124
  144454    141033       207
  144649    141240        21
  144671    141262        24
  144696    141287        44
  144741    141332        25
  144767    141358        32
  144790    141388        87
  144878    141476       194
  145073    141671        43
  145117    141715        59
  145177    141775        25
  145203    141801        87
  145291    141889        73
  145365    141963        41
  145407    142005       164
  145572    142170        53
  145626    142224        58
  145685    142283        70
  145748    142372        79
  145828    142452        37
  145866    142490        55
  145922    142546       225
  146148    142772       136
  146285    142909        51
  146337    142961       107
  146456    143080        25
  146482    143106        37
  146520    143144        26
  146547    143171        52
  146600    143224       135
  146733    143351        94
  146828    143446       139
  146968    143586        80
  147049    143667       313
  147363    143981       221
  147585    144203        43
  147652    144252        61
  147684    144308        34
  147719    144343       128
  147848    144472        61
  147926    144544        48
  147975    144593       133
  148109    144727        30
  148140    144758       229
  148368    144995        29
  148410    145037       136
  148547    145174        34
  148582    145209       124
  148707    145334        49
  148760    145387        42
  148803    145430        24
  148828    145455        23
  148852    145479       210
  149062    145701        83
  149146    145785       168
  149315    145954        76
  149400    146039        62
  149463    146102        35
  149517    146156       168
  149703    146342        62
  149766    146405       125
  149892    146531        93
  149986    146625        86
  150073    146712        30
  150109    146748        83
  150193    146832        87
  150262    146919        48
  150311    146968       108
  150420    147077        22
  150443    147100       196
  150640    147297        93
  150734    147391        22
  150757    147414        47
  150819    147476       161
  150981    147638        31
  150995     89630        50
  151028    147685        72
  151101    147758        57
  151159    147816        76
  151236    147893        77
  151314    147971       168
  151517    148156        66
  151584    148223       117
  151708    148347       238
  151958    148597        63
  152022    148661       113
  152136    148775        26
  152163    148802        69
  152240    148879        53
  152294    148933       138
  152441    149080       178
  152620    149259        59
  152679    149306       102
  152792    149419       383
  153176    149803        35
  153228    149843        59
  153288    149903       256
  153545    150160       219
  153809    150424       195
  154005    150620        55
  154056    150670        47
  154104    150718       104
  154209    150823        94
  154277    150915        64
  154342    150980        23
  154366    151004       453
  154857    151495       173
  155039    151677        34
  155074    151712        30
  155105    151743       175
  155293    151931        83
  155379    152050        30
  155443    152116        25
  155469    152142        57
  155527    152200        22
