> gi|148668026|gb|EF380353.1|
     188       138        32
     233       183        23
     263       213        26
     392       342        35
     483       433        43
     536       486        26
     581       531        29
     629       579        20
     668       618        23
     692       642        20
     740       690        41
     782       732        35
     818       768        20
     854       804        56
     914       864        23
     938       888        20
     962       912        26
     989       939        32
    1049       999        26
    1076      1026        50
    1142      1092        58
    1216      1162        33
    1452      1376        44
    1530      1454        22
    1941      1857        39
    2018      1934        24
    2836      2758        25
    2876      2798        26
    3354      3253        30
    3923      3703        22
    4094      3877        32
    4205      3986        41
    4632    117883        22
    6938      5616        34
    7161      5842        23
    7507      6179        38
    7824      6462        21
    8047      6669        50
    8283      6899        29
    8345      6961        20
    8481      7160        23
    8976      7998        28
    9142      8156        20
    9462      8475        30
    9629      8707        22
    9658      8736        23
    9700      8778        63
    9906      8996        77
   10268      9342        21
   10404      9478        32
   10476      9550        29
   10506      9580        32
   10584      9658        20
   10629      9703        20
   10662      9736        23
   10701      9775        38
   10800      9874        44
   10848      9922        22
   10929     10003        20
   10953     10027        20
   11001     10075        20
   11022     10096        47
   11082     10156        38
   11133     10207        20
   11223     10297        38
   11286     10360        35
   11361     10435        20
   11427     10501        32
   11502     10576        24
   11607     10681        20
   11889     10963        24
   11929     11003        20
   12079     11153        28
   12108     11182        34
   12168     11248        30
   12199     11279        25
   12369     11449        24
   12833     11937        21
   12883     11982        25
   13012     12131        21
   13034     12153        42
   13089     12208        39
   13202     12324        23
   13410     12622        20
   13437     12649        41
   13479     12691        23
   13536     12748        53
   14228     13654        29
   14306     13732        23
   14330     13756        26
   14357     13783        29
   14420     13846        23
   14492     13918        62
   14569     13995        24
   14594     14020        35
   14691     14117        37
   14733     14159        61
   14795     14221        29
   14837     14263        38
   14891     14317        48
   14942     14368        20
   14964     14394        20
   15302     14679        23
   15332     14709        22
   15461     14838        31
   15643     15020        21
   15732     15109        34
   15770     15147        29
   15800     15177        20
   15845     15222        20
   15881     15258        23
   15910     15287        20
   16211     15602        25
   16237     15628        21
   16349     15740        35
   16385     15776        20
   16406     15797        26
   16438     15829        50
   16491     15882        31
   16587     15978        34
   16622     16013        29
   16652     16043        29
   16682     16073        20
   16707     16098        37
   16864     16255        21
   16886     16277        24
   17044     16435        22
   17105     16502        23
   17189     16586        24
   17214     16611        24
   17480     16862        23
   17843     17228        26
   17926     17311        21
   17948     17333        26
   18142     17530        21
   18256     17638        23
   18373     17746        20
   18398     17771        20
   18476     17849        22
   18723     18102        26
   18814     18199        21
   18867     18252        32
   19027     18412        23
   19074     18459        21
   19283     18668        55
   19436     18821        26
   19541     18926        50
   19630     19015        32
   19663     19048        30
   19694     19079        44
   19739     19124        20
   19793     19178        41
   19841     19226        20
   19943     19328        81
   20097     19482        31
   20179     19564        25
   20205     19590        25
   20253     19638        34
   20530     19903        29
   20671     20044        26
   20716     20089        29
   20756     20129        26
   20866     20245        27
   20895     20274        25
   20960     20339        29
   20990     20369        20
   21014     20393        25
   21041     20420        32
   21122     20501        38
   21338     20717        30
   21395     20774        20
   21422     20801        20
   21443     20822        20
   21464     20843        33
   21588     20967        46
   21638     21017        37
   21686     21065        26
   21713     21092        23
   21798     21177        32
   21863     21248        26
   21909     21294        28
   22004     21389        35
   22040     21425        29
   22081     21466        35
   22146     21518        39
   22412     21718        39
   22529     21832        27
   22736     22043        23
   22894     22196        23
   22969     22271        39
   23044     22346        23
   23125     22427        20
   23167     22469        26
   23299     22601        69
   23415     22717        20
   23438     22740        33
   23535     22837       100
   23658     22960        35
   23706     23008        26
   23754     23056        27
   23787     23089        35
   23826     23128        31
   23901     23203        30
   23955     23257        23
   24048     23350        29
   24117     23419        38
   24156     23458        21
   24213     23515        32
   24375     23677        26
   24402     23704        29
   24462     23764        32
   24495     23797        26
   24527     23829        24
   24586     23888        24
   24624     23926        27
   24716     24018        27
   24744     24046        29
   24783     24085        23
   24807     24109        20
   24939     24241        29
   24999     24301        26
   25026     24328        25
   25122     24424        48
   25227     24529        22
   25275     24577        29
   25314     24616        26
   25344     24646        35
   25446     24748        32
   25503     24805        25
   25534     24836        25
   25560     24862        21
   25587     24889        38
   25632     24934        24
   25807     25109        46
   25854     25156        20
   25875     25177        35
   25911     25213        38
   25962     25264        52
   26035     25337        28
   26088     25390        24
   26145     25447        23
   26340     25642        62
   26403     25705        51
   26501     25803        30
   26688     25975        24
   27297     26645        21
   27349     26699        25
   27766     27011        20
   28033     27128        58
   30653     29680        20
   31148     30108        75
   31518     30536        34
   31553     30571        57
   31669     30692        60
   31767     30789        20
   32922     31522        90
   33244     31897        21
   33322     31975        22
   33650     32325        20
   33901     32600        53
   33968     32667        45
   34047     32746        35
   34083     32782        53
   34137     32836        32
   34203     32902        50
   34269     32968        38
   34383     33082        47
   34467     33166        26
   34497     33196        47
   34638     33337        47
   34686     33385        72
   34767     33466        27
   34806     33505        29
   34839     33538        23
   34881     33580        29
   34911     33610        23
   34935     33634        86
   35041     33740        29
   35089     33788        20
   35116     33815        74
   35281     33980        20
   35314     34013        20
   35335     34034        20
   35365     34064        68
   35464     34163        26
   35530     34229        44
   35578     34277        20
   35617     34316        41
   35719     34418        50
   35786     34485        40
   35926     34625        26
   35959     34658        20
   35983     34682        23
   36007     34706        26
   36049     34748        33
   36106     34805        20
   36151     34850        29
   36229     34928        26
   36256     34955        38
   36313     35012        77
   36529     35214        22
   36561     35246        24
   36586     35271        26
   36594      6962        21
   36825     35633        57
   36891     35699        33
   36967     35775        32
   37032     35848        28
   37224     36036        32
   37239     36067        24
   37321     36147        45
   37565     36318        22
   37572     65253        21
   37591     36344        48
   37684     36432        38
   37913     36657        29
   38004     36748        23
   38084     36828        40
   38248     36954        21
   38276     36982        20
   38297     37003        53
   38351     37057        27
   38390     37096        32
   38423     37129        29
   38453     37159        47
   38501     37207        23
   38525     37231        56
   38582     37288       127
   38710     37416        27
   38747     37453        23
   38777     37483        23
   38801     37507        22
   38837     37543        35
   38936     37642        31
   39013     37719        33
   39056     37762        32
   39101     37807        26
   39128     37834        26
   39185     37891        20
   39223     37929        24
   39290     37996       164
   39488     40423        20
   39506     38212        20
   39527     38233        29
   39566     38272        29
   39623     38329        26
   39650     38356        20
   39671     38377        20
   39718     38424        21
   39820     38526        27
   39889     38595        21
   39911     38617        26
   40030     38736        30
   40062     38768        43
   40163     38869        53
   40217     38923        71
   40313     39019        29
   40343     39049        35
   40379     39085        65
   40479     39184        89
   40581     39286        20
   40602     39307        37
   40640     39345        36
   40677     39382        95
   40773     39478        29
   40809     39514        32
   40875     39580        20
   40914     39619        53
   40980     39685        20
   41022     39727        62
   41115     39820        23
   41209     39914        49
   41273     39978        29
   41312     40017        36
   41382     40087        22
   41426     40131        24
   41451     40156        62
   41514     40219        20
   41553     40258        26
   41580     40285        74
   41655     40360        23
   41682     40387        23
   41841     40546        23
   41880     40585        26
   41907     40612        20
   41939     40644        21
   41961     40666        20
   41995     40700        67
   42102     40807        23
   42165     40870        26
   42192     40897        26
   42219     40924        23
   42261     40966        21
   42288     40993        35
   42360     41065        35
   42429     41134        32
   42471     41176        29
   42549     41254        35
   42585     41290        32
   42621     41326        34
   42693     41398        20
   42723     41428        34
   42814     41524        22
   42853     41563        26
   42908     41618        20
   43400     42078        26
   43448     42126        20
   43566     42244        35
   43757     42430        30
   43862     42526        23
   43911     42577        20
   44294     42962        39
   44382     43050        32
   44415     43083        46
   44466     43134        29
   44520     43188        23
   44549     43217        21
   44687     43344        30
   44958     43607        27
   45250     43897        26
   45277     43924        92
   45713     44304        49
   45763     44354        32
   46087     44685        30
   46297     44895        42
   46349     44947        20
   46377     44975        22
   46412     45010        31
   46455     45053        31
   46508     45106        35
   46619     45217        26
   46652     45250        42
   47075     45665        58
   47408     46240        24
   47729     46534        41
   47771     46576        31
   47803     46608        29
   47836     46641        27
   47902     46744        41
   48544     47054        23
   48590     47100        21
   48631     47141        33
   49017     47324        47
   49065     47372        32
   49620     48172        21
   49662     48214        26
   49812     48364        76
   49889     48441        21
   49924     48476        25
   50241     48824        26
   50350     48932        31
   50407     48989        32
   50446     49028        38
   50604     49214        20
   50631     49241        20
   50652     49262        44
   50861     49471        24
   50891     49501        38
   50954     49564        74
   51133     49743        33
   51841     50808        51
   51899     50866        72
   51972     50939        20
   52446     51425        57
   52672     51630        20
   52693     51651        31
   52725     51683        29
   52786     51744        20
   52967     51901        30
   53016     51950        59
   53104     52038        30
   53187     52121        26
   53256     52190        20
   53304     52238        40
   53361     52295        61
   53470     52404        39
   53528     52462        20
   53561     52495       104
   53667     52601        25
   53708     52642        23
   53744     52678        37
   53782     52716        57
   53840     52774        29
   53888     52822        35
   53936     52870        29
   54056     52990        29
   54086     53020        20
   54110     53044        46
   54200     53134        26
   54227     53161        20
   54257     53191        38
   54368     53302        50
   54428     53362        35
   54488     53422        38
   54530     53464        28
   54568     53502        41
   54614     53548        29
   54738     53666        26
   55121     54156        34
   55569     54282        22
   55603     54316        33
   55812     54502        21
   55855     54545        20
   55884     54574        42
   56002     54692        77
   56101     54791        41
   56179     54869        26
   56239     54929        26
   56272     54962        26
   56332     55022        20
   56437     55127        26
   56464     55154        23
   56542     55232        26
   56600     55290        28
   56641     55331        26
   56680     55370       101
   56833     55523        53
   56896     55586        20
   56953     55643        29
   56986     55676        23
   57037     55727        23
   57094     55784        29
   57124     55814        20
   57678     56187        23
   58172     56640        21
   58318     56777        28
   58381     56840        24
   58571     57021        21
   58781     57255        35
   58817     57291        23
   58844     57318        39
   59069     57543        47
   59117     57591        20
   59210     57684        40
   59272     57746        21
   59321     57795        27
   59349     57823        31
   59381     57855        35
   59450     57924        26
   59968     58649        23
   60508     59075       155
   60761     59328        20
   60782     59349        29
   60895     59462        22
   60937     59504        30
   61010     59577        29
   61040     59607        26
   61809     60268        22
   61949     60408        25
   62212     60671        20
   62308     60767        30
   62339     60798        25
   62374     60833        32
   62407     60866        29
   62445     60904        21
   62476     60935        22
   62702     61172        20
   62802     61271        24
   62827     61296        32
   62869     61338        26
   62896     61365        20
   62928     61397        24
   62962     61431        35
   62998     61467        47
   63061     61530        20
   63202     61671        66
   63286     61755        29
   63406     61875        21
   63471     61940        24
   63496     61965        45
   63565     62034        29
   63608     62077        34
   63682     62151        24
   64339     63072        20
   64426     63159        31
   64487     63228        79
   64590     63326        35
   64626     63362        32
   64659     63395        23
   64708     63444        44
   64786     63522        57
   64860     63596        28
   64919     63655        23
   64943     63679        20
   64988     63724        68
   65057     63793        55
   65240     63981        26
   65956     64520        20
   66175     64706        21
   66231     64768        61
   66294     64831        31
   66329     64866        22
   66365     64902        21
   66468     65006        29
   66498     65036        55
   66701     65240        28
   66730     65269        54
   67123     65646        21
   67213     65736        23
   67891     66215        25
   67989     66313        25
   68295     66604        35
   68365     66674        32
   68398     66707        31
   68445     66754        67
   68554     66863        21
   68880     79632        20
   68954     67170        26
   68993     67209        24
   69141     67357        40
   69188     67404        20
   69213     67429        29
   69243     67459        23
   69281     67492        24
   69573     67783        21
   69773     67951        22
   70017     68189        65
   70083     68255        21
   70116     68288        20
   70189     68350        22
   70303     68480        26
   70330     68507        36
   70405     68582        23
   70498     68675        42
   70758     68917        29
   71107     69245        21
   71192     69323        34
   71227     69358        23
   71305     69436        32
   71368     69499        21
   71418     69549        21
   71467     69598        39
   71526     69657        33
   71849     70044        21
   72380     70356        32
   72415     70391        46
   72501     70477        25
   72998     70863        30
   73070     70940        20
   73094     70964        86
   73181     71051        29
   73211     71081        26
   73262     71132        20
   73389     71259        82
   73472     71342        30
   73621     71491        27
   73676     71546        41
   73787     71657        32
   73820     71690        29
   73850     71720        44
   73904     71774        25
   73952     71822        23
   73976     71846        20
   74057     71927        20
   74087     71957        32
   74123     71993        35
   74195     72065        23
   74228     72098        20
   74304     72174        40
   74345     72215        56
   74444     72314        23
   74474     72344        26
   74501     72371        51
   74876     72627        21
   74902     72653        28
   74950     72701        44
   75151     72901        26
   75192     72942        25
   75254     73013        44
   75345     73109        23
   75515     73279        21
   75717     73437        43
   75792     73512        20
   75985     73705        23
   76077     73804        44
   76122     73849        24
   76159     73951        20
   76378     74155        23
   76441     74207        49
   76491     74257        44
   76575     74341        35
   76641     74407        41
   76692     74458        20
   76713     74479        27
   76741     74507        22
   76785     74551        23
   76842     74608        35
   76950     74716        23
   76977     74743        29
   77007     74773        26
   77034     74800        22
   77057     74823        24
   77101     74867        21
   77277     75051        27
   77435     75203        20
   77721     75449        25
   78012     75724        26
   78039     75751        21
   78096     75808        21
   78160     75872        20
   78184     75896        23
   78307     76019        26
   78334     76046        23
   78373     76085        50
   78442     76154        44
   78487     76199        47
   78783     76510        22
   78872     76599        60
   79105     76832        50
   79201     76928        41
   79251     76978        21
   79333     77060        34
   79513     77240        23
   79574     77301        54
   79651     77378        22
   79801     77513        31
   79899     77611        29
   79979     77691        31
   80049     77761        24
   80160     77872        45
   80255     77967        24
   80529     78212        31
   80682     78369        24
   80729     78416        21
   80829     78516        27
   80868     78555        32
   81006     78690        39
   81046     78730        31
   81078     78762        22
   81119     78803        59
   81248     78935        37
   81350     79037        31
   81429     79116        22
   81641     79272        26
   81703     79334        35
   81743     79374        26
   81826     79457        21
   81854     79485        29
   81917     79548        27
   81983     79614        20
   82240     79912        30
   82313     79985        20
   82349     80021        71
   82421     80093        20
   82493     80165        32
   82570     80242        54
   82624     80277        23
   83407     80955        27
   83502     81045        21
   83971     81466        28
   84058     81553        56
   84115     81610        20
   84139     81634        44
   84327     81822        21
   84373     81868        27
   84517     82012        44
   84764     82299        20
   84877     82412        25
   84903     82438        22
   85133     82562        20
   85189     82618        21
   85498     82945        24
   85532     82968        79
   85648     83052        42
   85694     83098        65
   85769     83173        59
   85829     83233        47
   85877     83281       125
   86006     83410       104
   86111     83515       135
   86262     83665        75
   86338     83741        28
   86376     83779        33
   86421     83824        44
   86466     83869        21
   86525     83928        53
   86579     83982        81
   86666     84069        28
   86695     84098       199
   86895     84298        29
   86946     84349        56
   87003     84406        39
   87061     84464        70
   87153     84556       101
   87259     84662        35
   87295     84698       134
   87430     84833        94
   87531     84934        35
   87567     84970        21
   87589     84992       184
   87794     85197        56
   87857     85260        58
   87916     85319        32
   87949     85352        51
   88001     85404       102
   88104     85507        34
   88140     85543        36
   88177     85580        41
   88249     85652        57
   88335     85738        81
   88427     85830        21
   88449     85852        26
   88476     85879        36
   88513     85916        62
   88585     85988        24
   88626     86029        53
   88680     86083        62
   88793     86196        93
   88887     86290        43
   88996     86378        52
   89049     86431        92
   89174     86556        60
   89247     86629        65
   89321     86703        29
   89362     86744        50
   89413     86795        20
   89425    148531        35
   89490     86872        37
   89622     86935        40
   89666     86979        33
   89707     87020        65
   89810     87123        20
   89831     87144        24
   89868     87181        69
   89961     87274        89
   90051     87364        43
   90095     87408        22
   90165     87472        69
   90285     87583        66
   90367     87665        37
   90398     87738        22
   90421     87761        63
   90504     87844        26
   90537     87877        94
   90640     87980        57
   90698     88038        31
   90742     88082        25
   90768     88108        80
   90859     88199        63
   90973     88313        34
   91079     88410        46
   91156     88487        27
   91196     88527        35
   91248     88579        65
   91343     88674        31
   91379     88710        29
   91408     88751        38
   91447     88790        28
   91476     88819        21
   91498     88841        21
   91527     88870        24
   91598     88947        40
   91641     88990        20
   91668     89020        34
   91711     89063        43
   91764     89116        49
   91814     89166        26
   91841     89193        42
   91903     89255        20
   91930     89282        20
   91961     89313        72
   92085     89437        21
   92101     89462        27
   92129     89490        22
   92152     89513        73
   92259     89620        27
   92287     89648        43
   92331     89692        30
   92362     89723        48
   92416     89777        20
   92443     89804        52
   92496     89857        48
   92572     89924        46
   92623     89975        25
   92660     90012        91
   92752     90104        22
   92812     90149        63
   92886     90223        66
   92956     90293        26
   92983     90320        50
   93039     90376        48
   93108     90445        30
   93149     90486        41
   93204     90541        22
   93227     90564        24
   93252     90589        37
   93312     90649        39
   93376     90713        45
   93438     90775        57
   93523     90860        37
   93561     90898        29
   93591     90928        33
   93646     90989        56
   93711     91039        25
   93743     91065        22
   93766     91088        37
   93821     91134        49
   93878     91191        39
   93927     91246        61
   94015     91334        32
   94070     91389        63
   94134     91453        51
   94187     91506        24
   94226     91545        20
   94247     91566        61
   94309     91628        98
   94408     91727       140
   94549     91868        49
   94605     91924        21
   94641     91960        23
   94665     91984        26
   94715     92060        26
   94748     92098        37
   94870     92236        28
   94948     92314        22
   94987     92353        48
   95036     92402        27
   95069     92435        36
   95109     92477        30
   95141     92509        38
   95180     92548        24
   95206     92574        35
   95398     92647        32
   95459     92719        40
   95499     92764        30
   95543     92808        34
   95578     92843        75
   95660     92925        31
   95723     92971        25
   95748     92991        26
   95877     93116        24
   95915     93154        60
   95976     93215        47
   96054     93293        56
   96140     93386        23
   96181     93427        66
   96248     93494        62
   96311     93557        46
   96358     93604        69
   96428     93674        20
   96449     93695        25
   96475     93721        21
   96512     93758        24
   96545     93791       118
   96664     93910        42
   96707     93953        26
   96734     93980        38
   96787     94033        47
   96852     94098       164
   97056     94302       134
   97191     94437        71
   97263     94509        47
   97319     94565        27
   97347     94593        64
   97410     94657        29
   97441     94687        68
   97537     94783        94
   97632     94878        31
   97664     94910        77
   97742     94988        42
   97785     95031        32
   97835     95081        51
   97887     95133        55
   97943     95189        31
   97982     95228       218
   98201     95447        27
   98229     95475       109
   98339     95585        23
   98363     95609        24
   98392     95637        60
   98453     95698        68
   98538     95787        51
   98614     95862        40
   98657     95905        64
   98730     95969        34
   98765     96004        47
   98831     96070        33
   98866     96105        24
   98891     96130        35
   98927     96166       157
   99085     96324       165
   99256     96495        20
   99294     96533        21
   99319     96558        60
   99402     96646        32
   99433     96671        28
   99462     96700        48
   99511     96749        28
   99545     96775        26
   99572     96802        47
   99681     96911        57
   99749     96979        55
   99805     97035        62
   99868     97098        32
   99901     97131        23
   99934     97164        42
   99977     97207       129
  100107     97337        37
  100145     97375        55
  100201     97431        20
  100222     97452        21
  100260     97490        34
  100328     97558        23
  100393     97631        21
  100425     97663        53
  100570     97936        23
  100621     97980        24
  100711     98067        25
  100748     98104        32
  100781     98137        30
  100812     98173        29
  100844     98205        21
  100867     98235        27
  101014     98261        28
  101084     98336        35
  101125     98377        29
  101161     98414        28
  101208     98456        31
  101274     98522        24
  101296     98538        35
  101382     98645        23
  101450     98703        24
  101486     98736        23
  101512     98767        26
  101722     98912        23
  101765     98962        23
  101812     99009        50
  101863     99060        85
  101981     99178        20
  102016     99208        45
  102062     99254        29
  102144     99330       139
  102284     99470       166
  102451     99637       268
  102727     99913       420
  103157    100343       212
  103370    100556        45
  103420    100607        40
  103461    100648       138
  103600    100787        88
  103688    100869        33
  103722    100903        23
  103746    100927        62
  103809    100990        23
  103918    101099        34
  103955    101136        31
  103987    101168        57
  104045    101226        25
  104085    101266       114
  104206    101387        45
  104256    101437        28
  104285    101466        36
  104344    101525        51
  104406    101587        25
  104491    101676        25
  104511    101701        23
  104535    101725        34
  104629    101823        33
  104663    101857        23
  104686    101882        40
  104764    101968        49
  104838    102042        44
  104885    102088       108
  104994    102197        23
  105028    102231       134
  105163    102366        33
  105197    102400        44
  105242    102445        74
  105339    102542       120
  105473    102676        65
  105539    102742        20
  105560    102763        43
  105608    102819        24
  105673    102883        30
  105721    102931        64
  105789    103000        30
  105840    103051        94
  105962    103173        58
  106026    103237       151
  106178    103389       141
  106332    103543        40
  106373    103584       221
  106595    103806        66
  106669    103880       222
  106892    104103        84
  106999    104214       474
  107474    104689        66
  107551    104771       109
  107661    104881       124
  107789    105010       127
  107924    105145       263
  108194    105416        64
  108259    105481        60
  108334    105556        45
  108385    105607       370
  108756    105978       131
  108888    106110        42
  108931    106153       168
  109207    106488        88
  109301    106582        50
  109476    106778        25
  109502    106804        28
  109531    106833        25
  109557    106859        93
  109786    107154        29
  109816    107184        29
  109846    107214        20
  109860    107234        23
  109884    107258        47
  110017    107430        27
  110061    107469        34
  110130    107543       160
  110291    107704        53
  110345    107758        48
  110412    107825        25
  110486    107880        20
  110507    107901        34
  110551    107945        22
  110590    107984        21
  110620    108014        77
  110698    108092        39
  110738    108132        73
  110959    108365        23
  111001    108407        24
  111041    108447        35
  111095    108501        24
  111138    108544        41
  111180    108586        30
  111217    108623        30
  111276    108676        27
  129659    127183        73
  129733    127257        39
  129773    127297        77
  129859    127383        21
  129897    127421        22
  129929    127453        34
  129964    127488        20
  130033    127538        25
  130077    127582        48
  130126    127631        53
  130180    127685       160
  130375    127885        34
  130426    127931        27
  130539    128083        47
  130587    128131        23
  130604    128154        20
  130625    128175        29
  130655    128205        29
  130820    128436        93
  130914    128530        25
  130940    128556        28
  130969    128585        25
  131119    128756        50
  131175    128812        88
  131371    129067       168
  131540    129236        42
  131583    129279       131
  131715    129411       370
  132091    129787        45
  132151    129847        60
  132212    129908        64
  132283    129980       263
  132554    130251       127
  132685    130383       124
  132810    130508       109
  132930    130633        66
  132997    130700       474
  133494    131201        84
  133579    131286       222
  133809    131516        66
  133876    131583       221
  134098    131805        40
  134151    131858       141
  134293    132000       151
  134450    132157        58
  134536    132243        94
  134651    132358        30
  134685    132393        64
  134767    132475        30
  134838    132545        24
  134867    132582        43
  134911    132626        20
  134932    132647        65
  135011    132726       120
  135154    132869        74
  135229    132944        44
  135274    132989        33
  135308    133023       134
  135453    133168        23
  135477    133192       108
  135588    133302        44
  135657    133371        49
  135744    133466        40
  135784    133508        23
  135808    133532        33
  135901    133629        34
  135936    133664        23
  135954    133687        25
  136039    133776        25
  136075    133812        51
  136149    133886        36
  136186    133923        28
  136219    133956        45
  136271    134008       114
  136400    134137        25
  136426    134163        57
  136484    134221        31
  136518    134255        34
  136638    134375        23
  136662    134399        62
  136725    134462        23
  136749    134486        33
  136782    134513        88
  136871    134602       138
  137010    134741        40
  137055    134787        45
  137101    134833       212
  137323    135055       420
  137751    135483       268
  138020    135752       166
  138187    135919       139
  138379    136105        29
  138409    136135        45
  138469    136190        20
  138522    136243        85
  138608    136329        50
  138682    136403        23
  138725    136453        23
  138932    136595        26
  138961    136629        23
  138996    136661        24
  139065    136720        23
  139139    136815        35
  139172    136842        24
  139231    136901        31
  139281    136946        28
  139316    136982        29
  139351    137017        35
  139428    137099        28
  139576    137126        27
  139605    137162        21
  139629    137186        29
  139659    137221        30
  139690    137252        32
  139734    137296        25
  139825    137384        24
  139877    137429        23
  139992    137672        53
  140056    137736        21
  140119    137807        23
  140176    137864        34
  140227    137915        21
  140249    137937        20
  140270    137958        55
  140326    138014        37
  140364    138052       129
  140494    138182        42
  140546    138234        23
  140570    138258        32
  140603    138291        62
  140666    138354        55
  140732    138420        57
  140851    138539        47
  140899    138587        26
  140931    138611        28
  140960    138640        48
  141009    138689        28
  141036    138710        32
  141091    138770        60
  141155    138834        21
  141194    138873        20
  141220    138899       165
  141386    139065       157
  141544    139223        35
  141580    139259        24
  141606    139285        33
  141658    139337        47
  141706    139385        34
  141749    139419        64
  141816    139486        40
  141881    139550        51
  141949    139622        68
  142018    139691        60
  142083    139755        24
  142108    139780        23
  142132    139804       109
  142242    139914        27
  142270    139942       218
  142496    140168        31
  142528    140200        55
  142584    140256        51
  142653    140325        32
  142686    140358        42
  142729    140401        77
  142807    140479        31
  142839    140511        94
  142961    140633        68
  143031    140702        29
  143059    140731        64
  143124    140796        27
  143160    140832        47
  143208    140880        71
  143280    140952       134
  143454    141126       164
  143636    141308        47
  143698    141370        38
  143737    141409        26
  143764    141436        42
  143807    141479       118
  143934    141606        24
  143974    141646        21
  143996    141668        25
  144022    141694        20
  144043    141715        69
  144113    141785        46
  144160    141832        62
  144223    141895        66
  144307    141979        23
  144360    142039        56
  144447    142126        47
  144495    142174        60
  144569    142248        24
  144696    142371        26
  144722    142392        25
  144779    142432        31
  144817    142470        75
  144893    142546        34
  144941    142594        30
  144971    142629        40
  145040    142709        32
  145229    142779        35
  145266    142816        24
  145291    142841        38
  145331    142881        30
  145365    142917        36
  145407    142959        27
  145435    142987        48
  145500    143052        22
  145572    143124        28
  145685    143253        37
  145729    143302        26
  145779    143378        26
  145806    143405        23
  145844    143443        21
  145872    143471        49
  145922    143521       140
  146063    143662        98
  146162    143761        61
  146224    143823        20
  146259    143858        24
  146285    143884        51
  146337    143936        63
  146423    144022        32
  146482    144081        61
  146553    144158        39
  146600    144205        49
  146667    144263        37
  146705    144301        22
  146734    144324        25
  146768    144343        56
  146846    144427        33
  146880    144461        29
  146910    144491        37
  146975    144556        57
  147049    144630        45
  147119    144700        39
  147181    144762        37
  147219    144800        24
  147244    144825        22
  147280    144861        41
  147332    144913        30
  147383    144964        48
  147437    145018        50
  147488    145069        26
  147518    145099        66
  147595    145176        63
  147696    145262        22
  147719    145285        91
  147822    145388        25
  147852    145418        46
  147926    145483        48
  147975    145532        52
  148034    145591        20
  148060    145617        48
  148109    145666        30
  148140    145697        43
  148184    145741        27
  148245    145802        73
  148319    145876        22
  148342    145899        27
  148364    145930        21
  148437    146003        72
  148520    146086        20
  148547    146113        20
  148587    146153        42
  148630    146196        26
  148657    146223        49
  148716    146282        43
  148768    146334        34
  148809    146378        20
  148832    146401        40
  148919    146494        24
  148951    146526        21
  148973    146548        21
  148995    146570        28
  149024    146599        38
  149062    146649        29
  149096    146683        31
  149157    146744        65
  149239    146826        35
  149287    146874        27
  149345    146932        46
  149463    147041        34
  149548    147126        63
  149622    147200        80
  149703    147281        25
  149741    147319        31
  149773    147351        57
  149839    147417        94
  149940    147518        26
  149986    147564        63
  150050    147628        22
  150066    147686        37
  150119    147739        66
  150236    147847        69
  150353    147958        22
  150376    147981        43
  150420    148025        89
  150533    148138        69
  150615    148220        24
  150640    148245        20
  150698    148303        65
  150771    148376        33
  150808    148413        40
  150943    148479        37
  151010     86822        35
  151037    148573        20
  151058    148594        50
  151120    148656        29
  151158    148694        65
  151236    148772        60
  151329    148865        92
  151422    148958        52
  151540    149055        43
  151584    149099        93
  151728    149243        62
  151791    149306        53
  151861    149376        24
  151895    149410        62
  151958    149473        36
  151995    149510        26
  152022    149537        21
  152054    149569        81
  152164    149679        57
  152252    149767        41
  152294    149809        36
  152332    149847        34
  152367    149882       102
  152470    149985        51
  152522    150037        32
  152555    150070        58
  152620    150135        56
  152697    150212       184
  152882    150397        21
  152904    150419        35
  152946    150461        94
  153041    150556       134
  153176    150691        35
  153216    150731       101
  153339    150854        70
  153428    150943        39
  153468    150983        56
  153546    151061        29
  153576    151091       199
  153776    151291        28
  153810    151325        81
  153892    151407        53
  153983    151498        21
  154005    151520        44
  154061    151576        33
  154104    151619        28
  154133    151648        75
  154224    151738       135
  154360    151874       104
  154468    151982       125
  154594    152108        47
  154642    152156        59
  154711    152225        65
  154780    152294        42
  154859    152341        79
  154948    152419        24
