> gi|85687395|gb|DQ345959.1|
     293       580        23
     404       691        53
     491       778        23
     557       844        47
     644       931        32
     752      1039        26
     788      1075        62
     869      1156        26
     950      1237        20
    1001      1288        32
    1061      1348        26
    1088      1375        29
    1118      1405        20
    1154      1441        21
    1178      1465        34
    1464      1811        51
    1556      1905        24
    1581      1930        21
    4269      4388        38
    5068      5381        41
    5110      5423        38
    5151      5464        21
    5992      6319        66
    6098      6412        24
    7017      6967        27
    7049      6999        25
    7231      7190        28
    7580      7525        42
    8114      8016        39
    8390      8212        47
    9049      9151        46
    9154      9244        20
    9381      9500        25
    9700      9851        30
    9731      9882        24
    9772      9923        64
    9979     10211        77
   10330     10466        24
   10447     10583        29
   10482     10618        27
   10510     10646        35
   10654     10790        23
   10681     10817        26
   10759     10895        35
   10796     10932        25
   10831     10967        41
   11095     11231        47
   11176     11312        20
   11209     11345        20
   11251     11387        20
   11290     11426        58
   11482     11618        41
   11533     11669        25
   11559     11695        40
   11600     11736        22
   11638     11774        26
   11680     11816        20
   11962     12104        33
   12138     12280        22
   12197     12339        32
   12245     12398        20
   12266     12419        31
   12439     12714        22
   13107     13135        30
   13159     13187        40
   13484     13938        22
   13511     13965        23
   13634     14088        20
   14256     15392        27
   14302     15438        26
   14380     15516        23
   14544     15680        21
   14576     15712        40
   14620     15756        20
   14671     15807        26
   14737     15873        20
   14809     15945        26
   14845     15981        32
   15488     16559        28
   15717     16788        21
   15815     16886        25
   15841     16912        23
   15874     16945        26
   15919     16990        20
   15941     17012        33
   16451     17526        23
   16487     17562        41
   16658     17733        38
   16736     17811        20
   16760     17835        37
   16898     17973        23
   16939     18014        21
   16970     18045        34
   18092     19182        36
   18314     19398        29
   18371     19455        41
   18889     19985        21
   19118     20214        32
   19349     20445        38
   19631     20727        28
   19738     20837        27
   19775     20874        23
   19820     20919        20
   19868     20967        26
   19910     21009        38
   19949     21048        23
   20020     21119        23
   20044     21143        33
   20186     21285        29
   20267     21366        23
   20328     21427        25
   20791     21883        29
   20996     22088        20
   21028     22120        57
   21122     22214        26
   21518     22610        20
   21638     22730        23
   21679     22771        21
   21713     22805        44
   21809     22901        20
   21872     22964        25
   22106     23198        48
   22232     23317        28
   22323     23408        20
   22500     23525        21
   22859     23893        23
   22930     23963        20
   23044     24077        29
   23119     24152        26
   23287     24320        32
   23481     24514        29
   23532     24565        27
   23613     24646        35
   23649     24682        44
   23742     24775        20
   23787     24820        29
   23860     24893        24
   23898     24931        26
   24348     25381        20
   24467     25500        28
   24540     25573        29
   24570     25603        23
   24597     25630        29
   24657     25690        37
   24793     25826        54
   24956     25989        33
   25014     26047        23
   25047     26080        50
   25127     26160        27
   25195     26228        25
   25221     26254        22
   25419     26452        21
   25518     26551        20
   25602     26635        26
   25674     26707        20
   25858     26891        23
   25908     26941        20
   25938     26971        20
   25995     27028        20
   26095     27128        37
   26151     27184        26
   26303     27336        21
   26415     27448        35
   26481     27514        44
   26758     27785        22
   28137     28914        24
   28181     28959        24
   31218     31440        58
   31588     32011        34
   31625     32048        57
   31683     32106        27
   31731     32154        27
   33021     33073        66
   34003     34560        33
   34038     34595        21
   34073     34630        29
   34112     34669        23
   34136     34693        29
   34289     34846        24
   34314     34871        37
   34358     34915        20
   34445     35002        23
   34486     35043        42
   34556     35113        35
   34619     35176        29
   34712     35269        50
   34796     35353        60
   34865     35422        27
   34898     35455        38
   34979     35536        23
   35003     35560        35
   35039     35596        80
   35121     35678        47
   35214     35771        59
   35379     35936        20
   35433     35990        20
   35454     36011        23
   35487     36044        35
   35523     36080        26
   35622     36179        35
   35676     36233        20
   35715     36272        23
   35763     36320        21
   35805     36362        33
   35916     36473        41
   35970     36527        35
   36057     36614        23
   36108     36665        23
   36159     36716        27
   36270     36827        20
   36315     36872        38
   36627     37289        22
   36658     37320        25
   36684     37346        26
   36935     37730        24
   36960     37755        20
   36989     37784        21
   37416     38655        36
   37453     38692        27
   37670     70666        21
   37687     38893        43
   37898     39097        25
   37969     39168        23
   38101     39300        24
   38395     39575        20
   38416     39596        29
   38560     39740        20
   38581     39761        44
   38626     39806        20
   38656     39836        65
   38740     39920        67
   38821     40001        20
   38878     40058        35
   38983     40163        26
   39324     40504        33
   39418     40598        20
   39439     40619        41
   39481     40661        35
   39580     40760        23
   39622     40802        32
   39670     40850        20
   39784     40964        25
   39811     40991        29
   39847     41027        23
   39982     41162        26
   40012     41192        35
   40174     41354        32
   40207     41387        20
   40261     41441        38
   40345     41525        29
   40441     41621        32
   40474     41654        50
   40554     41734       103
   40658     41838        23
   40700     41880        23
   40724     41904        26
   40751     41931        20
   40775     41955        20
   40805     41985        22
   40832     42012        38
   40964     42144        29
   40994     42174        26
   41066     42246        29
   41114     42294        20
   41165     42345        26
   41216     42396        20
   41264     42444        23
   41360     42540        25
   41401     42581        39
   41441     42621        20
   41462     42642        20
   41524     42704        21
   41549     42729        44
   41654     42834        23
   41717     42897        44
   41780     42960        23
   41843     43023        29
   42059     43239        20
   42080     43260        23
   42104     43284        20
   42245     43425        44
   42293     43473        23
   42353     43533        27
   42386     43566        32
   42419     43599        26
   42530     43710        26
   42662     43842        20
   42683     43863        32
   42719     43899        29
   42812     43992        24
   42837     44017        49
   43006     44197        20
   43564     45028        23
   43607     45071        23
   43650     45114        43
   43841     45307        28
   43904     45375        32
   44017     45468        34
   44280     45717        20
   44383     45867        27
   44411     45895        26
   44474     45958        20
   44525     46009        33
   44565     46049        22
   44594     46078        42
   44913     46383        26
   45208     46677        24
   45348     46873        26
   45386     46911        55
   45442     46967        25
   45807     47292        56
   45864     47349        29
   46334     47812        21
   46383     47861        21
   46447     47925        20
   46498     47976        23
   46552     48030        22
   46615     48093        20
   46717     48195        26
   46750     48228        23
   47156     48818        73
   47838     50247        35
   47874     50283        28
   47918     50327        22
   47942     50351        26
   48010     50449        28
   48689     50836        35
   48730     50877        33
   49113     51301        46
   49160     51348        27
   49927     52402        27
   49966     52441        22
   50021     52496        24
   50439     52925        20
   50541     53027        44
   50698     53212        21
   50723     53237        23
   50956     53474        29
   50993     53511        28
   51049     53567        23
   51073     53591        41
   51949     54695        46
   52027     54773        24
   52542     55322        39
   52582     55361        20
   52796     55584        77
   52886     55674        21
   53083     55923        28
   53167     56007        24
   53529     56369        29
   53634     56474        29
   53700     56540        50
   53757     56597        47
   53859     56699        25
   53885     56725        21
   53925     56765        41
   53991     56831        20
   54189     57029        35
   54282     57122        20
   54303     57143        20
   54324     57164        23
   54360     57200        32
   54567     57407        26
   54717     57557        23
   54747     57587        20
   55224     58235        34
   55842     58653        27
   55878     58689        45
   55998     58809        24
   56023     58834        20
   56083     58894        26
   56215     59026        68
   56374     59185        26
   56455     59266        32
   56554     59365        23
   56638     59449        20
   56722     59533        38
   56764     59575        35
   56800     59611        20
   56836     59647        20
   56951     59762        31
   57130     59941        20
   57172     59983        41
   58289     60951        20
   58552     61214        21
   58933     61631        24
   58961     61659        20
   58982     61680        20
   59186     61884        23
   59213     61911        20
   59234     61932        20
   59303     62001        23
   59327     62025        35
   59363     62061        25
   59462     62160        20
   59498     62196        23
   60575     63639        20
   60787     63850        20
   61010     64073        28
   61063     64126        23
   61090     64153        20
   62078     65412        23
   62384     65718        20
   62444     65778        20
   62546     65880        20
   62782     66121        25
   62893     66232        35
   62929     66268        29
   62959     66298        26
   63019     66358        26
   63053     66392        46
   63234     66573        25
   63331     66670        20
   63529     66868        26
   63694     67033        20
   63747     67086        20
   64486     68309        29
   64532     68362        21
   64589     68418        36
   64632     68475        60
   64702     68545        32
   64735     68578        30
   64766     68613        47
   64838     68685        63
   64918     68764        40
   65043     68889        20
   65064     68910        23
   65088     68934        26
   65115     68961        29
   65251     69082        20
   65298     69129        24
   66082     69927        20
   66242     70067        20
   66294     70119        56
   66390     70215        25
   66523     70401        36
   66576     70454        34
   66759     70653        28
   66788     70682        53
   67934     71722        20
   68349     72304        24
   68407     72362        33
   68441     72396        28
   68491     72446        52
   69007     72848        26
   69109     72950        26
   69199     73040        26
   69375     73201        24
   69558     73426        31
   69765     73592        21
   70067     73886        32
   70160     73979        20
   70377     74245        38
   70449     74317        23
   70542     74410        20
   71151     75032        20
   71253     75128        40
   71355     75230        24
   71475     75350        59
   71781     75726        29
   72430     76298        28
   73106     76791        30
   73140     76825        20
   73215     76900        20
   73257     76942        26
   73284     76969        44
   73411     77096        23
   73491     77176        29
   73521     77206        29
   73569     77254        20
   73667     77352        27
   73704     77389        20
   73725     77410        20
   73773     77458        23
   73866     77551        29
   74169     77854        20
   74190     77875        20
   74250     77935        20
   74336     78021        42
   74409     78094        32
   74527     78212        91
   74925     78463        30
   74956     78494        20
   74997     78535        37
   75046     78584        30
   75163     78699        21
   75435     78965        26
   75561     79091        30
   75763     79254        31
   76151     79678        23
   76175     79702        23
   76214     79801        20
   76477     80053        26
   76537     80113        44
   76693     80269        23
   76738     80314        20
   76831     80407        23
   76870     80446        23
   76894     80470        29
   76996     80572        23
   77318     80917        38
   78085     81629        21
   78167     81711        23
   78221     81765        32
   78419     81963        32
   78488     82032        35
   78923     82428        34
   78986     82491        25
   79381     82886        22
   79854     83352        31
   79900     83398        27
   80030     83528        20
   80222     83720        36
   80556     84033        26
   80733     84203        23
   81131     84599        23
   81323     84800        26
   81695     85103        20
   81755     85163        37
   81800     85208        26
   82339     85739        29
   82552     85952        22
   82577     85977        29
   82633     86036        32
   83702     67290        24
   84128     87469        20
   84171     87512        23
   84573     87914        39
   84816     88236        24
   85189     88527        20
   85333     88671        26
   85432     88770        20
   85774     88933        22
   85797     88956        21
   85834     88993        68
   85903     89062        26
   85970     89129        34
   86062     89221        24
   86087     89246        72
   86160     89323        57
   86266     89453        41
   86318     89505        28
   86347     89534        46
   86394     89581        28
   86433     89620        32
   86478     89666        90
   86586     89774        26
   86613     89801        23
   86637     89825        41
   86680     89868        23
   86717     89905        21
   86767     89955        58
   86827     90015       123
   86951     90139        24
   87005     90193        40
   87059     90247       100
   87160     90348        27
   87228     90416        46
   87275     90463        35
   87326     90514        24
   87351     90539        85
   87474     90662        23
   87499     90683        20
   87536     90720        26
   87595     90779        47
   87647     90831        20
   87668     90852        20
   87689     90873        46
   87754     90938        39
   87786     90990        20
   87807     91011        22
   87830     91034        61
   87919     91123        30
   87959     91163        32
   88005     91209        28
   88088     91292        28
   88118     91322        41
   88196     91400        38
   88305     91509        44
   88400     91604        34
   88435     91639        22
   88476     91680        28
   88505     91709        20
   88532     91736        20
   88641     91845        26
   88682     91886        36
   88729     91933        77
   88835     92039        32
   88889     92093        25
   88915     92119        27
   88948     92152        22
   88988     92189        21
   89105     92288        44
   89221     92404        90
   89312     92495        29
   89342     92525        26
   89385     92568        32
   89439     92622        29
   89469     92652        20
   89481    156384        35
   89546     92723        44
   89644     92818        21
   89678     92852        40
   89725     92899        30
   89769     92943        28
   89798     92972        25
   89866     93040        20
   89938     93112        40
   89979     93153        63
   90045    155855        20
   90066     93240        40
   90107     93281        25
   90133     93307        66
   90221     93401        24
   90246     93426        46
   90293     93473        23
   90341     93512        50
   90423     93594        24
   90471     93684        25
   90497     93710        41
   90631     93844        32
   90696     93909        25
   90756     93963        24
   90781     93988        42
   90824     94031        45
   90887     94094        23
   90927     94134        20
   90953     94160        25
   91048     94261        25
   91117     94330        24
   91315     94528        45
   91380     94593        26
   91426     94639        29
   91472     94697        40
   91574     94799        32
   91607     94832        21
   91663     94894        22
   91715     94946        29
   91811     95036        31
   91843     95068        26
   91870     95095        21
   91899     95124        31
   91937     95162        33
   91977     95202        30
   92008     95233        24
   92033     95258        22
   92074     95299        33
   92148     95391        57
   92206     95449        47
   92254     95497        29
   92284     95527        31
   92316     95559        61
   92378     95621        30
   92409     95652        41
   92458     95701        25
   92490     95733        24
   92543     95786        35
   92623     95857        33
   92670     95904        25
   92712     95946        40
   92799     96033        39
   92949     96228        53
   93015     96294        27
   93058     96337        22
   93086     96365        45
   93164     96443        21
   93186     96465        27
   93214     96493        36
   93335     96614        23
   93423     96702        45
   93478     96757        28
   93507     96786        40
   93550     96829        33
   93584     96863        23
   93608     96887        50
   93710     96989        39
   93758     97022        25
   93790     97048        22
   93879     97137        38
   93926     97184        38
   93974     97238        50
   94072     97336        22
   94134     97398        27
   94194     97458        38
   94273     97537        20
   94313     97577        39
   94368     97632        31
   94400     97664        32
   94433     97697        21
   94455     97719        27
   94504     97774        47
   94553     97823        35
   94596     97866        20
   94762     98057        26
   94802     98102        30
   94915     98225        30
   94978     98288        39
   95037     98358        41
   95083     98409        29
   95122     98446        21
   95227     98549        24
   95253     98575        22
   95276     98598        25
   95590     98838        94
   95685     98933        56
   95751     98999        33
   95785     99033        28
   95989     99272        33
   96036     99319        28
   96112    149668        42
   96158     99448        26
   96250     99565        22
   96277     99592        45
   96323     99638        34
   96361     99676        43
   96406     99721        68
   96475     99790        43
   96522     99837        21
   96584     99899        25
   96610     99925        44
   96665     99980        45
   96754    100069        35
   96790    100105        29
   96834    100149        47
   96899    100214        34
   96946    100261       117
   97112    100430        33
   97169    100487        57
   97238    100557        71
   97310    100629        39
   97358    100677        58
   97417    100736        41
   97457    100777        29
   97487    100807        22
   97510    100830        44
   97596    100895        31
   97628    100927        39
   97683    100982        27
   97730    101029        41
   97789    101088        42
   97832    101131        22
   97882    101181        78
   97961    101260        67
   98044    101343        52
   98097    101396       114
   98224    101523        23
   98248    101547        47
   98306    101605        76
   98413    101712        21
   98439    101737        60
   98508    101807        23
   98544    101844        44
   98599    101899        28
   98637    101937        29
   98702    102002        64
   98784    102084        27
   98812    102112        65
   98913    102213        24
   98938    102238        35
   99004    102304       124
   99129    102429       149
   99325    102620        37
   99366    102661        54
   99436    102731        45
   99480    102769        28
   99511    102800        75
   99589    102873        29
   99681    102965        22
   99728    103012        57
   99796    103080        55
   99852    103136        31
   99884    103168        30
   99915    103199        77
  100005    103289        59
  100065    103349        96
  100162    103446        64
  100242    103526        26
  100303    103587        36
  100409    103692        52
  100479    103762        29
  100548    103979        28
  100613    104042        27
  100730    104150        42
  100773    104193        21
  100795    104215        28
  100859    104283        27
  100891    104315        25
  101061    104463        26
  101130    104543        36
  101179    104592        30
  101212    104626        44
  101318    104732        24
  101349    104757        28
  101429    104847        22
  101501    104954        20
  101718    105163        51
  101913    105357        83
  102154    105586        26
  102183    105615       182
  102377    105809       121
  102499    105931       140
  102640    106072        26
  102667    106099        41
  102709    106141        58
  102775    106207       179
  102955    106387       222
  103196    106628       112
  103328    106760        89
  103418    106850        45
  103468    106901       268
  103736    107163        33
  103770    107197        23
  103820    107247        60
  103966    107391        25
  104013    107437        21
  104035    107459        57
  104093    107517        25
  104131    107555        39
  104188    107612        59
  104254    107678        24
  104333    107756        36
  104393    107821        21
  104415    107843        38
  104454    107882        41
  104539    107975        74
  104677    108118        57
  104733    108171        31
  104882    108339        43
  104926    108383        31
  104958    108415        68
  105080    108536        64
  105145    108601        65
  105211    108667        33
  105260    108714        25
  105301    108755        34
  105387    108840        26
  105414    108867        41
  105456    108909        27
  105484    108937        23
  105566    109020        20
  105607    109061        36
  105722    109180        24
  105769    109239       101
  105888    109356        51
  106010    109489        31
  106036    109520        32
  106077    109587        67
  106145    109655        35
  106181    109691        59
  106241    109751        38
  106280    109790        87
  106380    109890        20
  106424    109934       143
  106585    110095        29
  106615    110125        22
  106645    110154        64
  106717    110226        30
  106748    110257       191
  106940    110449        86
  107040    110553       270
  107337    110850        70
  107408    110921       174
  107589    111102        25
  107635    111148        37
  107673    111186        35
  107709    111222       124
  107834    111347       130
  107965    111478       175
  108141    111654        30
  108172    111685        26
  108199    111712        22
  108241    111754        65
  108307    111820        74
  108382    111895        45
  108433    111946       138
  108572    112085       148
  108721    112234        82
  108804    112317       127
  108990    112503        90
  109110    112623        37
  109179    136352        20
  109237    112844        51
  109289    112896        57
  109379    112986        23
  109510    113134        44
  109555    113179        21
  109611    113237        99
  109825    113527        67
  109944    113651        28
  110061    113815        40
  110187    113946        80
  110339    114098        53
  110393    114152        26
  110668    114408        24
  110791    114540        20
  110873    114622        22
  110934    114683        27
  110962    114711        29
  110996    114745        34
  111033    114782        21
  111089    114838        34
  111214    114981        32
  111256    115023        26
  130186    134920        26
  130213    134947        53
  130338    135072        28
  130379    135113        39
  130504    135243        40
  130633    135419        28
  130713    135504        67
  130895    135762        99
  131029    135898        21
  131051    135920        44
  131203    136089        23
  131259    136145        57
  131317    136203        51
  131406    112726        20
  131458    136438        37
  131525    136505        90
  131674    136654       127
  131802    136782        82
  131885    136865       148
  132034    137014       138
  132178    137158        45
  132224    137204        74
  132299    137279        65
  132384    137364        22
  132407    137387        26
  132434    137414        30
  132465    137445       175
  132641    137621       130
  132772    137752       124
  132897    137877        35
  132933    137913        37
  132991    137971        25
  133023    138003       174
  133198    138178        70
  133295    138275       270
  133579    138563        86
  133666    138650       191
  133858    138842        30
  133896    138880        64
  133968    138951        22
  133991    138974        29
  134038    139021       143
  134205    139188        20
  134238    139221        87
  134326    139309        38
  134365    139348        59
  134425    139408        35
  134461    139444        67
  134537    139546        32
  134564    139578        31
  134666    139691        51
  134735    139758       101
  134859    139894        24
  134962    140001        36
  135019    140058        20
  135098    140138        23
  135122    140162        27
  135150    140190        41
  135192    140232        26
  135270    140309        34
  135320    140359        25
  135361    140398        33
  135395    140432        65
  135461    140498        64
  135579    140615        68
  135648    140684        31
  135680    140716        43
  135841    140896        31
  135871    140923        57
  135992    141049        74
  136110    141175        41
  136152    141217        38
  136191    141256        21
  136236    141306        36
  136327    141396        24
  136358    141427        59
  136435    141504        39
  136487    141556        25
  136513    141582        57
  136571    141640        21
  136614    141682        25
  136725    141791        60
  136812    141878        23
  136836    141902        33
  136869    141929       268
  137142    142203        45
  137188    142249        89
  137297    142358       112
  137428    142489       222
  137651    142712       179
  137838    142899        58
  137897    142958        41
  137939    143000        26
  137966    143027       140
  138107    143168       121
  138240    143301       182
  138425    143486        26
  138609    143658        83
  138836    143884        51
  139084    144124        20
  139154    144229        22
  139228    144313        28
  139263    144342        24
  139349    144428        44
  139396    144476        30
  139439    144519        36
  139518    144609        26
  139689    144758        25
  139719    144788        27
  139782    144855        28
  139811    144884        21
  139833    144906        42
  139965    145029        27
  140029    145091        28
  140097    145307        29
  140144    145354        52
  140266    145475        36
  140337    145546        26
  140379    145588        64
  140444    145653        96
  140541    145750        59
  140613    145822        77
  140691    145900        30
  140722    145931        31
  140754    145963        55
  140820    146029        57
  140902    146111        22
  140987    146196        29
  141019    146223        75
  141097    146301        28
  141124    146322        45
  141185    146383        54
  141243    146441        37
  141327    146520       149
  141477    146670       124
  141632    146825        35
  141668    146861        24
  141728    146921        65
  141794    146987        27
  141839    147032        64
  141939    147132        29
  141978    147171        28
  142017    147210        44
  142074    147268        23
  142106    147301        60
  142171    147365        21
  142223    147417        76
  142310    147504        47
  142358    147552        23
  142394    147588       114
  142509    147703        52
  142577    147771        67
  142645    147839        78
  142751    147945        22
  142774    147968        42
  142834    148028        41
  142895    148089        27
  142938    148132        39
  142978    148172        31
  143051    148224        44
  143096    148269        22
  143119    148292        29
  143147    148321        41
  143189    148363        58
  143256    148430        39
  143296    148470        71
  143379    148554        57
  143460    148635        33
  143542    148720       117
  143672    148850        34
  143724    148902        47
  143786    148964        29
  143816    148994        35
  143895    149073        45
  143951    149129        44
  143996    149174        25
  144062    149240        21
  144087    149265        43
  144131    149309        68
  144201    149379        43
  144248    149426        34
  144283    149461        45
  144333    149511        22
  144421    149624        26
  144451     99388        42
  144541    149751        28
  144583    149793        33
  144792    150037        28
  144821    150066        33
  144864    150109        56
  144921    150166        94
  145304    150475        25
  145330    150501        22
  145354    150525        24
  145462    150631        21
  145493    150660        29
  145527    150699        41
  145588    150771        39
  145660    150843        30
  145773    150966        30
  145817    151015        26
  145989    151212        20
  146017    151240        35
  146054    151277        47
  146123    151352        27
  146151    151380        21
  146173    151402        32
  146206    151435        31
  146253    151482        39
  146312    151541        20
  146373    151602        38
  146444    151673        27
  146511    151740        22
  146581    151810        50
  146641    151876        38
  146688    151923        38
  146793    152028        22
  146822    152051        25
  146856    152070        39
  146947    152161        50
  146998    152212        23
  147022    152236        33
  147058    152272        40
  147099    152313        28
  147137    152351        45
  147247    152461        23
  147355    152569        36
  147392    152606        27
  147420    152634        21
  147474    152688        45
  147525    152739        22
  147563    152777        27
  147603    152817        53
  147767    153026        39
  147853    153112        40
  147910    153169        25
  147949    153208        33
  148027    153277        35
  148091    153341        24
  148122    153372        25
  148155    153405        41
  148197    153447        30
  148228    153478        61
  148290    153540        31
  148322    153572        29
  148352    153602        47
  148400    153650        57
  148498    153766        33
  148550    153818        22
  148573    153841        24
  148598    153866        30
  148635    153903        33
  148675    153943        31
  148714    153982        21
  148736    154004        26
  148763    154031        31
  148861    154123        29
  148920    154182        22
  148977    154245        21
  148999    154267        32
  149093    154361        40
  149150    154430        29
  149199    154479        26
  149245    154525        45
  149464    154744        24
  149532    154812        25
  149627    154913        25
  149658    154944        20
  149695    154981        23
  149736    155022        45
  149782    155068        42
  149825    155111        24
  149884    155164        25
  149942    155222        32
  150067    155347        41
  150109    155389        25
  150158    155480        24
  150214    155536        50
  150289    155602        23
  150313    155626        46
  150360    155673        24
  150406    155725        66
  150473    155792        25
  150499    155818        40
  150540     93223        20
  150563    155882        63
  150627    155946        40
  150719    156038        20
  150782    156101        25
  150808    156127        28
  150850    156169        30
  150887    156206        40
  150940    156259        21
  151015    156331        44
  151089     92679        35
  151116    156426        20
  151137    156447        29
  151188    156498        32
  151237    156547        26
  151264    156574        29
  151294    156604        90
  151456    156766        44
  151596    156888        21
  151635    156924        22
  151663    156952        27
  151691    156980        25
  151738    157027        32
  151799    157088        77
  151887    157176        36
  151938    157227        26
  152053    157342        20
  152080    157369        20
  152101    157390        28
  152148    157437        22
  152171    157460        34
  152256    157545        44
  152371    157660        38
  152446    157735        41
  152489    157778        28
  152572    157861        28
  152614    157903        32
  152656    157945        30
  152714    158003        61
  152776    158065        22
  152799    158088        20
  152812    158121        39
  152870    158179        46
  152917    158226        20
  152938    158247        20
  152963    158272        47
  153043    158352        26
  153086    158395        20
  153108    158413        23
  153169    158474        85
  153255    158560        24
  153295    158600        35
  153331    158636        46
  153418    158723        27
  153446    158751       100
  153560    158865        40
  153630    158935        24
  153655    158960       123
  153780    159085        58
  153867    159172        21
  153902    159207        23
  153927    159232        41
  153969    159274        23
  153993    159298        26
  154037    159342        90
  154140    159446        32
  154183    159489        28
  154212    159518        46
  154259    159565        28
  154298    159604        41
  154388    159718        57
  154446    159780        72
  154519    159853        24
  154601    159935        34
  154676    160010        26
  154703    160037        68
  154787    160121        21
  154809    160143        22
  154939         1        79
