> gi|442566562|gb|KC180774.1|
     318       734        20
     378       794        53
     465       881        23
     531       947        65
     618      1034        35
     696      1112        20
     726      1142        35
     762      1178        35
     798      1214        26
     885      1301        38
     924      1340        20
     948      1364        26
     975      1391        32
    1035      1451        26
    1062      1478        47
    1128      1544        21
    1152      1568        34
    1429      1859        52
    1506      1934        24
    1531      1959        20
    3067      3482        20
    4162      4438        38
    4823      5081        21
    4909      5167        26
    4936      5194        53
    5369      5667        31
    5834      6107        66
    6802      7548        30
    6833      7579        25
    7012      7772        21
    7358      8118        42
    7890      8586        20
    8157      8843        52
    8931      9779        20
    9420     10274        26
    9477     10362        28
    9508     10393        24
    9549     10434        64
    9753     10752        77
   10103     11307        24
   10250     11454        20
   10295     11499        26
   10349     11553        35
   10427     11631        23
   10454     11658        26
   10544     11748        24
   10601     11805        38
   10694     11898        20
   10814     12018        23
   10868     12072        47
   10949     12153        20
   10982     12186        20
   11057     12261        32
   11207     12411        20
   11255     12459        50
   11342     12546        22
   11411     12615        26
   11453     12657        20
   11741     12930        26
   11798     12987        30
   11906     13095        27
   11970     13159        34
   12018     13208        26
   12045     13235        25
   12656     13768        20
   12807     13916        30
   12859     13968        41
   13190     14666        20
   13211     14687        23
   13289     14765        20
   13334     14810        20
   14017     15956        41
   14062     16001        29
   14110     16049        20
   14140     16079        23
   14254     16193        23
   14353     16292        23
   14440     16379        23
   14497     16436        20
   14530     16469        26
   14567     16506        31
   14605     16544        35
   14665     16604        20
   14798     16735        20
   15365     17298        22
   15394     17327        35
   15483     17416        33
   15517     17450        27
   15545     17478        25
   15617     17550        25
   16174     18136        35
   16210     18172        22
   16330     18292        29
   16432     18394        38
   16501     18463        20
   16573     18535        29
   16614     18576        21
   16651     18613        28
   17559     19530        21
   17767     19738        23
   17887     19858        26
   18123     20082        20
   18226     20185        32
   18700     20674        20
   18793     20767        31
   18882     20856        28
   18940     20914        23
   19018     20992        50
   19160     21134        22
   19218     21192        21
   19240     21214        22
   19297     21271        35
   19450     21427        32
   19489     21466        26
   19543     21520        47
   19591     21568        53
   19695     21672        23
   19775     21752        24
   19855     21832        23
   19942     21919        23
   20473     22438        22
   20703     22674        57
   20791     22762        32
   21145     23116        20
   21166     23137        26
   21193     23164        20
   21295     23266        51
   21354     23325        30
   21388     23359        29
   21547     23518        25
   21613     23584        26
   21775     23746        21
   21799     23770        35
   21915     23881        20
   22033     23996        20
   22518     24424        25
   22709     24614        31
   22780     24685        26
   22861     24766        20
   22900     24805        26
   22948     24853        47
   23142     25047        29
   23172     25077        48
   23271     25176        20
   23292     25197        44
   23394     25299        29
   23448     25353        29
   23518     25423        43
   23562     25467        23
   23594     25499        39
   23637     25542        26
   23687     25592        24
   23847     25752        26
   23874     25779        21
   23946     25851        25
   24009     25914        20
   24128     26033        28
   24231     26136        26
   24258     26163        29
   24306     26211        37
   24344     26249        21
   24452     26357        59
   24617     26522        42
   24684     26589        50
   24735     26640        35
   24819     26724        22
   25011     26922        29
   25095     27006        20
   25151     27062        21
   25179     27090        23
   25263     27174        26
   25290     27201        21
   25335     27246        20
   25398     27309        29
   25428     27339        24
   25521     27432        21
   25543     27454        25
   25620     27531        26
   25656     27567        20
   25677     27588        21
   25756     27667        37
   25926     27837        23
   25964     27875        21
   26076     27987        35
   26112     28023        20
   26139     28050        51
   27722     29506        27
   30693     32695        54
   31056     33190        41
   31100     33234        67
   31206     33340        27
   31234     33368        41
   32509     34291        67
   33502     35734        60
   33576     35808        29
   33618     35850        20
   33684     35916        20
   33705     35937        32
   33792     36024        24
   33817     36049        37
   33861     36093        26
   33909     36141        26
   33948     36180        29
   33989     36221        42
   34059     36291        26
   34086     36318        35
   34122     36354        29
   34215     36447        56
   34299     36531        60
   34371     36603        24
   34401     36633        38
   34455     36687        35
   34491     36723        50
   34542     36774        80
   34623     36855        48
   34717     36949        59
   34936     37168        20
   34993     37225        32
   35053     37285        27
   35092     37324        29
   35125     37357        47
   35179     37411        29
   35209     37441        32
   35266     37498        26
   35308     37540        26
   35419     37651        32
   35611     37843        23
   35644     37876        23
   35728     37960        41
   35794     38026        62
   35941     38173        23
   36130     38454        22
   36161     38485        25
   36195      8876        21
   36463     38907        20
   36484     38928        45
   36546     38990        57
   36613     39057        20
   36909     39937        36
   36946     39974        27
   37096     71232        21
   37100     40181        57
   37315     40400        25
   37429     40514        23
   37518     40603        24
   37788     40853        20
   37839     40904        26
   37866     40931        20
   37938     41003        29
   37986     41051        53
   38043     41108        20
   38064     41129        34
   38099     41164        39
   38151     41216        20
   38172     41237        38
   38225     41290        36
   38262     41327        20
   38295     41360        47
   38352     41417        23
   38451     41516        29
   38523     41588        20
   38571     41636        38
   38625     41690        26
   38738     41803        36
   38796     41861        20
   38835     41900        62
   38898     41963        35
   38949     42014        23
   39036     42101        35
   39081     42146        46
   39131     44420        30
   39201     42266        25
   39228     42293        27
   39429     42494        47
   39594     42659        47
   39678     42743        53
   39749     42814        42
   39858     42923        23
   39897     42962        62
   39971     43036        61
   40033     43098        65
   40117     43182        23
   40141     43206        26
   40168     43233        20
   40192     43257        20
   40249     43314        41
   40291     43356        23
   40411     43476        23
   40441     43506        32
   40483     43548        23
   40528     43593        38
   40585     43650        23
   40633     43698        20
   40818     43883        24
   40879     43944        20
   40941     44006        21
   40966     44031        44
   41071     44136        23
   41134     44199        44
   41197     44262        35
   41476     44541        20
   41497     44562        53
   41578     44643        26
   41617     44682        31
   41662     44727        32
   41710     44775        38
   41761     44826        36
   41809     44874        26
   41836     44901        26
   41944     45009        29
   41986     45051        29
   42019     45084        23
   42043     45108        27
   42079     45144        56
   42136     45201        26
   42254     45319        31
   42423     45479        20
   42636     15613        22
   42958     46130        35
   42994     46166        29
   43048     46220        20
   43080     46252        44
   43341     46487        24
   43438     46563        44
   43592     46714        28
   43706     46823        24
   43761     46888        21
   43813     46951        27
   43841     46979        29
   43892     47030        20
   43943     47081        20
   43964     47102        24
   43995     47133        28
   44024     47162        43
   44077     47214        38
   44780     47936        37
   44818     47974        55
   44874     48030        25
   44995     48153        20
   45486     48906        53
   45540     48960        32
   46136     49541        20
   46193     49598        23
   46301     49706        23
   46331     49736        23
   46439     49844        23
   46815     50075        73
   47457     51437        39
   47497     51477        28
   47541     51521        22
   47571     51551        20
   47633     51626        23
   48275     51878        23
   48343     51946        21
   48370     51973        33
   48771     52188        26
   48798     52215        27
   49387     53117        29
   49479     53209        24
   49596     53326        22
   49651     53381        24
   49920     53621        37
   50147     53847        23
   50237     53937        23
   50282     53982        23
   50306     54006        23
   50357     54057        20
   50381     54081        23
   50614     54312        24
   50707     54405        23
   50731     54429        41
   50812     54510        23
   51570     55172        49
   51749     55348        32
   52174     55790        60
   52419     56032        29
   52449     56062        47
   52502     56114        23
   52691     56396        43
   52790     56495        20
   52861     56566        21
   53045     56750        25
   53110     56815        20
   53161     56866        20
   53266     56971        35
   53320     57025        57
   53398     57103        29
   53515     57220        44
   53566     57271        23
   53614     57319        20
   53650     57355        26
   53812     57517        20
   53905     57610        20
   53926     57631        35
   53992     57697        23
   54016     57721        26
   54154     57859        26
   54253     57958        26
   54307     58012        28
   54340     58045        23
   54427     58132        26
   54627     58329        25
   54859     58740        27
   55563     59022        23
   55592     59051        45
   55716     59175        41
   55797     59256        35
   55929     59388        35
   55965     59424        32
   56073     59532        20
   56118     59577        29
   56169     59628        29
   56241     59700        26
   56268     59727        23
   56382     59841        50
   56445     59904        29
   56478     59937        26
   56505     59964        41
   56665     60124        31
   56844     60303        20
   56901     60360        38
   58618     61919        23
   58681     61982        30
   58903     62204        26
   58930     62231        23
   58954     62255        20
   59050     62351        30
   59081     62382        22
   59109     62410        36
   59224     62525        29
   59287     62588        26
   59800     63433        25
   59882     63518        21
   60323     63967        20
   60355     63994        30
   60423     64062        28
   60529     64168        23
   60656     64295        24
   60758     64397        27
   60811     64450        23
   60856     64495        26
   60886     64525        23
   62003     65922        20
   62129     66048        25
   62296     66215        20
   62534     66440        25
   62645     66551        26
   62681     66587        20
   62711     66617        47
   62771     66677        54
   62828     66734        25
   62986     66892        25
   63081     66987        28
   63110     67016        29
   63146     67052        33
   63256     67162        21
   64538     68468        22
   64563     68493        29
   64713     68672        56
   64779     68738        32
   64847     68806        55
   64930     68889        47
   64995     68953        27
   65120     69078        44
   65192     69150        29
   65222     69180        27
   65375     69328        23
   66152     70526        22
   66358     70716        28
   66387     70745        27
   66417     70775        32
   66587     70953        51
   66639     71005        35
   66822     71219        28
   66851     71248        53
   67977     72173        29
   68081     72283        32
   68350     72581        21
   68392     72623        24
   68434     72665        49
   68484     72715        32
   68534     72765        64
   69064     73275        20
   69130     73341        36
   69227     73438        20
   69400     73615        24
   69855     74083        20
   70081     74286        54
   70180     74385        21
   70395     74609        58
   70467     74681        24
   70883     75082        20
   71168     75343        20
   71249     75411        49
   71317     75479        29
   71370     75532        24
   71503     75665        46
   71762     75985        25
   71797     76025        31
   72451     76584        31
   72484     76617        20
   72908     76860        22
   73129     77060        46
   73200     77131        27
   73248     77179        23
   73293     77224        26
   73320     77251        44
   73447     77378        23
   73471     77402        28
   73527     77458        23
   73557     77488        20
   73605     77536        20
   73704     77635        26
   73740     77671        23
   73788     77719        20
   73854     77785        23
   73896     77827        35
   73935     77866        29
   73986     77917        23
   74040     77971        20
   74139     78070        26
   74182     78113        22
   74205     78136        20
   74307     78238        20
   74372     78303        54
   74445     78376        32
   74556     78487        35
   74595     78526        59
   74655     78586        20
   74956     78705        20
   74997     78746        58
   75113     78865        23
   75163     78915        21
   75230     78982        30
   75320     79067        24
   75431     79177        21
   75528     79274        29
   75772     79476        21
   76222     79987        20
   76487     80237        24
   76545     80295        47
   76623     80373        29
   76701     80451        23
   76728     80478        38
   76795     80545        22
   76866     80616        23
   76896     80646        21
   77031     80781        29
   77111     80861        24
   77155     80905        20
   77326     81083        38
   77518     81278        25
   77884     81553        22
   78117     81781        26
   78144     81808        21
   78223     81887        41
   78277     81941        20
   78298     81962        29
   78412     82076        23
   78436     82100        26
   78478     82142        32
   78523     82187        23
   78547     82211        35
   78927     82616        33
   79177     82866        20
   79230     82919        27
   79279     82968        20
   79300     82989        29
   79356     83045        21
   79687     83376        23
   80007     83678        23
   80097     83768        20
   80274     83945        20
   80609     84231        26
   80899     84523        27
   81116     84757        25
   81169     84810        38
   81539     85189        21
   81665     39446        21
   81732     85352        23
   81797     85417        33
   81846     85466        20
   82074     85694        23
   82240     85853        25
   82376     85989        20
   82480     86093        23
   82517     86130        20
   82666     86279        28
   83961     87440        24
   84300     87779        29
   84565     88044        39
   84752     88289        22
   84791     88328        41
   85248     88706        21
   85308     88766        29
   85398     88856        20
   85740     89010        22
   85763     89033        36
   85800     89070        32
   85833     89103        35
   85869     89139        20
   85914     89184        21
   85936     89206        34
   86028     89298        97
   86126     89396        57
   86243     89513        40
   86284     89554        28
   86313     89583        46
   86360     89630        28
   86389     89659        41
   86460     89731        43
   86504     89775        24
   86552     89822        26
   86579     89849        23
   86603     89873        41
   86646     89916        23
   86683     89953       108
   86793     90063       103
   86968     90238        56
   87025     90295        22
   87048     90318        35
   87084     90354        69
   87194     90470        69
   87281     90557        35
   87317     90593        71
   87403     90679        23
   87427     90703        37
   87465     90741        20
   87568     90848        40
   87613     90893        20
   87634     90914        20
   87655     90935        46
   87720     91000        40
   87773     91073        22
   87796     91096        61
   87885     91185        30
   87925     91225        32
   87971     91271        28
   88054     91354        28
   88084     91384        41
   88162     91462        23
   88271     91571        20
   88292     91592        23
   88366     91666        34
   88401     91701        22
   88448     91748        25
   88607     91907        26
   88664     91964        22
   88695     91995        77
   88801     92101        79
   88881     92181        21
   88914     92214        29
   88954     92251        33
   89053     92350        48
   89185     92473        33
   89219     92507        24
   89256     92544        60
   89333     92621        32
   89387     92675        29
   89417     92705        20
   89429    156090        35
   89498     92786        26
   89592     92877        21
   89626     92911        22
   89717     93002        28
   89746     93031        50
   89814     93099        20
   89886     93171        47
   89934     93219        56
   89991     93276        27
   90019     93304        35
   90085     93370        22
   90108     93393        39
   90194     93485        68
   90298     93580        41
   90429     93753        25
   90455     93779        33
   90550     93874        28
   90589     93913        22
   90644     93968        25
   90685     94009        43
   90729     94053        42
   90772     94096        45
   90835     94159        27
   90896     94220        30
   90927     94251        29
   90991     94315        20
   91130     94445        29
   91213     94528        38
   91272     94587        45
   91332     94647        48
   91381     94696        31
   91429     94756        29
   91531     94858        32
   91564     94891        21
   91672     95005        29
   91763     95090        20
   91800     95127        26
   91827     95154        21
   91866     95193        24
   91894     95221        20
   91934     95261        30
   91990     95317        26
   92031     95358        22
   92065     95392        23
   92089     95416        21
   92163     95499        42
   92206     95542        23
   92241     95577        31
   92273     95609        25
   92299     95635        35
   92345     95681        20
   92366     95702        41
   92415     95751        25
   92447     95783        24
   92475     95811        70
   92576     95903        46
   92623     95950        40
   92664     95991        53
   92890     96226        69
   92960     96296        39
   93000     96336        37
   93043     96379        68
   93112     96448        30
   93143     96479        27
   93172     96508        50
   93223     96559        31
   93380     96716        45
   93434     96770        70
   93507     96843        57
   93565     96901        39
   93668     97004        38
   93715     97036        25
   93832     97147        42
   93883     97198        38
   93931     97252        20
   93952     97273        40
   94096     97417        80
   94191     97512        24
   94230     97551        20
   94269     97590        40
   94330     97651        26
   94357     97678        54
   94412     97733        30
   94461     97782        39
   94509     97830        36
   94553     97874        20
   94641     97961        22
   94669     97989        20
   94722     98068        23
   94759     98110        23
   94872     98233        30
   94946     98313        27
   94994     98361        39
   95040     98407        27
   95080     98445        24
   95113     98480        49
   95210     98573        48
   95402     98789        34
   95561     98851        80
   95642     98932        56
   95699     98989        42
   95907     99212        38
   95952     99257        27
   95993     99298        28
   96069    149448        42
   96117     99429        24
   96207     99527        26
   96234     99554        45
   96280     99600        34
   96318     99638        26
   96363     99683        46
   96410     99730        21
   96444     99764        31
   96479     99799        21
   96516     99836        24
   96541     99861        80
   96622     99942        45
   96711    100031        35
   96747    100067        29
   96791    100111        47
   96856    100176        34
   96891    100211       129
   97060    100380       123
   97195    100518        71
   97267    100590        39
   97315    100638        58
   97374    100697        41
   97414    100738        29
   97444    100768        44
   97489    100813        22
   97541    100844        43
   97601    100904        23
   97640    100943        27
   97696    100999        32
   97746    101049        42
   97789    101092        22
   97839    101142        51
   97891    101194        25
   97918    101221        82
   98001    101304        35
   98055    101358       113
   98181    101484        23
   98205    101508        57
   98263    101566        76
   98370    101673        21
   98406    101708        38
   98467    101769        33
   98509    101811        36
   98572    101874        21
   98594    101896        35
   98635    101937        20
   98659    101961        51
   98722    102024        25
   98745    102049        89
   98870    102174        24
   98907    102211        23
   98961    102265        83
   99045    102349        40
   99086    102390       149
   99282    102581        37
   99336    102639        56
   99403    102706        34
   99444    102741        21
   99468    102765        46
   99515    102812        28
   99552    102850        23
   99638    102936        22
   99661    102959        23
   99685    102983        57
   99753    103051        55
   99812    103110        28
   99841    103139        30
   99872    103170        77
   99962    103260       156
  100119    103417        64
  100199    103497        26
  100262    103561        34
  100300    103605        25
  100366    103665        28
  100397    103696        21
  100436    103735        20
  100571    104018        23
  100625    104071        21
  100684    104127        42
  100727    104170        21
  100778    104220        35
  100813    104260        27
  100868    104322        23
  101062    104359        26
  101140    104437        27
  101319    104621        24
  101344    104640        34
  101428    104734        24
  101502    104843        20
  101534    104872        20
  101705    105039        29
  101735    105069        29
  101912    105250        78
  102148    105480       211
  102371    105703       121
  102493    105825       140
  102634    105966        26
  102661    105993        41
  102703    106035        58
  102769    106101       162
  102949    106281       222
  103193    106525       109
  103303    106635       154
  103462    106795       148
  103611    106944       119
  103730    107057        27
  103829    107156        21
  103851    107178        23
  103997    107322        31
  104029    107354        57
  104087    107412        25
  104125    107450        39
  104197    107521        44
  104248    107572        41
  104298    107621        28
  104327    107650        41
  104387    107715        21
  104409    107737        38
  104448    107776        41
  104533    107869        74
  104671    108012        57
  104727    108065        50
  104814    108156        27
  104884    108227        43
  104928    108271        31
  104960    108303        68
  105076    108424        88
  105165    108513        47
  105213    108561        50
  105262    108608        38
  105301    108647        36
  105389    108735        26
  105416    108762        41
  105470    108816        39
  105523    108869        30
  105615    108962        30
  105658    109013        31
  105698    109053        24
  105724    109079        24
  105754    109113        21
  105771    109138       105
  105890    109256        51
  105962    109335        22
  105985    109358        26
  106012    109385        43
  106079    109452        67
  106147    109520        35
  106183    109556       186
  106405    109778       138
  106544    109917        25
  106570    109943        46
  106617    109990        23
  106647    110022        64
  106719    110094        30
  106750    110125       191
  106942    110317        86
  107034    110413       250
  107285    110664        42
  107336    110715       153
  107490    110869        94
  107591    110970        25
  107637    111016        73
  107711    111090       124
  107836    111215       265
  108103    111482        39
  108143    111522        80
  108243    111622        65
  108309    111688        74
  108384    111763        45
  108435    111814       287
  108723    112102        82
  108806    112185        91
  108908    112287        29
  108938    112317        38
  108992    112371        20
  109013    112392        69
  109199    136275        20
  109251    112668       117
  109369    112786        29
  109399    112816        23
  109487    112922        21
  109530    112965        44
  109575    113010        21
  109599    113038        25
  109634    113073        78
  109845    113351        29
  109899    113409        52
  110081    113641        40
  110190    113765        56
  110247    113822        43
  110359    113934        20
  110385    113960        27
  110413    113988        26
  110599    114178        26
  110677    114256        69
  110785    114373        93
  110880    114468        24
  110924    114512        46
  110971    114559        29
  111001    114589        38
  111042    114630        40
  111098    114686        40
  111208    114814        56
  111265    114871        26
  111325    114925        24
  111407    115013        29
  111450    115056        20
  111489    115095        20
  112390    116099        25
  112502    116202        26
  112580    116280        33
  112617    116317        28
  112681    116381        34
  112758    116458        20
  112854    116554        29
  112911    116611        23
  113076    116776        26
  113210    116910        24
  113266    116966        22
  113337    117037        23
  113387    117087        30
  113418    117118        23
  113452    117152        32
  113493    117193        25
  113554    117254        22
  113651    117351        23
  115275    119237        64
  115532    119425        23
  116240    120127        20
  116291    120178        30
  116412    120293        23
  116980    120913        43
  117052    120985        22
  117269    121202        21
  117467    121400        23
  117655    121588        23
  117849    121782        53
  118247    122180        22
  118428    122378        26
  118461    122411        20
  118527    122477        29
  118608    122558        44
  119275    122994        26
  119847    123617        20
  120491    124457        35
  120533    124499        26
  120698    124664        20
  120771    124737        42
  121040    124995        26
  121076    125031        35
  121124    125079        28
  121289    125244        20
  121310    125265        20
  121367    125322        32
  121400    125355        20
  121531    125486        31
  121563    125518        22
  122803    126598        26
  122858    126653        43
  122926    126721        20
  123103    126898        20
  123336    127131        31
  123392    127187        22
  123419    127214        20
  123804    127599        28
  123963    127758        25
  124127    127922        20
  124278    128073        46
  124400    128195        20
  124433    128228        35
  124705    128476        21
  124866    128637        22
  125333    129160        23
  125924    129742        22
  128120    132142        29
  128264    132286        31
  128570    132604        22
  129747    133742        20
  129786    133781        20
  129820    133815        29
  129907    133908        24
  129965    133960        26
  129992    133987        56
  130118    134131        40
  130174    134187        40
  130217    134230        38
  130256    134269        29
  130286    134299        46
  130352    134365        24
  130378    134391        93
  130510    134532        69
  130631    134653        26
  130817    134843        26
  130844    134870        27
  130877    134903        20
  130966    134992        43
  131010    135036        56
  131135    135176        40
  131305    135396        52
  131382    135477        29
  131544    135706        78
  131632    135794        25
  131660    135826        21
  131682    135848        44
  131748    135914        21
  131834    136018        23
  131858    136042        29
  131888    136072       117
  132037    112562        20
  132174    136396        69
  132244    136466        20
  132280    136502        38
  132319    136541        29
  132359    136581        91
  132451    136673        82
  132534    136756       287
  132827    137049        45
  132873    137095        74
  132948    137170        65
  133033    137255        80
  133114    137336        39
  133155    137377       265
  133421    137643       124
  133546    137768        73
  133640    137862        25
  133672    137894        94
  133767    137989       153
  133929    138151        42
  133972    138194       250
  134228    138454        86
  134315    138541       191
  134507    138733        30
  134545    138771        64
  134616    138844        23
  134640    138868        46
  134687    138915        25
  134713    138941       138
  134887    139115       186
  135074    139302        35
  135110    139338        67
  135201    139429        43
  135245    139473        26
  135272    139500        22
  135315    139550        51
  135380    139614       105
  135481    139723        21
  135508    139754        24
  135534    139780        24
  135567    139813        31
  135611    139865        30
  135703    139958        30
  135747    140002        39
  135799    140054        41
  135841    140096        26
  135919    140174        36
  135956    140211        38
  135993    140246        50
  136044    140297        47
  136092    140345        88
  136228    140486        68
  136297    140555        31
  136329    140587        43
  136415    140674        27
  136479    140742        50
  136528    140788        57
  136649    140914        74
  136767    141040        41
  136809    141082        38
  136848    141121        21
  136888    141166        41
  136930    141208        28
  136967    141244        41
  137015    141292        44
  137092    141368        39
  137144    141420        25
  137170    141446        57
  137228    141504        31
  137382    141656        23
  137406    141680        21
  137499    141773        27
  137526    141794       119
  137646    141914       148
  137799    142068       154
  137954    142223       109
  138085    142354       222
  138325    142594       162
  138495    142764        58
  138554    142823        41
  138596    142865        26
  138623    142892       140
  138764    143033       121
  138897    143166       211
  139266    143529        78
  139492    143759        29
  139522    143789        29
  139702    143965        20
  139734    143994        20
  139804    144099        24
  139878    144183        34
  139913    144212        24
  140089    144393        27
  140168    144472        26
  140365    144512        23
  140416    144570        27
  140443    144602        35
  140508    144666        21
  140530    144688        42
  140610    144765        21
  140662    144816        23
  140800    145102        20
  140838    145140        21
  140862    145164        28
  140931    145227        25
  140960    145262        34
  141031    145334        26
  141073    145376        64
  141138    145441       156
  141307    145610        77
  141385    145688        30
  141416    145719        28
  141448    145751        55
  141514    145817        57
  141572    145875        23
  141596    145899        22
  141681    145984        23
  141713    146017        28
  141742    146046        46
  141791    146095        21
  141819    146117        34
  141864    146162        56
  141937    146239        37
  142021    146318       149
  142171    146468        40
  142212    146509        83
  142326    146623        23
  142362    146659        24
  142422    146719        89
  142509    146808        25
  142546    146845        51
  142601    146900        20
  142627    146926        35
  142663    146962        21
  142711    147010        36
  142756    147055        33
  142812    147111        38
  142865    147163        21
  142917    147215        76
  142994    147292        57
  143052    147350        23
  143088    147386       113
  143220    147518        35
  143256    147554        82
  143340    147638        25
  143366    147664        51
  143445    147743        22
  143468    147766        42
  143528    147826        32
  143589    147887        27
  143632    147930        23
  143672    147970        43
  143745    148022        22
  143768    148045        44
  143813    148090        29
  143841    148119        41
  143883    148161        58
  143950    148228        39
  143990    148268        71
  144073    148354       123
  144236    148517       129
  144366    148647        34
  144418    148699        47
  144480    148761        29
  144510    148791        35
  144589    148870        45
  144635    148916        80
  144716    148997        24
  144756    149037        21
  144781    149062        31
  144825    149106        21
  144847    149128        46
  144912    149193        26
  144942    149223        34
  144977    149258        45
  145023    149304        26
  145115    149404        24
  145145     99367        42
  145235    149531        28
  145277    149573        27
  145311    149607        38
  145515    149826        42
  145558    149869        56
  145615    149926        80
  145820    150034        34
  145998    150236        48
  146094    150328        49
  146152    150388        24
  146189    150423        27
  146223    150457        39
  146283    150517        27
  146354    150594        30
  146474    150724        23
  146511    150766        23
  146567    150848        20
  146593    150874        22
  146683    150963        20
  146711    150991        36
  146756    151036        39
  146814    151094        30
  146845    151125        54
  146900    151180        26
  146947    151227        40
  147006    151286        20
  147041    151321        24
  147080    151360        80
  147264    151544        40
  147305    151585        20
  147335    151621        38
  147382    151668        42
  147516    151796        25
  147550    151815        38
  147652    151917        39
  147692    151957        57
  147752    152017        70
  147831    152096        45
  148002    152267        31
  148034    152299        50
  148086    152351        27
  148114    152379        30
  148145    152410        68
  148219    152484        37
  148257    152522        39
  148297    152562        69
  148539    152813        53
  148593    152867        40
  148634    152908        46
  148711    152976        70
  148785    153050        24
  148816    153081        25
  148849    153114        41
  148891    153156        20
  148922    153187        35
  148958    153223        25
  148984    153249        31
  149027    153292        23
  149051    153316        42
  149146    153420        21
  149168    153442        23
  149203    153477        22
  149240    153514        26
  149292    153566        30
  149342    153616        20
  149366    153640        24
  149408    153682        21
  149430    153704        26
  149473    153747        20
  149555    153823        29
  149671    153945        21
  149693    153967        32
  149798    154072        29
  149844    154130        31
  149876    154162        48
  149939    154225        45
  150005    154291        38
  150097    154383        29
  150245    154522        20
  150300    154577        29
  150330    154607        30
  150394    154671        27
  150439    154716        45
  150485    154762        42
  150528    154805        43
  150587    154864        25
  150645    154922        22
  150678    154955        28
  150768    155045        33
  150802    155079        25
  150917    155236        41
  150994    155304        68
  151109    155425        39
  151149    155465        22
  151202    155518        35
  151238    155554        27
  151266    155582        56
  151323    155639        47
  151422    155738        20
  151460    155776        50
  151511    155827        28
  151608    155924        22
  151643    155959        21
  151732    156045        26
  151792     92732        35
  151819    156132        20
  151840    156153        29
  151891    156204        32
  151940    156253        60
  152013    156326        24
  152038    156351        33
  152155    156459        48
  152269    156573        33
  152313    156614        29
  152354    156655        21
  152376    156677        79
  152484    156785        77
  152570    156871        22
  152623    156924        26
  152783    157084        25
  152833    157134        22
  152856    157157        34
  152941    157242        23
  152965    157266        20
  153071    157372        23
  153131    157432        41
  153174    157475        28
  153257    157558        28
  153299    157600        32
  153341    157642        30
  153399    157700        61
  153461    157762        22
  153496    157817        40
  153555    157876        46
  153602    157923        20
  153623    157944        20
  153648    157969        40
  153771    158096        20
  153792    158117        37
  153830    158155        23
  153868    158193        71
  153940    158265        35
  153993    158318        69
  154103    158434        69
  154173    158504        35
  154209    158540        22
  154232    158563        56
  154360    158691       103
  154465    158796       108
  154587    158918        23
  154612    158943        41
  154654    158985        23
  154678    159009        26
  154728    159058        24
  154753    159083        43
  154826    159157        41
  154868    159199        28
  154897    159228        46
  154944    159275        28
  154973    159304        40
  155073    159404        57
  155131    159462        97
  155286    159617        34
  155321    159652        21
  155367    159698        20
  155388    159719        35
  155424    159755        32
  155457    159788        36
  155494    159825        22
  155627         1        76
