> gi|442567508|gb|KC180785.1|
     318       734        20
     378       794        53
     465       881        23
     531       947        65
     618      1034        35
     696      1112        20
     726      1142        35
     762      1178        62
     885      1301        38
     924      1340        20
     948      1364        26
     975      1391        32
    1035      1451        26
    1062      1478        47
    1128      1544        21
    1152      1568        34
    1429      1864        52
    1506      1939        24
    1531      1964        20
    3067      3487        20
    3801      4085        20
    4162      4451        38
    4823      5018        21
    4909      5104        26
    4936      5131        29
    4966      5161        23
    5369      5606        31
    5834      6046        66
    6679     48196        20
    6802      7517        30
    6833      7548        25
    7012      7741        21
    7358      8090        42
    7890      8561        20
    8157      8845        52
    8931      9782        20
    9420     10279        26
    9477     10367        28
    9508     10398        24
    9549     10439        64
    9753     10756        77
   10103     11301        24
   10250     11448        20
   10295     11493        26
   10349     11547        35
   10427     11625        23
   10454     11652        26
   10544     11742        24
   10601     11799        38
   10694     11892        20
   10814     12012        23
   10868     12066        47
   10949     12147        20
   10982     12180        20
   11054     12252        35
   11207     12405        20
   11255     12453        50
   11342     12540        22
   11453     12651        20
   11741     12924        26
   11798     12981        30
   11906     13089        27
   11970     13153        34
   12018     13202        26
   12045     13229        25
   12656     13755        20
   12807     13903        30
   12859     13955        41
   13190     14665        20
   13211     14686        23
   13334     14809        20
   14017     15959        41
   14062     16004        29
   14110     16052        20
   14140     16082        23
   14254     16196        23
   14353     16295        23
   14440     16382        23
   14497     16439        20
   14530     16472        26
   14567     16509        31
   14605     16547        35
   14665     16607        20
   14798     16738        20
   15365     17301        22
   15394     17330        35
   15483     17419        33
   15517     17453        27
   15545     17481        25
   15617     17553        25
   16183     18149        26
   16210     18176        22
   16330     18296        29
   16432     18398        38
   16501     18467        20
   16573     18539        29
   16614     18580        21
   16651     18617        28
   17559     19534        21
   17767     19742        23
   17887     19862        26
   18123     20086        20
   18226     20189        32
   18700     20678        20
   18793     20771        31
   18882     20860        28
   18940     20918        23
   19018     20996        50
   19160     21138        22
   19218     21196        21
   19240     21218        22
   19297     21275        35
   19450     21431        32
   19489     21470        26
   19543     21524        47
   19591     21572        53
   19695     21676        23
   19775     21756        24
   19855     21836        23
   19942     21923        23
   20473     22442        22
   20703     22678        57
   20791     22766        32
   21145     23120        20
   21166     23141        26
   21193     23168        20
   21295     23270        51
   21354     23329        30
   21388     23363        29
   21547     23522        25
   21613     23588        26
   21775     23750        21
   21799     23774        35
   21915     23885        20
   22033     24004        20
   22520     24434        23
   22709     24622        31
   22780     24693        26
   22861     24774        20
   22900     24813        26
   22948     24861        47
   23142     25055        29
   23172     25085        48
   23292     25205        44
   23394     25307        29
   23448     25361        29
   23518     25431        43
   23562     25475        23
   23597     25510        36
   23637     25550        26
   23687     25600        24
   23847     25760        26
   23874     25787        21
   23946     25859        25
   24009     25922        20
   24128     26041        28
   24231     26144        26
   24258     26171        29
   24306     26219        37
   24344     26257        21
   24452     26365        59
   24617     26530        42
   24684     26597        50
   24735     26648        35
   24819     26732        22
   25011     26930        29
   25095     27014        20
   25151     27070        21
   25179     27098        23
   25263     27182        26
   25290     27209        21
   25335     27254        20
   25398     27317        29
   25428     27347        24
   25521     27440        21
   25543     27462        25
   25620     27539        26
   25656     27575        20
   25756     27675        37
   25926     27845        23
   25964     27883        21
   26076     27995        35
   26112     28031        20
   26139     28058        51
   27722     29515        27
   30693     32729        54
   31056     33240        41
   31100     33284        67
   31206     33390        27
   31234     33418        41
   32509     34372        67
   33502     35812        60
   33576     35886        29
   33618     35928        20
   33684     35994        20
   33705     36015        32
   33792     36102        24
   33817     36127        37
   33909     36219        26
   33948     36258        29
   33989     36299        42
   34059     36369        26
   34086     36396        35
   34122     36432        29
   34215     36525        56
   34299     36609        60
   34371     36681        24
   34401     36711        38
   34455     36765        35
   34491     36801        50
   34542     36852        80
   34623     36933        48
   34717     37027        59
   34936     37246        20
   34993     37303        32
   35053     37363        27
   35092     37402        29
   35125     37435        47
   35179     37489        29
   35209     37519        32
   35266     37576        26
   35308     37618        26
   35419     37729        32
   35611     37921        23
   35644     37954        23
   35728     38038        41
   35794     38104        62
   35941     38251        23
   36130     38532        22
   36161     38563        25
   36195      8878        21
   36438     38959        24
   36463     38984        20
   36484     39005        45
   36546     39067        57
   36613     39134        20
   36909     39906        36
   36946     39943        27
   37096     71227        21
   37100     40153        57
   37315     40372        25
   37429     40486        23
   37518     40575        24
   37788     40825        20
   37839     40876        26
   37938     40975        29
   37986     41023        53
   38043     41080        20
   38064     41101        34
   38099     41136        39
   38151     41188        20
   38172     41209        38
   38225     41262        36
   38262     41299        20
   38295     41332        47
   38352     41389        23
   38451     41488        29
   38523     41560        20
   38571     41608        38
   38625     41662        26
   38738     41775        36
   38796     41833        20
   38835     41872        62
   38898     41935        35
   38949     41986        23
   39049     42086        22
   39081     42118        46
   39131     44392        30
   39201     42238        25
   39228     42265        27
   39429     42466        47
   39594     42631        47
   39678     42715        53
   39749     42786        42
   39858     42895        23
   39897     42934        62
   39971     43008        61
   40033     43070        65
   40117     43154        23
   40141     43178        26
   40168     43205        20
   40192     43229        20
   40249     43286        41
   40291     43328        23
   40411     43448        23
   40450     43487        23
   40483     43520        23
   40528     43565        38
   40585     43622        23
   40633     43670        20
   40818     43855        24
   40879     43916        20
   40941     43978        21
   40966     44003        44
   41071     44108        23
   41134     44171        44
   41197     44234        35
   41260     44297        29
   41476     44513        20
   41497     44534        53
   41578     44615        26
   41617     44654        31
   41662     44699        32
   41710     44747        38
   41761     44798        36
   41809     44846        26
   41836     44873        26
   41944     44981        29
   41986     45023        29
   42019     45056        23
   42043     45080        27
   42079     45116        56
   42136     45173        26
   42254     45291        31
   42423     45451        20
   42636     15614        20
   42958     46135        35
   42994     46171        29
   43048     46225        20
   43080     46257        44
   43341     46491        24
   43438     46567        44
   43592     46718        28
   43706     46827        24
   43761     46892        21
   43813     46955        27
   43841     46983        29
   43892     47034        20
   43943     47085        20
   43964     47106        24
   43995     47137        28
   44024     47166        43
   44077     47218        38
   44780     47941        37
   44818     47979        55
   44874     48035        25
   44995     48158        20
   45486     48902        53
   45540     48956        32
   46136     49537        20
   46193     49594        23
   46301     49702        23
   46331     49732        23
   46439     49840        23
   46815     50066        73
   47457     51372        39
   47497     51412        28
   47541     51456        22
   47571     51486        20
   47633     51566        23
   48275     51845        23
   48343     51913        21
   48370     51940        33
   48445     75873        23
   48771     52155        26
   48798     52182        27
   49387     53105        29
   49479     53197        24
   49596     53314        22
   49651     53369        24
   49920     53613        33
   50147     53839        23
   50237     53929        23
   50282     53974        23
   50306     53998        23
   50357     54049        20
   50381     54073        23
   50614     54304        24
   50707     54397        23
   50731     54421        41
   50812     54502        23
   51570     55165        49
   51749     55342        32
   52174     55785        60
   52419     56027        29
   52449     56057        47
   52502     56109        23
   52691     56381        43
   52790     56480        20
   52861     56551        21
   53045     56735        25
   53110     56800        20
   53161     56851        20
   53266     56956        35
   53320     57010        57
   53398     57088        29
   53515     57205        44
   53566     57256        23
   53614     57304        20
   53650     57340        26
   53812     57502        20
   53905     57595        20
   53926     57616        35
   53992     57682        23
   54016     57706        26
   54154     57844        26
   54253     57943        26
   54307     57997        28
   54340     58030        23
   54427     58117        26
   54627     58315        25
   54859     58713        23
   55563     58995        23
   55592     59024        45
   55684     59116        22
   55716     59148        41
   55797     59229        35
   55929     59361        35
   55965     59397        32
   56070     59502        23
   56118     59550        29
   56169     59601        29
   56241     59673        26
   56268     59700        23
   56382     59814        50
   56445     59877        29
   56478     59910        26
   56505     59937        41
   56586     60018        23
   56665     60097        31
   56844     60276        20
   56901     60333        38
   58618     61894        23
   58681     61957        30
   58903     62179        26
   58930     62206        23
   58954     62230        20
   59050     62326        30
   59081     62357        22
   59109     62385        36
   59224     62500        29
   59287     62563        26
   59800     63409        25
   59882     63494        21
   60323     63942        20
   60355     63969        30
   60423     64037        28
   60529     64143        23
   60656     64270        23
   60758     64372        27
   60811     64425        23
   60856     64470        26
   60886     64500        23
   62003     65893        20
   62129     66019        25
   62296     66186        20
   62534     66411        25
   62645     66522        26
   62681     66558        20
   62711     66588        47
   62771     66648        54
   62828     66705        25
   62986     66863        25
   63081     66958        28
   63110     66987        29
   63146     67023        33
   63256     67133        21
   64471     68383        26
   64538     68450        22
   64563     68475        29
   64713     68654        56
   64779     68720        32
   64847     68788        55
   64930     68871        48
   64995     68935        27
   65120     69060        44
   65192     69132        29
   65222     69162        27
   65375     69310        23
   66152     70518        22
   66358     70708        28
   66387     70737        27
   66417     70767        32
   66587     70947        51
   66639     70999        35
   66822     71214        28
   66851     71243        53
   67217      8766        22
   67977     72233        29
   68081     72337        32
   68350     72633        21
   68392     72675        24
   68434     72717        49
   68484     72767        32
   68534     72817        64
   69064     73322        20
   69130     73388        36
   69227     73485        20
   69400     73662        24
   69855     74130        20
   70081     74334        54
   70180     74433        21
   70395     74657        58
   70467     74729        24
   70883     75130        20
   71168     75391        20
   71249     75459        49
   71317     75527        29
   71370     75580        24
   71503     75713        46
   71762     76034        25
   71797     76074        31
   72451     76656        31
   72484     76689        20
   72908     76932        22
   73129     77132        46
   73200     77203        27
   73248     77251        23
   73293     77296        26
   73320     77323        44
   73447     77450        23
   73471     77474        28
   73527     77530        23
   73557     77560        20
   73605     77608        20
   73704     77707        26
   73740     77743        23
   73788     77791        20
   73854     77857        23
   73896     77899        35
   73935     77938        29
   73986     77989        23
   74040     78043        20
   74139     78142        26
   74182     78185        22
   74205     78208        20
   74307     78310        20
   74372     78375        54
   74445     78448        32
   74556     78559        35
   74595     78598        50
   74655     78658        20
   74956     78786        20
   74997     78827        58
   75113     78946        23
   75163     78996        21
   75230     79063        30
   75320     79148        24
   75431     79258        21
   75772     79561        21
   76139     79916        24
   76222     80064        20
   76487     80314        24
   76545     80372        47
   76623     80450        29
   76701     80528        23
   76728     80555        38
   76795     80622        22
   76866     80693        23
   77031     80858        29
   77111     80938        24
   77155     80982        20
   77326     81160        38
   77518     81355        20
   77884     81630        22
   78117     81858        26
   78144     81885        21
   78223     81964        41
   78277     82018        20
   78298     82039        29
   78412     82153        23
   78436     82177        26
   78478     82219        32
   78523     82264        23
   78547     82288        35
   78927     82694        33
   79177     82944        20
   79230     82997        27
   79279     83046        20
   79300     83067        29
   79356     83123        21
   79687     83454        23
   79954     83703        25
   80007     83756        23
   80097     83846        20
   80274     84023        20
   80609     84309        26
   80899     84601        27
   81116     84835        25
   81169     84888        38
   81539     85267        21
   81732     85438        23
   81797     85503        33
   81846     85552        20
   82074     85780        23
   82240     85939        25
   82376     86075        20
   82480     86179        23
   82517     86216        20
   82666     86365        28
   83961     87492        24
   84300     87831        27
   84565     88096        39
   84752     88342        22
   84791     88381        41
   85248     88759        32
   85308     88819        29
   85398     88909        20
   85740     89075        22
   85763     89098        36
   85800     89135        32
   85833     89168        35
   85869     89204        20
   85914     89249        21
   85936     89271        34
   86028     89363        97
   86126     89461        57
   86243     89578        40
   86284     89619        28
   86313     89648        46
   86360     89695        28
   86389     89724        42
   86460     89796        43
   86504     89840        24
   86552     89887        26
   86579     89914        23
   86603     89938        41
   86646     89981        23
   86683     90018       108
   86793     90128       103
   86968     90303        56
   87025     90360        22
   87048     90383        35
   87084     90419        69
   87194     90535        69
   87281     90622        35
   87317     90658        71
   87403     90744        23
   87427     90768        37
   87465     90806        20
   87568     90913        40
   87613     90958        20
   87634     90979        20
   87655     91000        46
   87720     91065        40
   87773     91138        22
   87796     91161        42
   87885     91250        30
   87925     91290        32
   87971     91336        28
   88054     91419        28
   88084     91449        41
   88162     91527        23
   88271     91636        20
   88292     91657        23
   88366     91731        34
   88401     91766        22
   88448     91813        25
   88607     91972        26
   88664     92029        22
   88695     92060        77
   88801     92166        79
   88881     92246        21
   88914     92279        29
   88954     92316        33
   89053     92415        48
   89185     92538        33
   89219     92572        24
   89256     92609        60
   89333     92686        32
   89387     92740        29
   89417     92770        20
   89429    156382        35
   89498     92851        26
   89592     92942        21
   89626     92976        22
   89717     93067        28
   89746     93096        50
   89814     93164        20
   89886     93236        47
   89934     93284        56
   89991     93341        27
   90019     93369        35
   90085     93435        62
   90194     93550        68
   90298     93645        41
   90429     93818        25
   90455     93844        33
   90550     93939        28
   90589     93978        22
   90644     94033        25
   90685     94074        43
   90729     94118        42
   90772     94161        45
   90835     94224        27
   90896     94285        30
   90927     94316        29
   90991     94380        20
   91130     94510        29
   91213     94593        38
   91291     94671        26
   91332     94712        48
   91381     94761        31
   91429     94821        29
   91531     94923        32
   91564     94956        21
   91672     95070        29
   91763     95155        20
   91800     95192        26
   91827     95219        21
   91866     95258        24
   91894     95286        20
   91934     95326        30
   91990     95382        26
   92031     95423        22
   92065     95457        23
   92089     95481        21
   92163     95564        42
   92206     95607        23
   92241     95642        31
   92273     95674        25
   92299     95700        21
   92345     95746        20
   92366     95767        41
   92415     95816        25
   92447     95848        24
   92475     95876        70
   92576     95968        46
   92623     96015        40
   92664     96056        53
   92890     96291        69
   92960     96361        39
   93000     96401        37
   93043     96444        68
   93112     96513        30
   93143     96544        27
   93172     96573        50
   93223     96624        31
   93380     96781        45
   93434     96835        70
   93507     96908        57
   93565     96966        39
   93668     97069        38
   93715     97101        25
   93832     97212        42
   93883     97263        38
   93931     97317        20
   93952     97338        40
   94096     97482        80
   94191     97577        24
   94230     97616        20
   94269     97655        40
   94330     97716        26
   94357     97743        54
   94412     97798        30
   94461     97847        39
   94509     97895        36
   94553     97939        20
   94641     98026        22
   94669     98054        20
   94722     98133        23
   94759     98175        23
   94872     98298        30
   94946     98378        27
   94994     98426        45
   95040     98472        27
   95080     98510        24
   95113     98545        49
   95210     98638        48
   95402     98854        34
   95561     98916        80
   95642     98997        56
   95699     99054        42
   95907     99277        38
   95952     99322        27
   95993     99363        28
   96069    149740        42
   96117     99494        24
   96207     99592        26
   96234     99619        45
   96280     99665        34
   96318     99703        26
   96363     99748        46
   96410     99795        21
   96444     99829        31
   96479     99864        21
   96516     99901        24
   96541     99926        80
   96622    100007        45
   96711    100096        35
   96747    100132        29
   96791    100176        47
   96856    100241        34
   96891    100276       129
   97060    100445       123
   97195    100584        71
   97267    100656        39
   97315    100704        41
   97374    100763        41
   97414    100804        29
   97444    100834        44
   97489    100879        22
   97541    100910        43
   97601    100970        23
   97640    101009        27
   97696    101065        32
   97746    101115        42
   97789    101158        22
   97839    101208        51
   97891    101260        25
   97918    101287        82
   98001    101370        35
   98055    101424       113
   98181    101550        23
   98205    101574        57
   98263    101632        76
   98370    101739        21
   98406    101774        38
   98467    101835        33
   98509    101877        36
   98572    101940        21
   98594    101962        35
   98635    102003        20
   98659    102027        51
   98722    102090        25
   98745    102115        89
   98870    102240        24
   98907    102277        23
   98961    102331        83
   99045    102415        40
   99086    102456       149
   99282    102647        37
   99336    102705        56
   99403    102772        34
   99444    102807        21
   99468    102831        46
   99515    102878        28
   99552    102916        23
   99638    103002        22
   99661    103025        23
   99685    103049        57
   99753    103117        55
   99812    103176        28
   99841    103205        30
   99872    103236        77
   99962    103326       156
  100119    103483        64
  100199    103563        26
  100226    103590        21
  100262    103626        34
  100300    103670        25
  100366    103730        28
  100397    103761        21
  100436    103800        20
  100571    104083        23
  100625    104136        21
  100684    104192        42
  100727    104235        21
  100778    104285        35
  100813    104325        27
  100868    104387        23
  101062    104424        26
  101140    104502        27
  101319    104686        24
  101344    104705        34
  101428    104799        24
  101502    104908        20
  101534    104937        20
  101705    105104        29
  101735    105134        29
  101912    105315        78
  102148    105545       211
  102371    105768       121
  102493    105890       140
  102634    106031        26
  102661    106058        41
  102703    106100        58
  102769    106166       162
  102949    106346       222
  103193    106590       109
  103303    106700       154
  103462    106860       268
  103730    107122        27
  103829    107221        21
  103851    107243        23
  103997    107387        31
  104029    107419        57
  104087    107477        25
  104125    107515        39
  104197    107586        44
  104248    107637        41
  104298    107686        28
  104327    107715        41
  104387    107780        21
  104409    107802        38
  104448    107841        41
  104533    107934        74
  104671    108077        57
  104727    108130        50
  104814    108221        27
  104884    108292        43
  104928    108336        31
  104960    108368        68
  105076    108489        88
  105165    108578        47
  105213    108626        50
  105262    108673        38
  105301    108712        36
  105389    108800        26
  105416    108827        41
  105470    108881        39
  105523    108934        30
  105615    109027        30
  105658    109078        31
  105698    109118        24
  105724    109144        24
  105754    109178        21
  105771    109203       105
  105890    109321        51
  105962    109400        22
  105985    109423        26
  106012    109450        43
  106079    109517        67
  106147    109585        35
  106183    109621       186
  106405    109843       138
  106544    109982        25
  106570    110008        46
  106617    110055        23
  106647    110087        64
  106719    110159        30
  106750    110190       191
  106942    110382        86
  107034    110478       250
  107285    110729        42
  107336    110780       153
  107490    110934        94
  107591    111035        25
  107637    111081        73
  107711    111155       124
  107836    111280       265
  108103    111547        39
  108143    111587        80
  108243    111687        65
  108309    111753        74
  108384    111828        45
  108435    111879       287
  108723    112167        82
  108806    112250        91
  108908    112352        29
  108938    112382        38
  108992    112436        20
  109013    112457        69
  109199    136567        20
  109251    112733       117
  109369    112851        29
  109399    112881        23
  109487    112987        21
  109530    113030        44
  109575    113075        21
  109599    113103        25
  109634    113138        78
  109845    113416        29
  109899    113474        52
  110081    113706        40
  110190    113830        56
  110247    113887        43
  110359    113999        20
  110385    114025        27
  110413    114053        26
  110599    114243        26
  110677    114321        69
  110785    114438        93
  110880    114533        24
  110924    114577        46
  110971    114624        29
  111001    114654        38
  111042    114695        40
  111098    114751        40
  111208    114879        56
  111265    114936        26
  111325    114990        24
  111407    115078        29
  111450    115121        20
  111489    115160        20
  112390    116343        25
  112502    116446        26
  112580    116524        33
  112617    116561        28
  112681    116625        34
  112758    116702        20
  112854    116798        29
  112911    116855        23
  113076    117020        26
  113210    117154        24
  113266    117210        22
  113337    117281        23
  113387    117331        30
  113418    117362        23
  113452    117396        32
  113493    117437        25
  113554    117498        22
  113651    117595        23
  115275    119511        64
  115532    119697        23
  116240    120399        20
  116291    120450        30
  116412    120565        23
  116980    121170        43
  117052    121242        27
  117269    121459        21
  117655    121845        23
  117849    122039        53
  118247    122437        22
  118428    122634        26
  118461    122667        20
  118527    122733        29
  118608    122814        44
  119167    123142        34
  119275    123250        26
  119847    123873        20
  120491    124676        35
  120533    124718        26
  120771    124956        42
  121040    125214        26
  121076    125250        35
  121124    125298        28
  121289    125463        20
  121310    125484        20
  121367    125541        32
  121400    125574        20
  121531    125705        31
  121563    125737        22
  122803    126795        26
  122858    126850        43
  122926    126918        20
  123103    127095        20
  123336    127328        31
  123392    127384        22
  123419    127411        20
  123804    127796        28
  123963    127955        25
  124278    128270        46
  124400    128392        20
  124433    128425        35
  124705    128673        21
  124866    128834        22
  125333    129377        23
  125924    129959        22
  128120    132368        29
  128264    132512        25
  128570    132830        22
  129527    133811        20
  129747    134034        20
  129786    134073        20
  129820    134107        29
  129907    134200        24
  129965    134252        26
  129992    134279        56
  130118    134423        40
  130174    134479        40
  130217    134522        38
  130256    134561        29
  130286    134591        46
  130352    134657        24
  130378    134683        93
  130510    134824        69
  130631    134945        26
  130817    135135        26
  130844    135162        27
  130877    135195        20
  130966    135284        43
  131010    135328        56
  131135    135468        40
  131305    135688        52
  131382    135769        29
  131544    135998        78
  131632    136086        25
  131660    136118        21
  131682    136140        44
  131748    136206        21
  131834    136310        23
  131858    136334        29
  131888    136364       117
  132037    112627        20
  132174    136688        69
  132244    136758        20
  132280    136794        38
  132319    136833        29
  132359    136873        91
  132451    136965        82
  132534    137048       287
  132827    137341        45
  132873    137387        74
  132948    137462        65
  133033    137547        80
  133114    137628        39
  133155    137669       265
  133421    137935       124
  133546    138060        73
  133640    138154        25
  133672    138186        94
  133767    138281       153
  133929    138443        42
  133972    138486       250
  134228    138746        86
  134315    138833       191
  134507    139025        30
  134545    139063        64
  134616    139136        23
  134640    139160        46
  134687    139207        25
  134713    139233       138
  134887    139407       186
  135074    139594        35
  135110    139630        67
  135201    139721        43
  135245    139765        26
  135272    139792        22
  135315    139842        51
  135380    139906       105
  135481    140015        21
  135508    140046        24
  135534    140072        24
  135567    140105        31
  135611    140157        30
  135703    140250        30
  135747    140294        39
  135799    140346        41
  135841    140388        26
  135919    140466        36
  135956    140503        38
  135993    140538        50
  136044    140589        47
  136092    140637        88
  136228    140778        68
  136297    140847        31
  136329    140879        43
  136415    140966        27
  136479    141034        50
  136528    141080        57
  136649    141206        74
  136767    141332        41
  136809    141374        38
  136848    141413        21
  136888    141458        41
  136930    141500        28
  136967    141536        41
  137015    141584        44
  137092    141660        39
  137144    141712        25
  137170    141738        57
  137228    141796        31
  137382    141948        23
  137406    141972        21
  137499    142065        27
  137526    142086       268
  137799    142360       154
  137954    142515       109
  138085    142646       222
  138325    142886       162
  138495    143056        58
  138554    143115        41
  138596    143157        26
  138623    143184       140
  138764    143325       121
  138897    143458       211
  139266    143821        78
  139492    144051        29
  139522    144081        29
  139702    144257        20
  139734    144286        20
  139804    144391        24
  139878    144475        34
  139913    144504        24
  140089    144685        27
  140168    144764        26
  140365    144804        23
  140416    144862        27
  140443    144894        35
  140508    144958        21
  140530    144980        42
  140610    145057        21
  140662    145108        23
  140800    145394        20
  140838    145432        21
  140862    145456        28
  140931    145519        25
  140960    145554        34
  141009    145603        21
  141031    145625        26
  141073    145667        64
  141138    145732       156
  141307    145901        77
  141385    145979        30
  141416    146010        28
  141448    146042        55
  141514    146108        57
  141572    146166        23
  141596    146190        22
  141681    146275        23
  141713    146308        28
  141742    146337        46
  141791    146386        21
  141819    146408        34
  141864    146453        56
  141937    146530        37
  142021    146609       149
  142171    146759        40
  142212    146800        83
  142326    146914        23
  142362    146950        24
  142422    147010        89
  142509    147099        25
  142546    147136        51
  142601    147191        20
  142627    147217        35
  142663    147253        21
  142711    147301        36
  142756    147346        33
  142812    147402        38
  142865    147454        21
  142917    147506        76
  142994    147583        57
  143052    147641        23
  143088    147677       113
  143220    147809        35
  143256    147845        82
  143340    147929        25
  143366    147955        51
  143445    148034        22
  143468    148057        42
  143528    148117        32
  143589    148178        27
  143632    148221        23
  143672    148261        43
  143745    148313        22
  143768    148336        44
  143813    148381        29
  143841    148410        41
  143900    148469        41
  143950    148519        39
  143990    148559        71
  144073    148646       123
  144236    148809       129
  144366    148939        34
  144418    148991        47
  144480    149053        29
  144510    149083        35
  144589    149162        45
  144635    149208        80
  144716    149289        24
  144756    149329        21
  144781    149354        31
  144825    149398        21
  144847    149420        46
  144912    149485        26
  144942    149515        34
  144977    149550        45
  145023    149596        26
  145115    149696        24
  145145     99432        42
  145235    149823        28
  145277    149865        27
  145311    149899        38
  145515    150118        42
  145558    150161        56
  145615    150218        80
  145820    150326        34
  145998    150528        48
  146094    150620        49
  146152    150680        24
  146189    150715        27
  146217    150743        45
  146283    150809        27
  146354    150886        30
  146474    151016        23
  146511    151058        23
  146567    151140        20
  146593    151166        22
  146683    151255        20
  146711    151283        36
  146756    151328        39
  146814    151386        30
  146845    151417        54
  146900    151472        26
  146947    151519        40
  147006    151578        20
  147041    151613        24
  147080    151652        80
  147264    151836        40
  147305    151877        20
  147335    151913        38
  147382    151960        42
  147516    152088        25
  147550    152107        38
  147652    152209        39
  147692    152249        57
  147752    152309        70
  147831    152388        45
  148002    152559        31
  148034    152591        50
  148086    152643        27
  148114    152671        30
  148145    152702        68
  148219    152776        37
  148257    152814        39
  148297    152854        69
  148539    153105        53
  148593    153159        40
  148634    153200        46
  148711    153268        70
  148785    153342        24
  148816    153373        25
  148849    153406        41
  148891    153448        20
  148936    153493        21
  148958    153515        25
  148984    153541        31
  149027    153584        23
  149051    153608        42
  149146    153712        21
  149168    153734        23
  149203    153769        22
  149240    153806        26
  149292    153858        30
  149342    153908        20
  149366    153932        24
  149408    153974        21
  149430    153996        26
  149473    154039        20
  149555    154115        29
  149671    154237        21
  149693    154259        32
  149798    154364        29
  149844    154422        31
  149876    154454        48
  149939    154517        26
  150005    154583        38
  150097    154675        29
  150245    154814        20
  150300    154869        29
  150330    154899        30
  150394    154963        27
  150439    155008        45
  150485    155054        42
  150528    155097        43
  150587    155156        25
  150645    155214        22
  150678    155247        28
  150768    155337        33
  150802    155371        25
  150917    155528        41
  150994    155596        68
  151109    155717        62
  151202    155810        35
  151238    155846        27
  151266    155874        56
  151323    155931        47
  151422    156030        20
  151460    156068        50
  151511    156119        28
  151608    156216        22
  151643    156251        21
  151732    156337        26
  151792     92797        35
  151819    156424        20
  151840    156445        29
  151891    156496        32
  151940    156545        60
  152013    156618        24
  152038    156643        33
  152155    156751        48
  152269    156865        33
  152313    156906        29
  152354    156947        21
  152376    156969        79
  152484    157077        77
  152570    157163        22
  152623    157216        26
  152783    157376        25
  152833    157426        22
  152856    157449        34
  152941    157534        23
  152965    157558        20
  153071    157664        23
  153131    157724        41
  153174    157767        28
  153257    157850        28
  153299    157892        32
  153341    157934        30
  153418    158011        42
  153461    158054        22
  153496    158109        40
  153555    158168        46
  153602    158215        20
  153623    158236        20
  153648    158261        40
  153771    158388        20
  153792    158409        37
  153830    158447        23
  153868    158485        71
  153940    158557        35
  153993    158610        69
  154103    158726        69
  154173    158796        35
  154209    158832        22
  154232    158855        56
  154360    158983       103
  154465    159088       108
  154587    159210        23
  154612    159235        41
  154654    159277        23
  154678    159301        26
  154728    159350        24
  154753    159375        43
  154825    159448        42
  154868    159491        28
  154897    159520        46
  154944    159567        28
  154973    159596        40
  155073    159696        57
  155131    159754        97
  155286    159909        34
  155321    159944        21
  155367    159990        20
  155388    160011        35
  155424    160047        32
  155457    160080        36
  155494    160117        22
  155625         1        78
