> gi|474452172|gb|KC543997.1|
     196       196        32
     229       229        20
     295       295        20
     373       373        35
     442       442        23
     508       508        23
     532       532        23
     583       583        71
     655       655        20
     709       709        29
     750       750        51
     838       838        47
     901       901        20
     925       925        26
     955       955        29
    1012      1012        26
    1039      1039        20
    1060      1060        20
    1129      1129        32
    1181      1180        21
    1408      1379        47
    1762      1757        20
    1899      1894        43
    2002      1997        21
    2115      2110        22
    2377      2372        43
    2742      2737        20
    2838      2833        22
    2861      2856        22
    3045      3043        32
    3321      3326        24
    3772      3570        24
    3881      3675        20
    3992      3781        22
    4214      3935        33
    4248      3969        41
    4933      4845        20
    4969      4881        35
    5005      4917        27
    5052      4964        31
    5099      5011        22
    5384      5266        21
    5440      5315        35
    5482      5356        27
    5693      5598        20
    5898      5786        45
    5944      5832        22
    6999      6126        65
    7189      6327        26
    7442      6542        22
    7471      6577        42
    7557      6663        48
    8150      6885        47
    8382      7046        29
    8422      7088        20
    8443      7109        28
    9525      7863        47
    9574      7912        23
    9618      7947        22
    9989      8322        28
   10097      8430        25
   10154      8490        23
   10185      8521        24
   10228      8564        62
   10332      8772        80
   10579      8964        26
   10852      9237        44
   10897      9282        35
   10936      9321        21
   10999      9384        26
   11095      9480        26
   11122      9507        23
   11146      9531        32
   11200      9585        50
   11260      9645        29
   11302      9687        43
   11346      9731        27
   11422      9807        35
   11460      9845        21
   11482      9867        29
   11557      9942        23
   11668     10053        20
   11689     10074        46
   11736     10121        54
   11821     10206        26
   11872     10257        53
   11946     10331        35
   12001     10386        23
   12025     10410        38
   12067     10452        20
   12267     10658        30
   12349     10740        35
   12421     10812        21
   12538     10929        29
   12568     10959        37
   12628     11020        55
   12747     11138        25
   12835     11221        20
   13339     11589        34
   13502     11750        42
   13554     11802        41
   13795     12407        28
   13845     12457        26
   13872     12484        32
   13908     12520        29
   13938     12550        23
   13995     12607        26
   14793     13535        29
   14826     13568        29
   14904     13646        23
   14928     13670        59
   15003     13745        29
   15100     13842        52
   15171     13913        56
   15289     14031        49
   15357     14099        35
   15393     14135        29
   15423     14165        50
   15554     14299        31
   15890     14584        20
   15980     14674        21
   16002     14696        28
   16049     14743        25
   16075     14769        21
   16136     14830        23
   16232     14926        20
   16268     14962        21
   16355     15049        27
   16395     15089        37
   16433     15127        20
   16581     15283        35
   16709     15421        21
   16829     15521        32
   16911     15603        20
   16949     15641        27
   16977     15669        28
   17010     15702        20
   17031     15723        44
   17083     15775        29
   17179     15871        34
   17241     15933        29
   17298     15990        23
   17410     16102        34
   17457     16149        20
   17478     16170        20
   17499     16191        22
   17634     16326        24
   18075     16761        20
   18407     17090        23
   18433     17116        24
   18468     17151        23
   18525     17208        23
   18552     17235        30
   18820     17500        21
   18848     17528        29
   19065     17739        50
   19329     18003        24
   19416     18090        22
   19470     18144        52
   19554     18228        20
   19608     18282        26
   19647     18321        31
   19679     18353        21
   19772     18446        27
   19859     18533        27
   19887     18561        47
   20001     18675        29
   20145     18819        42
   20280     18954        23
   20340     19014        23
   20364     19038        23
   20415     19089        23
   20475     19149        26
   20502     19176        32
   20535     19209        47
   20607     19281        21
   20629     19303        24
   20666     19340        22
   20709     19383        20
   20783     19457        77
   20871     19545        21
   20951     19625        31
   21127     19780        20
   21260     19913        21
   21321     19974        23
   21351     20004        36
   21535     20194        28
   21588     20247        33
   21622     20281        29
   21685     20344        38
   21731     20390        28
   21760     20419        20
   21841     20500        20
   21894     20553        27
   21931     20590        48
   21980     20639        37
   22018     20677        35
   22054     20713        20
   22075     20734        32
   22114     20773        25
   22168     20827        23
   22249     20908        62
   22324     20983        34
   22408     21067        29
   22472     21131        28
   22528     21187        28
   22636     21295        55
   22698     21357        30
   22772     21432        26
   23140     21811        23
   23247     21928        20
   23294     21974        23
   23342     22017        25
   23415     22090        20
   23448     22123        32
   23543     22218        35
   23604     22279        29
   23727     22402        23
   23790     22465        29
   23862     22537        33
   23929     22605        21
   23996     22672        48
   24074     22750        32
   24107     22783        26
   24134     22810        61
   24218     22894        33
   24266     22942        35
   24302     22978        39
   24342     23018        22
   24386     23062        20
   24407     23083        34
   24461     23137        26
   24507     23183        31
   24539     23215        35
   24608     23284        34
   24665     23341        72
   24770     23446        26
   24863     23539        20
   25025     23701        29
   25057     23733        21
   25079     23755        32
   25115     23791        23
   25163     23839        20
   25184     23860        20
   25284     23960        47
   25367     24043        20
   25499     24175        23
   25529     24205        26
   25571     24247        40
   25612     24288        27
   25688     24364        42
   25731     24407        24
   25847     24517        29
   25937     24607        20
   25997     24667        29
   26072     24742        23
   26113     24783        29
   26186     24856        23
   26210     24880        23
   26309     24979        26
   26342     25012        24
   26367     25037        46
   26456     25126        23
   26501     25171        21
   26546     25216        24
   26591     25261        32
   26633     25303        38
   26690     25360        20
   26744     25414        29
   26788     25458        24
   26892     25562        43
   26936     25606        26
   26979     25649        34
   27030     25700        21
   27073     25743        25
   27242     25911        23
   27654     26193        22
   28242     26470        49
   29133     26910        43
   30116     27310        25
   30985     28281        78
   31356     28660        34
   31393     28697        20
   31426     28730        24
   31499     28803        27
   31527     28831        30
   31618     28922        21
   31967     29376        21
   32245     29546        67
   32839     30087        30
   33231     30458        22
   33273     30500        21
   33317     30545        27
   33358     30586        53
   33412     30640        98
   33514     30742        20
   33568     30796        35
   33604     30832        20
   33646     30874        38
   33686     30914        28
   33765     30993        40
   33814     31042        29
   33844     31072        26
   33871     31099        32
   33904     31132        23
   33943     31171        23
   34003     31231        32
   34042     31270        23
   34084     31312        59
   34153     31381        41
   34234     31462        23
   34270     31498        56
   34327     31555        66
   34400     31622        38
   34448     31670        38
   34493     31715        47
   34541     31763        56
   34646     31868        23
   34679     31901        47
   34742     31964        33
   34776     31998        52
   34829     32051        23
   34877     32099        20
   34904     32126        33
   34955     32177        29
   34988     32210        44
   35042     32264        21
   35064     32286        31
   35171     32393        23
   35198     32420        23
   35249     32471        32
   35286     32508        22
   35309     32531        20
   35336     32558        47
   35384     32606        26
   35483     32705        44
   35612     32834        20
   35648     32870        23
   35690     32912        66
   35893     33115        23
   35923     33145        26
   35958      7118        21
   36189     33371        24
   36260     33442        21
   36282     33464        20
   36303     33485        26
   36336     33518        30
   36573     33766        75
   36668     33857        79
   36923     34115        24
   36950     34142        33
   37042     34234        32
   37159     34356        24
   37193     34390        20
   37273     34470        28
   37317     34514        24
   37361     34558        24
   37442     34639        40
   37606     34792        24
   37670     34856        23
   37694     34880        39
   37741     34927        21
   37778     34964        29
   37811     34997        68
   37889     35075        29
   37919     35105        25
   37979     35165        22
   38018     35204        26
   38065     35251        24
   38090     35276        29
   38129     35315        41
   38192     35378        35
   38240     35426        35
   38276     35462        65
   38368     35554        33
   38411     35597        41
   38453     35639        29
   38483     35669        26
   38510     35696        23
   38534     35720        24
   38561     35747        65
   38645     35831        29
   38681     35867        20
   38702     35888        20
   38723     35909        32
   38756     35942        38
   38827     36013        39
   38874     36060        46
   38975     36161        20
   39002     36188        23
   39041     36227        26
   39068     36254        27
   39176     36362        23
   39253     36439        63
   39317     36503        23
   39359     36545        25
   39391     36577        25
   39434     36620        26
   39518     36704        68
   39587     36773        56
   39668     36854        29
   39701     36887        20
   39722     36908        77
   39820     37006        73
   39894     37080        62
   39957     37143        29
   39987     37173        20
   40032     37218       131
   40164     37350        29
   40197     37383        20
   40224     37410        56
   40290     37476        29
   40323     37509        35
   40392     37578        50
   40443     37629        26
   40620     37806        56
   40677     37863        23
   40806     37992        62
   40908     38094        65
   40974     38160        32
   41037     38223        38
   41112     38298        23
   41152     38338        25
   41196     38382        38
   41337     38523        25
   41373     38559        20
   41394     38580        20
   41445     38631        35
   41499     38685        36
   41589     38775        26
   41649     38835        23
   41673     38859        29
   41715     38901        20
   41784     38970        20
   41817     39003        38
   41868     39054        23
   41925     39111        50
   42048     39234        20
   42069     39255        62
   42256     39436        28
   42796     39908        26
   42823     39935        68
   42906     40018        30
   42948     40060        29
   42978     40090        22
   43179     40307        29
   43251     40365        22
   43273     40386        50
   43327     40435        29
   43377     40490        21
   43431     40541        31
   43526     40617        37
   43646     40728        54
   43707     40789        35
   43746     40828        29
   43782     40864        74
   43857     40939        38
   43910     40992        26
   44042     41125        34
   44396     41488        27
   44447     41543        31
   44487     41583        23
   44592     41693        48
   44644     41745        41
   44692     41793        29
   44744     41845        20
   45288     42393        53
   45342     42447        32
   45684     42801        30
   45745     42862        23
   45867     42984        27
   45895     43012        26
   45946     43063        38
   45985     43102        44
   46051     43168        26
   46105     43222        35
   46249     43366        23
   46635     43744        73
   47410     44629        22
   47434     44653        31
   47466     44685        24
   47496     44715        29
   47566     44803        42
   48155     45109        29
   48189     45143        33
   48247     45201        35
   48659     45407        77
   49431     46299        45
   49591     46459        20
   49645     46513        23
   49690     46558        29
   49720     46588        23
   49756     46624        27
   50599     48656        53
   50660     48720        69
   50744     48805        22
   50800     48868        28
   50838     48906        30
   50944     49012        22
   51008     49080        25
   51225     49303        42
   51451     49515        36
   51488     49552        29
   51535     49599        25
   51743     49812        26
   52016     50085        20
   52064     50133        46
   52121     50190        34
   52156     50225        22
   52351     50420        23
   52396     50465        29
   52436     50505        22
   52459     50528        26
   52507     50576        34
   52542     50611        32
   52575     50644        24
   52600     50669        29
   52645     50714        38
   52788     50857        36
   52825     50894        20
   52846     50915        20
   52870     50939        35
   52906     50975        29
   52939     51008        47
   52987     51056        29
   53017     51086        50
   53092     51161        23
   53164     51233        20
   53191     51260        32
   53287     51356        22
   53374     51443        29
   53455     51524        23
   53509     51578        34
   53883     51906        34
   54620     52246        64
   54694     52320        47
   54742     52368        20
   54763     52389        29
   54841     52467        59
   54934     52560        71
   55006     52632        38
   55063     52689        35
   55132     52758        32
   55276     52902        26
   55303     52929        26
   55332     52958        27
   55360     52986        20
   55381     53007        26
   55426     53052        41
   55540     53166        50
   55591     53217        26
   55705     53331        20
   55726     53352        29
   55756     53382        35
   55792     53418        29
   55861     53487        38
   55933     53559        20
   56023     53649        20
   56123     53740        24
   56453     54104        21
   56526     54174        25
   56886     54372        26
   57241     54712        29
   57369     54837        20
   57390     54858        28
   57631     55108        28
   57667     55144        23
   57694     55171        35
   57837     55314        42
   57919     55396        38
   57967     55444        42
   58010     55487        28
   58039     55516        20
   58066     55543        34
   58177     55654        21
   58282     55759        22
   59110     56507        21
   59644     56974        25
   59681     57016        25
   59713     57048        43
   59769     57104        21
   59791     57126        29
   59944     57279        44
   59999     57334        24
   60106     57441        20
   60172     57507        24
   61111     58457        22
   61153     58499        20
   61310     58656        30
   61343     58689        20
   61429     58775        35
   61499     58845        25
   61543     58889        23
   61567     58913        37
   61605     58951        30
   61928     59275        22
   61984     59331        51
   62066     59413        45
   62117     59464        35
   62171     59518        20
   62213     59560        20
   62243     59590        32
   62321     59668        20
   62387     59734        20
   62414     59761        26
   62462     59809        26
   62489     59836        20
   62548     59895        42
   62651     59998        35
   62693     60040        26
   62810     60157        26
   62837     60184        23
   63876     61010        26
   63921     61055        79
   64030     61170        21
   64120     61259        76
   64197     61336        20
   64248     61387        42
   64324     61463        40
   64439     61583        62
   64502     61646        44
   64556     61700        38
   64595     61739        64
   64755     61908        22
   64780     61933        26
   65752     62925        31
   65855     63028        33
   66012     63169        46
   66104     63264        23
   66140     63300        23
   66304     63448        84
   66542     63690        64
   66607     63755        28
   66948     64091        25
   67007     64150        23
   67675     64726        23
   67743     64797        23
   67767     64821        43
   67852     64906        31
   68085     65138        22
   68154     65207        33
   68188     65241        33
   68229     65282        73
   68707     65757        26
   68809     65859        34
   68859     65909        34
   68914     65964        21
   68989     66039        30
   69099     66151        37
   69416     66455        29
   69460     66499        23
   69514     66577        22
   69766     66816        66
   69865     66915        21
   69941     66982        21
   70059     67129        26
   70158     67228        26
   70245     67315        46
   70405     67468        28
   70540     67602        28
   70776     67767        31
   70815     67804        33
   70849     67838        22
   70937     67923        54
   70992     67978        26
   71062     68048        43
   71151     68137        20
   71202     68188        48
   71275     68261        28
   71504     68528        22
   71968     68792        31
   72194     68999        20
   72236     69041        27
   72711     69311        24
   72925     69464        30
   72997     69546        44
   73045     69594        62
   73183     69732        26
   73267     69816        23
   73292     69841        43
   73372     69921        42
   73450     69999        20
   73471     70020        23
   73507     70056        38
   73549     70098        21
   73603     70152        24
   73633     70182        44
   73729     70278        71
   73801     70350        47
   73882     70431        20
   73903     70452        20
   73924     70473        23
   73948     70497        20
   73984     70533        20
   74122     70671        20
   74143     70692        20
   74188     70737        28
   74217     70766        39
   74290     70839        29
   74320     70869        35
   74374     70923        20
   74401     70950        26
   74428     70977        21
   74458     71007        20
   74965     71208        32
   75002     71245        28
   75058     71301        32
   75213     71446        33
   75247     71480        26
   75281     71514        30
   75349     71582        21
   75372     71605        23
   75480     71713        32
   75528     71761        23
   75824     72006        42
   75870     72051        33
   75938     72126        43
   76264     72537        21
   76547     72825        24
   76590     72868        68
   76662     72940        29
   76728     73006        44
   76791     73069        38
   76830     73108        32
   76884     73162        23
   76956     73234        20
   76977     73255        20
   77055     73333        32
   77106     73384        47
   77155     73433        25
   77247     73541        36
   77370     73668        39
   77456     73759        22
   77532     73834        31
   77768     74008        21
   77790     74030        20
   77819     74059        24
   77910     74142        33
   77944     74176        32
   78161     74355        26
   78188     74382        24
   78255     74456        53
   78309     74510        20
   78330     74531        32
   78483     74684        20
   78516     74717        59
   78591     74792        50
   78642     74843        38
   78705     74906        21
   78965     75177        33
   79039     75257        23
   79252     75470        41
   79333     75551        20
   79359     75577        24
   79449     75667        21
   79474     75692        20
   79510     75728        29
   79549     75767        29
   79748     75966        37
   79810     76028        22
   79834     76052        20
   79961     76165        30
   80013     76217        23
   80139     76343        29
   80208     76412        20
   80414     76618        22
   80600     76772        32
   80663     76835        48
   80862     77020        24
   81170     77337        28
   81202     77369        47
   81250     77417        42
   81293     77460        37
   81514     77684        39
   81806     77952        34
   81868     78014        21
   81911     78057        53
   81991     78137        21
   82121     78267        51
   82360     78498        22
   82404     78542        34
   82446     78584        22
   82479     78617        20
   82530     78668        23
   82659     78797        21
   82683     78821        27
   82717     78860        20
   83048     79182        28
   83149     79285        21
   83614     79567        22
   83709     79654        21
   83732     79677        24
   83869     79818        23
   83939     79872        25
   84092     79986        27
   84222     80116        20
   84271     80165        37
   84321     80215        32
   84354     80248        26
   84435     80329        32
   84558     80452        20
   84699     80593        49
   84896     80816        25
   85049     80969        35
   85357     81205        21
   85489     81337        40
   85590     81438        32
   85730     81602        23
   85753     81620        51
   85805     81672        35
   85876     81747        38
   85915     81786        44
   85960     81831        23
   85987     81858        82
   86070     81941       156
   86233     82104        95
   86353     82224        64
   86415     82262        51
   86467     82314        98
   86586     82433        21
   86612     82464        50
   86668     82521        21
   86690     82543        39
   86730     82583        27
   86783     82644        98
   86930     82791        22
   86953     82814       169
   87142     83003        29
   87196     83057        53
   87250     83111        22
   87291     83152        27
   87333     83194        45
   87395     83256        34
   87442     83303        24
   87467     83328        22
   87541     83414       164
   87706     83579        59
   87766     83639        41
   87824     83697        89
   87936     83809        47
   87987     83860        21
   88014     83899        44
   88059     83944        34
   88094     83979        77
   88176     84061        28
   88224     84109        28
   88261     84146        65
   88327     84212        28
   88408     84293        24
   88433     84318        27
   88472     84357        74
   88569     84454        73
   88644     84529        54
   88709     84594        29
   88747     84632        51
   88810     84695        22
   88853     84738        42
   88896     84781        44
   88941     84826        24
   88966     84851        35
   89016     84901        62
   89254     84986        39
   89294     85026        52
   89379     85111       100
   89480     85212        36
   89575     85307        42
   89618     85350        20
   89658     85390        20
   89679     85411        55
   89793     85522        21
   89827     85556        25
   89876     85605        31
   89942     85671        32
   89975     85704        22
   90015     85744        20
   90036     85765        22
   90085     85814        65
   90165     85894        20
   90186     85915        46
   90240     85969        59
   90311     86040        53
   90370     86099        32
   90421     86132        44
   90508     86201        66
   90585     86278        42
   90623     86337        25
   90649     86363        77
   90732     86446        21
   90754     86468        20
   90775     86489        26
   90826     86540        33
   90863     86577        25
   90889     86603        38
   90928     86642        79
   91008     86722        69
   91082     86796        49
   91162     86876        25
   91193     86907        31
   91311     87022        37
   91349     87060        42
   91419     87130        51
   91478     87189        25
   91549     87260       161
   91711     87422        21
   91733     87444        22
   91756     87467        24
   91827     87538        26
   91878     87589        55
   91965     87667        24
   91994     87696        49
   92044     87746        47
   92092     87794        26
   92125     87827        39
   92165     87867        30
   92216     87897        22
   92273     87918        34
   92339     87984        33
   92391     88036        51
   92496     88141        46
   92543     88188       111
   92655     88300        25
   92687     88332        45
   92733     88378        64
   92815     88457        41
   92857     88499        40
   92898     88540        54
   93005     88647        23
   93020     88686        35
   93074     88725        23
   93109     88781        90
   93200     88872        77
   93283     88955        77
   93361     89033        21
   93383     89055        34
   93427     89099        20
   93448     89120        40
   93496     89168        28
   93525     89197        30
   93556     89228        39
   93620     89292        21
   93642     89314        25
   93674     89346        72
   93747     89419        57
   93805     89477        66
   93907     89579        39
   93955     89612        21
   93977     89634        26
   94012     89669        24
   94037     89694       118
   94189     89846        24
   94238     89895        20
   94307     89964        43
   94351     90008        46
   94398     90055        26
   94501     90158        31
   94576     90233        62
   94646     90303        36
   94699     90356        45
   94745     90402        49
   94795     90452        41
   94945     90607        22
   94980     90642        25
   95012     90679        53
   95139     90814        23
   95210     90888        24
   95254     90932        45
   95308     90986        23
   95332     91010        37
   95390     91075        38
   95423     91113        28
   95470     91160        30
   95542     91240        46
   95723     91443        26
   95763     91488        30
   95807     91533        49
   95867     91593        46
   95920     91646        21
   95949     91668        34
   96001     91712        28
   96030     91741        28
   96193     91903        52
   96259     91971        40
   96337     92028        56
   96394     92085        26
   96421     92112        32
   96471     92162        20
   96505     92201        95
   96601     92297        47
   96649     92345        21
   96671     92367        25
   96697     92393        20
   96727     92423        99
   96827     92523       126
   96954     92650        36
   96991     92687        32
   97033     92729        29
   97090     92786        34
   97177     92873       129
   97352     93044        42
   97419     93106        42
   97524     93176        28
   97553     93205       148
   97700     93353        29
   97730     93383        38
   97831     93476        23
   97855     93500        26
   97882     93527        39
   97922     93567        25
   97954     93599        29
   97984     93629        47
   98032     93677        75
   98125     93770       107
   98233     93878        38
   98272     93917       218
   98509     94154       231
   98742     94387        21
   98779     94423        57
   98879     94516        26
   98904     94540       103
   99008    138500        22
   99060     94691        50
   99120     94751        33
   99155     94786        21
   99180     94811        35
   99219     94850        76
   99296     94927        24
   99321     94952        49
   99396     95027        71
   99468     95099        56
   99561     95192        43
   99621     95252        69
   99691     95322        32
   99722     95347       108
   99831     95456        29
   99887     95512        34
   99946     95571        23
   99970     95595        67
  100038     95663        55
  100094     95719        62
  100157     95782       108
  100266     95891        70
  100337     95962       113
  100451     96076        59
  100511     96136        21
  100562     96187        29
  100739     96361        20
  100833     96438        24
  100878     96493        55
  100934     96549        21
  101029     96641        24
  101127     96742        53
  101181     96796        47
  101229     96844        27
  101256     96876        25
  101300     96924        44
  101502     96982        33
  101582     97066        42
  101626     97111        37
  101679     97156        22
  101713     97190        47
  101866     97379        29
  101917     97430        27
  101953     97463        23
  102130     97637        58
  102224     97726        54
  102293     97795        36
  102331     97833        33
  102365     97867        47
  102478     97979        47
  102529     98030        21
  102601     98100        50
  102652     98151       216
  102869     98368        39
  102909     98408       126
  103036     98535       551
  103588     99087        33
  103622     99121        96
  103719     99218       147
  103869     99369        87
  103957     99457        48
  104047     99558        88
  104135     99640        23
  104220     99724        35
  104256     99760        23
  104317    133330        26
  104402     99905        72
  104492     99995        25
  104518    100021        81
  104603    100106        28
  104632    100135        20
  104653    100156        41
  104700    100201        26
  104733    100234        38
  104775    100278       117
  104911    100421        27
  104939    100449        34
  104979    100489        38
  105017    100522        40
  105058    100563        20
  105091    100596        44
  105146    100655        34
  105229    100730        32
  105296    100797        68
  105379    100875        81
  105497    100992       130
  105628    101123        54
  105683    101178        93
  105804    101299        23
  105828    101323        34
  105902    101396        22
  105938    101432        57
  106004    101503        76
  106121    101620        40
  106194    101698       102
  106315    101819       100
  106429    101933        41
  106471    101975        30
  106524    102028       165
  106690    102194        87
  106778    102282        34
  106840    102344       139
  106980    102484        39
  107020    102524        55
  107076    102580        66
  107150    102655       305
  107467    102975       246
  107710    103217        42
  107770    103277       204
  107975    103482        72
  108048    103555        93
  108142    103649       124
  108267    103774        25
  108293    103800        44
  108338    103845       335
  108674    104181        65
  108740    104247        61
  108815    104322        45
  108866    104373       287
  109154    104661        82
  109237    104744        87
  109348    104854        21
  109370    104876       190
  109572    105078        35
  109705    105226       104
  109827    105348        52
  109916    105442        25
  109967    105504        20
  110008    105543        37
  110057    105594        25
  110093    105635        74
  110168    105710        20
  110209    105756        22
  110232    105779        22
  110435    105897        30
  110577    106058        45
  110634    106115        31
  110687    106174        59
  110747    106234        81
  110829    106316        29
  110859    106346        53
  110913    106400        48
  110973    106460        28
  111043    106522        35
  111087    106565        20
  111108    106586        22
  111131    106609        45
  111177    106655        91
  111269    106747        25
  111295    106773       118
  111464    108696        23
  111554    108786        53
  111650    108882        26
  111680    108912        26
  111712    108944        48
  111779    109011        46
  111969    109183        37
  112019    109233        29
  112239    109453        25
  112365    109578        50
  112431    109644        30
  112974    110379        22
  113030    110434        21
  113939    111347        33
  113973    111381        50
  114171    111527        23
  114375    111731        26
  114402    111758        20
  114474    111830        26
  114543    111899        29
  114591    111947        20
  114816    112166        32
  114849    112199        50
  114909    112259        49
  115643    113343        42
  115706    113406        27
  115737    113437        26
  115884    113584        32
  115942    113642        22
  115974    113674        50
  116046    113746        32
  116120    113820        21
  116142    113842        20
  116163    113863        26
  116206    113906        22
  116271    113971        26
  116420    114120        22
  116543    114237        30
  116592    114289        53
  116673    114370        29
  116718    114415        41
  116790    114487        20
  117358    114940        22
  117509    115112        41
  117562    115165        27
  117815    115419        28
  117844    115448        35
  117983    115587        23
  118159    118536        22
  118182    118559        36
  118318    118695        37
  118534    118911        23
  118647    119024        25
  118730    119107        38
  118775    119152        25
  118808    119185        20
  118838    119215        33
  118919    119296        20
  119116    119493        20
  119273    119650        38
  119501    119878        23
  119643    120020        28
  119672    120049        28
  119746    120122        33
  119784    120160        23
  119882    120258        26
  120150    120465        21
  120315    120630        23
  121460    121759        21
  122964    123284        20
  123484    123834        30
  123672    124028        41
  123825    124181        20
  124146    124496        26
  124203    124553        20
  124407    124742        24
  124544    124873        20
  125208    125570        28
  125313    125669        23
  125337    125693        30
  125443    125799        23
  125514    125864        93
  125608    125958        22
  125631    125981        40
  125676    126026        64
  125802    126152        20
  125835    126185        76
  125924    126280       113
  126038    126394        25
  126064    126420        91
  126156    126512        45
  126202    126558        22
  126225    126581        20
  126254    126609        35
  126331    126678        28
  126371    126718        48
  126420    126767        53
  126474    126821        29
  126504    126851        81
  126586    126933        59
  126667    127020        31
  126710    127063        45
  126867    127239        30
  127078    127365        22
  127101    127388        22
  127144    127436        20
  127165    127457        74
  127250    127547        25
  127287    127586        37
  127345    127642        20
  127391    127699        25
  127453    127766        52
  127523    127836       104
  127725    128053        35
  127772    128100       190
  127963    128291        21
  128008    128335        87
  128096    128423        82
  128179    128506       287
  128472    128799        45
  128531    128858        61
  128593    128920        65
  128659    128986       335
  128995    129322        44
  129040    129367        25
  129066    129393       124
  129191    129518        93
  129285    129612        72
  129358    129685       204
  129580    129907        42
  129619    129945       246
  129877    130206       305
  130190    130520        66
  130257    130587        55
  130313    130643        39
  130353    130683       139
  130520    130850        34
  130555    130885        87
  130643    130973       165
  130831    131161        30
  130862    131192        41
  130917    131247       100
  131036    131366       102
  131171    131506        40
  131252    131587        76
  131337    131677        57
  131408    131748        22
  131470    131809        34
  131505    131844        23
  131556    131895        93
  131650    131989        54
  131705    132044       130
  131872    132210        81
  131968    132301        68
  132071    132404        32
  132152    132477        34
  132197    132526        44
  132254    132583        20
  132275    132604        40
  132315    132639        38
  132359    132683        34
  132394    132718        27
  132440    132771       117
  132561    132894        38
  132606    132939        26
  132638    132969        41
  132680    133011        20
  132701    133032        28
  132733    133064        81
  132815    133146        25
  132858    133189        72
  132989     99810        26
  133053    133383        23
  133077    133407        35
  133174    133503        23
  133197    133520        88
  133327    133661        48
  133376    133710        87
  133466    133801       147
  133614    133949        96
  133711    134046        33
  133745    134080       551
  134297    134632       126
  134424    134759        39
  134464    134799       216
  134681    135016        50
  134782    135115        21
  134807    135140        47
  134920    135252        47
  134968    135300        33
  135003    135335        36
  135054    135386        54
  135144    135471        58
  135356    135680        23
  135388    135709        27
  135437    135758        29
  135572    135929        47
  135631    135988        22
  135669    136018        37
  135708    136058        42
  135797    136151        33
  135988    136198        44
  136051    136265        25
  136076    136295        27
  136104    136323        47
  136152    136371        53
  136279    136501        24
  136377    136596        21
  136399    136618        55
  136475    136704        24
  136573    136785        20
  136741    136950        29
  136800    137009        21
  136822    137031        59
  136882    137091       113
  136996    137205        70
  137067    137276       108
  137176    137385        62
  137239    137448        55
  137295    137504        67
  137363    137572        23
  137411    137620        34
  137472    137681        29
  137502    137711       108
  137609    137812        32
  137642    137845        69
  137728    137931        43
  137808    138011        56
  137865    138068        71
  137962    138165        49
  138012    138215        24
  138037    138240        76
  138117    138320        35
  138156    138359        21
  138179    138382        33
  138222    138425        50
  138302     94644        22
  138325    138523       103
  138427    138624        26
  138496    138686        57
  138569    138758        21
  138592    138781       231
  138842    139031       218
  139061    139250        38
  139100    139289       107
  139225    139414        75
  139301    139490        47
  139349    139538        29
  139385    139574        25
  139411    139600        39
  139451    139640        26
  139478    139667        23
  139564    139745        38
  139603    139784        29
  139631    139813       148
  139780    139962        28
  139871    140018        42
  139938    140080        42
  140026    140164       129
  140208    140346        34
  140270    140408        29
  140309    140447        32
  140342    140480        36
  140379    140517       126
  140506    140644        99
  140615    140753        20
  140636    140774        25
  140662    140800        21
  140684    140822        47
  140732    140870        95
  140841    140984        20
  140879    141022        32
  140912    141055        26
  140939    141082        56
  141033    141155        40
  141087    141211        52
  141274    141397        28
  141303    141426        28
  141349    141464        34
  141391    141499        21
  141419    141527        46
  141476    141584        49
  141539    141648        30
  141583    141697        26
  141744    141880        46
  141832    141976        30
  141881    142025        28
  141904    142053        38
  141963    142119        37
  142001    142157        23
  142033    142189        45
  142098    142254        24
  142170    142329        23
  142267    142434        53
  142327    142499        25
  142365    142537        22
  142496    142673        41
  142538    142715        49
  142588    142765        45
  142650    142827        36
  142694    142871        62
  142800    142977        31
  142908    143085        26
  142935    143112        46
  142982    143159        43
  143074    143251        20
  143119    143296        24
  143177    143354       118
  143296    143473        24
  143329    143506        26
  143356    143533        21
  143386    143548        39
  143461    143623        66
  143528    143690        57
  143586    143748        72
  143665    143827        25
  143691    143853        21
  143737    143899        39
  143777    143939        30
  143808    143970        28
  143844    144006        40
  143885    144047        20
  143915    144077        34
  143950    144112        21
  143972    144134        77
  144055    144217        77
  144133    144295        90
  144235    144418        23
  144277    144445        35
  144304    144496        23
  144380    144572        54
  144435    144627        40
  144476    144668        41
  144535    144724        64
  144600    144789        45
  144652    144841        25
  144678    144867       111
  144790    144979        46
  144890    145079        51
  144960    145149        33
  145025    145214        34
  145094    145247        22
  145137    145269        30
  145168    145300        39
  145214    145346        26
  145241    145373        47
  145289    145421        49
  145343    145475        24
  145399    145522        55
  145479    145602        26
  145552    145675        24
  145577    145700        22
  145600    145723        21
  145622    145745       161
  145829    145952        25
  145862    145985        51
  145941    146064        42
  145984    146107        37
  146108    146228        31
  146145    146265        25
  146201    146321        49
  146255    146375        69
  146325    146445        79
  146405    146525        38
  146444    146564        25
  146473    146593        33
  146531    146651        26
  146558    146678        20
  146579    146699        21
  146606    146726        77
  146684    146804        25
  146705    146846        42
  146758    146899        66
  146867    146990        44
  146930    147035        32
  146968    147073        53
  147033    147138        59
  147100    147205        46
  147147    147252        20
  147182    147287        65
  147274    147379        22
  147297    147402        20
  147335    147440        22
  147358    147463        32
  147425    147530        31
  147480    147585        25
  147518    147623        21
  147598    147700        55
  147654    147756        20
  147694    147796        20
  147715    147817        42
  147816    147918        36
  147853    147955       100
  147986    148088        52
  148039    148141        39
  148254    148203        62
  148331    148280        35
  148367    148316        24
  148392    148341        44
  148437    148386        42
  148500    148449        22
  148534    148483        51
  148594    148543        29
  148634    148583        54
  148690    148639        73
  148786    148735        74
  148872    148821        27
  148900    148849        24
  148977    148926        28
  149006    148955        65
  149080    149029        28
  149128    149077        28
  149161    149110        77
  149239    149188        34
  149274    149223        44
  149324    149285        21
  149349    149310        47
  149419    149380        89
  149525    149486        41
  149567    149528        59
  149627    149588       164
  149843    149816        22
  149866    149839        24
  149903    149876        34
  149954    149927        45
  150014    149987        27
  150060    150033        22
  150083    150056        53
  150161    150134        29
  150210    150183       169
  150380    150353        22
  150451    150424        98
  150575    150556        27
  150603    150584        39
  150643    150624        21
  150670    150652        50
  150725    150712        21
  150767    150754        98
  150866    150853        51
  150915    150878        64
  151004    150967        95
  151106    151069       156
  151263    151226        82
  151349    151312        23
  151373    151336        44
  151418    151381        38
  151492    151459        35
  151528    151495        51
  151579    151541        23
