> gi|860539959|dbj|LC049336.1|
     151        38        35
     190        77        20
     214       101        20
     280       167        23
     361       248        41
     449       336        23
     514       401        35
     565       452        20
     631       518        20
     724       611        32
     775       662        23
     802       689        20
     973       860        35
    1056       943        42
    1159      1046        20
    3915      4049        47
    4690      5008        20
    4717      5035        20
    4790      5116        23
    5578      5944        46
    6688      7936        32
    6721      7969        23
    7258      8487        32
    7933      9541        25
    9000     34865        21
    9087     34952        20
    9120     34985        20
    9468     35333        23
    9594     35459        38
    9792     35657        39
    9846     35711        20
    9936     35801        29
   10008     35873        23
   10032     35897        26
   10059     35924        25
   10089     35954        30
   10145     36010        23
   10204     36069        38
   10462     36327        23
   10573     36438        23
   10603     36468        20
   10642     36507        23
   10712     36577        31
   10825     36690        29
   10969     36834        20
   10990     36855        20
   11182     37047        20
   11251     37116        20
   11594     37490        35
   11634     37532        27
   12028     37946        21
   13025     38647        28
   13056     38678        20
   38663     38956        24
   39033     39294        29
   39139     39400        40
   39188     39449        24
   39219     39480        29
   39249     39510        23
   39432     39693        23
   39495     39756        20
   39798     40059        29
   39858     40119        23
   40110     40371        35
   40361     40622        21
   40506     40767        20
   40632     40893        23
   40662     40923        32
   40788     41049        22
   40824     41085        26
   40911     41172        26
   40938     41199        20
   41031     41292        20
   41052     41313        20
   41091     41352        20
   41118     41379        41
   41281     41542        20
   41305     41566        20
   41328     41589        21
   41367     41628        30
   41488     41749        23
   41566     41827        26
   41712     41973        24
   41842     42103        23
   42028     42289        23
   42070     42331        20
   42230     42491        46
   42550     42811        20
   42763     43024        35
   42907     43168        20
   42946     43207        37
   43021     43282        34
   43180     43441        20
   43318     43579        23
   43342     43603        22
   44164     44428        34
   44281     44557        38
   44977     45246        41
   45112     45381        20
   45206     45475        21
   45503     45762        20
   45799     46045        24
   46685     47097        33
   46719     47131        38
   47614     48094        26
   47984     48447        26
   48839     48891        21
   48994     49040        34
   49806     50000        42
   49849     50043        26
   51532     51802        20
   53044     56181        23
   53640     56714        26
   53880     56969        26
   53907     56996        45
   54532     57617        20
   54670     57755        41
   54778     57863        20
   54859     57944        29
   55213     58298        29
   55357     58442        29
   55387     58472        44
   55723     58808        26
   55755     58840        33
   56736     59719        30
   56790     59773        20
   57087     60070        20
   57210     60193        23
   57339     60322        29
   57381     60364        20
   57612     60595        29
   57642     60625        20
   57984     60967        25
   58026     61009        29
   58062     61045        24
   60161     64401        21
   61891     66746        41
   62089     66944        20
   62275     67130        20
   63776     68639        20
   63833     68696        29
   64035     68891        24
   64078     68934        26
   64160     69016        29
   64413     69268        50
   64469     69324        24
   66265     71141        26
   66273    115460        20
   66464     71375        27
   66494     71405        51
   68861     73264        20
   69148     73549        31
   69257     73660        24
   70624     76312        23
   71144     76866        38
   71237     76959        23
   71315     77037        29
   71423     77145        26
   71453     77175        26
   71483     77205        23
   71624     77346        29
   71666     77388        22
   71723     77445        23
   71832     77554        22
   71978     77700        23
   72230     77952        29
   72491     78213        29
   72838     78557        32
   73102     78845        27
   74485     80151        23
   74572     80238        20
   74623     80289        22
   74665     80331        20
   74686     80352        27
   74731     80397        26
   74812     80478        62
   75931     81578        24
   76024     81672        20
   76102     81750        23
   77042     82712        20
   77086     82756        21
   77513     83183        20
   80150     85636        23
   80174     85660        30
   80409     85895        25
   80483     85972        24
   81775     87033        21
   83458     90906        40
   83708     88571        35
   83867     88730        20
   83902     88765        20
   83936     88799        23
   84683     89588        23
   84813     89718        24
   85102     90020        20
   85538     90489        23
   85571     90522        26
   86112     96512        20
   86371     97104        20
   86392     97125        21
   88078    100385        74
   88182    100489        23
   88894    101251        37
   89100    101457        35
   89136    101493        40
   89187    101544        40
   89277    101634        32
   89337    101694        22
   89428    101785        49
   89527    101884        24
   89552    101909        24
   89613    101972        21
   89690    102037        23
   89773    102126        24
   90292    102664        26
   90390    102762        30
   90421    102793        23
   90456    102828        21
   90487    102859        20
   90589    102961        28
   90782    103154        23
   90806    103178        20
   90858    103230        20
   90888    103260        25
   90959    103336        28
   91118    103489        22
   91302    103682        21
   91383    103763        20
   91426    103809        26
   91624    104004        24
   91693    104073        23
   91873    104244        37
   92079    104459        20
   92244    104620        26
   92351    104730        41
   92401    104780        24
   92431    104810        22
   92466    104845        47
   92514    104893        68
   92645    105024        32
   92769    105163        22
   93157    105663        39
   93559    106010        24
   94320    106823        85
   94602    107087        38
   94641    107126        50
   94692    107177        25
   94718    107203        46
   94789    107274        21
   94817    107302        44
   94893    107378       110
   95027    107512        22
   95064    107549       209
   95276    107761        77
   95367    107852        35
   95415    107900       116
   95545    108030        52
   95604    108089        67
   95672    108157        33
   95708    108194        23
   95787    108273        28
   95867    108353        41
   95909    108395        79
   96056    108541        80
   96237    108726        32
   96442    108938        35
   96489    108985        21
   96511    109007        27
   96539    109035        47
   96610    109102        43
   96665    109157        22
   96724    109220        38
   96764    109260        23
   96802    109299        56
   96869    109366        34
   97010    109500        23
   97188    109668        30
   97314    109796        37
   97397    109880        38
   97513    109999        64
   97619    110105        21
   97766    110250        25
   97799    110283        47
   97847    110331        30
   97883    110367        23
   97925    110414        28
   98051    110539        25
   98191    110659        28
   98238    110693        77
   98361    110816        45
   98468    110959        44
   98563    111049        20
   98584    111070        31
   98616    111102        41
   98706    111191        98
   98806    111292        24
   98839    111325        25
   98884    111370        22
   98921    111407        71
   98993    111479        52
   99105    111588        68
   99173    111651        23
   99216    111694        60
   99289    111767        25
   99315    111793        98
   99412    111891        33
   99450    111929        45
   99518    111997        30
   99569    112048        47
   99620    112099        43
   99664    112143        32
   99719    112198        35
   99755    112234        36
   99809    112288        36
   99846    112325        33
   99885    112364        79
   99965    112444        27
   99995    112474        39
  100063    112542        38
  100202    112612        48
  100251    112661        29
  100281    112691        87
  100382    112791       103
  100519    112928       123
  100643    113052        92
  100764    113173        54
  100855    113265        87
  100956    113366        39
  101011    113421       102
  101114    113524        50
  101175    113585        30
  101206    113616        55
  101262    113672        21
  101284    113694        60
  101345    113755        30
  101494    113911        22
  101554    113981        28
  101583    114010        21
  101869    114311        26
  101896    114338        34
  102227    114638        76
  102575    115469        39
  105835    117528        20
  105868    117561        20
  106088    117781        25
  108902    121710        49
  109724    122632        20
  109763    122671        22
  109786    122694        21
  110447    123455        32
  110586    123594        20
  112040    125066        23
  114036    127034        23
  114237    127235        32
  114885    127911        20
  115035    128061        23
  116091    129087        23
  116184    129180        20
  116231    129227        21
  116671    129675        23
  116734    129738        28
  116773    129777        25
  117125    130129        31
  117367    130371        23
  117475    130479        20
  117576    130580        20
  117597    130601        23
  117754    130758        20
  119792    140712        39
  120103    141506        76
  120476    141848        34
  120511    141883        26
  120802    142189        21
  120824    142211        28
  120890    142287        22
  121031    142435        30
  121062    142466        60
  121123    142527        21
  121145    142549        55
  121201    142605        30
  121242    142646        50
  121293    142697       102
  121411    142815        39
  121464    142868        87
  121588    142993        54
  121671    143076        92
  121764    143169       123
  121921    143326       103
  122038    143442        87
  122126    143530        29
  122156    143560        48
  122305    143640        38
  122372    143707        39
  122414    143749        27
  122442    143777        79
  122527    143862        33
  122561    143896        36
  122615    143950        36
  122652    143987        35
  122710    144045        32
  122743    144078        43
  122790    144125        47
  122858    144193        30
  122911    144246        45
  122961    144296        33
  122993    144329        98
  123092    144428        25
  123130    144466        60
  123210    144546        23
  123233    144564        68
  123361    144689        52
  123414    144742        71
  123500    144828        22
  123542    144870        25
  123576    144904        24
  123602    144931        98
  123749    145077        41
  123791    145119        31
  123823    145151        20
  123894    145217        44
  124000    145359        45
  124091    145450        77
  124187    145533        28
  124330    145656        25
  124453    145778        28
  124500    145830        23
  124529    145859        30
  124560    145890        47
  124615    145945        25
  124766    146094        21
  124829    146157        64
  124971    146302        38
  125055    146387        37
  125188    146522        30
  125373    146697        23
  125503    146820        34
  125548    146865        56
  125619    146937        23
  125644    146962        38
  125719    147041        22
  125753    147075        43
  125820    147138        47
  125868    147186        27
  125896    147214        21
  125929    147247        35
  126137    147462        32
  126270    147599        80
  126418    147746        79
  126498    147826        41
  126591    147919        28
  126675    148003        23
  126701    148030        33
  126735    148064        67
  126809    148138        52
  126875    148204       116
  127004    148333        35
  127053    148382        77
  127133    148462       209
  127357    148686        22
  127403    148732       110
  127545    148874        44
  127596    148925        21
  127642    148971        46
  127689    149018        25
  127715    149044        50
  127766    149095        38
  128001    149312        85
  128823    150186        24
  129210    150518        39
  129615    151035        22
  129729    151164        32
  129824    151259        68
  129893    151328        47
  129953    151388        22
  129981    151416        24
  130014    151449        41
  130136    151574        26
  130307    151741        20
  130496    151939        37
  130690    152124        23
  130758    152192        24
  130867    129533        20
  130954    152385        26
  131003    152437        20
  131083    152517        21
  131266    152709        22
  131419    152856        28
  131493    152935        25
  131528    152970        20
  131580    153022        20
  131601    153043        23
  131789    153231        28
  131899    153341        20
  131929    153371        21
  131962    153404        23
  131986    153428        30
  132088    153530        26
  132609    154070        24
  132693    154160        23
  132772    154227        21
  132830    154287        24
  132855    154312        24
  132929    154386        49
  133047    154504        22
  133097    154554        32
  133179    154636        40
  133230    154687        40
  133271    154728        35
  133475    154932        37
  134201    155708        23
  134254    155761        74
  135993    159074        21
  136015    159096        20
  136274    159688        20
  138908    165274        40
