> gi|860539959|dbj|LC049336.1|
       1         1        57
      59        59       142
     202       202       133
     336       336       142
     479       479        59
     539       539        61
     601       601        48
     656       656       104
     761       761        71
     833       833       101
     935       935        80
    1016      1016        92
    1132      1132        35
    1179      1179        22
    1271      1280        27
    1470      1379        23
    1556      1492        23
    1599      1535        26
    1626      1562        36
    1663      1599        20
    1684      1620        81
    1782      1719        36
    1898      1835        22
    1921      1858        24
    1958      1895        23
    1994      1931        96
    2091      2028        23
    2135      2072        59
    2195      2132        48
    2258      2195        88
    2347      2284        37
    2385      2322        35
    2433      2370        28
    2490      2427        45
    2536      2473        70
    2607      2544        69
    2677      2614       102
    2780      2717        72
    2853      2790        22
    2876      2813        26
    2912      2849        38
    2951      2888        31
    3057      2994        31
    3102      3039        20
    3131      3068        26
    3158      3095        24
    3188      3125        23
    3261      3198        21
    3283      3220        24
    3308      3245        25
    3334      3271        38
    3398      3336        27
    3426      3364        51
    3491      3429        27
    3533      3472        40
    3593      3532       100
    3694      3633        36
    3747      3686        47
    3795      3734        22
    3818      3757        30
    3869      3808        32
    3902      3841        21
    3922      3860        31
    3954      3892        43
    3998      3936        36
    4035      3973        30
    4066      4004        34
    4101      4039        59
    4189      4127        35
    4273      4211        44
    4495      4413        22
    4527      4445        60
    4591      4509        25
    4617      4535        21
    4669      4587        31
    4702      4620        21
    4724      4642        21
    4760      4671        41
    4814      4725        23
    4843      4754       122
    4979      4890        47
    5027      4938        96
    5124      5035        36
    5166      5119        20
    5253      5324        27
    5336      5451        64
    5401      5516        39
    5441      5556        22
    5493      5608        23
    5596      5711        53
    5675      5790        27
    5741      5854        47
    5788      5902        40
    5829      5943        62
    5892      6006        68
    5969      6086        22
    6060      6177        21
    6082      6199        38
    6146      6263        30
    6177      6294        94
    6272      6389        51
    6333      6450        40
    6374      6491        30
    6408      6525        97
    6506      6623        57
    6564      6681        26
    6627      6744        32
    6663      6780        21
    6685      6802        33
    6719      6836        55
    6794      6911        56
    6885      7002        94
    6987      7104        98
    7086      7203        32
    7119      7236        27
    7147      7264        65
    7275      7392        86
    7362      7479        44
    7407      7524       119
    7527      7644       108
    7636      7753        22
    7662      7780        64
    7727      7845        39
    7767      7885        23
    7791      7909        25
    7818      7936       108
    7927      8045        71
    8001    119458        23
    8002     49551        31
    8015     49557        28
    8045      8183        39
    8109      8247        44
    8162      8299        32
    8191      8320        26
    8234      8363        20
    8272      8401       127
    8400      8529        28
    8429      8558        39
    8470      8616        54
    8533      8679        43
    8589      8735        49
    8639      8785        22
    8729      8874        47
    8797      8947        43
    8851      9001        31
    8883      9033        44
    9051      9205        71
    9129      9283        65
    9205      9359        22
    9228      9382        48
    9294      9452        36
    9341      9499        32
    9378      9536        47
    9426      9584        21
    9448      9606        65
    9558      9724        23
    9627      9793        79
    9707      9873        26
    9734      9900       146
    9864     10028        25
    9926     10090        40
    9967     10131        33
   10017     10186        28
   10076     10246        50
   10127     10297        47
   10175     10345        38
   10214     10384        51
   10273     10444        32
   10350     10520        68
   10419     10589        41
   10461     10631        31
   10509     10679        80
   10606     10776        47
   10660     10830        41
   10701     10869        59
   10767     10934        57
   10836     11003        27
   10864     11031        64
   10932     11099        46
   10979     11146        51
   11039     11206        44
   11109     11304        21
   11155     11351        20
   11176     11372        30
   11207     11403        81
   11353     11596        24
   11378     11621        40
   11426     11672        22
   11466     11712        30
   11517     11763        46
   11565     11811        39
   11633     11878        26
   11682     11927        30
   11734     11979        46
   11781     12026        38
   11843     12088        38
   11891     12136        98
   12014     12259        80
   12095     12340        62
   12158     12403        62
   12221     12466        44
   12266     12511        74
   12341     12586        83
   12425     12670        53
   12479     12724        44
   12530     12775        50
   12581     12826        29
   12611     12856       161
   12789     13034       124
   12914     13159       131
   13049     13294        77
   13127     13372        23
   13151     13396        45
   13197     13446        57
   13264     13513        28
   13294     13543       113
   13446     13695        51
   13498     13747        35
   13534     13783        20
   13555     13804        20
   13576     13825        84
   13661     13910        38
   13700     13949        27
   13728     13977        41
   13773     14018        20
   13793     14081        39
   13837     14239        25
   13863     14265        21
   13885     14287       106
   13992     14394        63
   14056     14458        36
   14093     14495        25
   14119     14521        66
   14186     14588        53
   14240     14642       117
   14376     14776        25
   14402     14802        20
   14431     14831        32
   14493     14893        35
   14581     14981       140
   14740     15140       149
   14890     15290        83
   15002     15402       123
   15173     15573        68
   15246     15646        52
   15337     15737        70
   15422     15822        30
   15455     15855        37
   15493     15893        30
   15524     15924        23
   15628     16023        92
   15730     16125        65
   15796     16191       119
   15916     16311        53
   15985     16380       284
   16285     16680        29
   16324     16719        54
   16379     16774        49
   16462     16852        21
   16484     16874        67
   16656     16987        21
   16734     17061        51
   16796     17119       288
   17085     17408       126
   17212     17535        65
   17290     17613       110
   17398     17735        25
   17444     17781        47
   17495     17832        34
   17601     17935        42
   17652     17986        29
   17746     18080       171
   17929     18263       160
   18090     18424        88
   18179     18513        68
   18248     18582        47
   18296     18630        76
   18373     18707        72
   18496     18830        52
   18549     18883        24
   18581     18915        22
   18604     18938        30
   18643     18977        49
   18693     19027        25
   18730     19064        90
   18863     19188        23
   18887     19212        44
   18932     19257        20
   18953     19278        60
   19015     19340        30
   19046     19371        71
   19118     19443        54
   19173     19498        47
   19231     19556       133
   19378     19703        88
   19467     19792        25
   19526     19851        56
   19604     19929        74
   19679     20004        50
   19755     20080        20
   19798     20123        21
   19822     20147        40
   19875     20200        23
   19899     20224        68
   19979     20301        62
   20042     20364        48
   20091     20413        23
   20188     20510        72
   20261     20583        83
   20351     20673       162
   20515     20837        54
   20579     20901        23
   20616     20938        25
   20654     20976        62
   20717     21039        57
   20775     21097        28
   20804     21126        40
   20873     21195        32
   20906     21228        53
   20967     21289        73
   21067     21389        57
   21143     21465        59
   21221     21543        44
   21266     21588        67
   21334     21656        66
   21404     21726        74
   21479     21801       167
   21647     21969        32
   21680     22002        56
   21738     22060        52
   21818     22140        23
   21851     22173        58
   21910     22232        49
   21960     22282       127
   22088     22410        41
   22130     22452        61
   22192     22514        41
   22234     22556        60
   22295     22617       164
   22460     22782        20
   22481     22803        34
   22516     22838        20
   22537     22859        27
   22565     22887        35
   22613     22935        65
   22679     23001        20
   22700     23022        98
   22799     23121        30
   22830     23152        79
   22916     23238       158
   23075     23397        60
   23136     23458        53
   23190     23512        31
   23222     23544        38
   23261     23583        68
   23330     23652       119
   23448     23780       158
   23614     23946        44
   23659     23991        63
   23723     24055        36
   23760     24092       129
   23890     24222        72
   23963     24295        36
   23994     24329        32
   24027     24362        30
   24058     24393       150
   24213     24548        32
   24246     24581        52
   24299     24634        38
   24338     24673        47
   24386     24721        54
   24441     24776        75
   24517     24852        91
   24617     24952        24
   24642     24977       109
   24752     25087       160
   24913     25248        83
   24997     25332        85
   25091     25426        76
   25168     25503        59
   25228     25563        76
   25305     25640        80
   25420     25755        53
   25474     25809        26
   25501     25836       101
   25603     25938       182
   25801     26136        23
   25825     26160        83
   25925     26260        34
   25966     26301        45
   26012     26347       139
   26152     26487        32
   26185     26520       163
   26353     26688        83
   26441     26776        24
   26485     26820        23
   26509     26844        32
   26542     26877       201
   26745     27080       255
   27001     27336        77
   27079     27414        90
   27170     27505        24
   27206     27541        76
   27283     27618        89
   27373     27708        59
   27433     27768        44
   27478     27813        72
   27551     27886       100
   27661     27996        55
   27717     28052       148
   27905     28240        48
   27981     28316        28
   28010     28345        31
   28183     28370        39
   28229     28415        26
   28264     28449       104
   28392     28577        42
   28437     28706        38
   28481     28741        24
   28509     28769        65
   28575     28839        34
   28610     28874        69
   28680     28944        53
   28765     29015        25
   28797     29047        24
   28892     29142        26
   28931     29181        23
   28979     29229        33
   29013     29263        30
   29064     29313        28
   29128     29377        73
   29216     29465        23
   29240     29489        24
   29275     29524        21
   29297     29546        84
   29399     29648        42
   29520     29769        27
   29551     29800        28
   29594     29843        20
   29649     29900        36
   29786     30022        28
   29815     30051        25
   29841     30077        33
   30073     30089        62
   30147     30137        24
   30187     30177        24
   30227     30217        44
   30290     30280        73
   30364     30354        91
   30487     30476        24
   30514     30503        29
   30544     30533        79
   30622     30607        41
   30664     30649        45
   30711     30696        35
   30747     30732       120
   30868     30853        22
   30914     30899        21
   30954     30939        30
   31006     30991        25
   31032     31017        34
   31075     31059        22
   31107     31092        27
   31135     31120        20
   31159     31144        21
   31181     31166        27
   31209     31194        43
   31254     31239        36
   31321     31300        27
   31349     31326        39
   31495     31479        41
   31537     31521        26
   31580     31569        30
   31659     31649        65
   31728     31718       159
   31888     31878        80
   31999     31989        43
   32043     32033        52
   32111     32101       297
   32474     32464        27
   32509     32499        40
   32568     32558        41
   32610     32600        21
   32632     32622        41
   32679     32673        53
   32756     32743        24
   32781     32768        21
   32840     32826        60
   32915     32903        31
   32964     32956        29
   33003     32995        37
   33074     33066        31
   33102     33097        21
   33140     33135        25
   33206     33200        41
   33248     33242        23
   33272     33266        23
   33347     33345        33
   33382     33381        20
   33403     33402        28
   33452     33451        29
   33482     33481        29
   33512     33511        41
   33554     33553        32
   33597     33596        41
   33704     33679        33
   33772     33743        44
   33817     33788        36
   33854     33831        68
   33926     33938        38
   33962     33975        71
   34034     34047        28
   34078     34091        80
   34159     34172        31
   34202     34215        91
   34286     34303        24
   34334     34351        51
   34386     34403        32
   34425     34442        86
   34513     34530        36
   34587     34604        24
   34637     34654        21
   34658     34670        29
   34689     34701        27
   34717     34729        42
   34767     34775        33
   34801     34809       106
   34908     34916       104
   35013     35021        63
   35088     35096       140
   35229     35237       140
   35370     35378       122
   35493     35501        50
   35553     35561        23
   35577     35585       168
   35746     35754        28
   35775     35783       381
   36157     36165        89
   36247     36255        32
   36280     36288       173
   36454     36462        31
   36499     36507       107
   36613     36621       121
   36735     36743       258
   36994     37002        41
   37036     37044       188
   37225     37233        41
   37267     37275        42
   37310     37318        34
   37345     37353        31
   37377     37385        24
   37402     37410       113
   37516     37525        59
   37576     37585        60
   37648     37659        73
   37735     37740        22
   37753     37759        34
   37801     37807        37
   37839     37845        53
   37893     37899        44
   37939     37947       128
   38068     38076        24
   38093     38101        38
   38133     38137        63
   38216     38220        23
   38240     38244        31
   38272     38276        29
   38332     38342        25
   38358     38368        22
   38399     38415       133
   38586     38598       115
   38732     38739        44
   38777     38784        26
   38804     38811        57
   38862     38869        20
   38883     38890        41
   38925     38932        44
   38970     38977        66
   39037     39044        99
   39137     39144        62
   39200     39207        32
   39244     39251        36
   39281     39288       204
   39486     39493       117
   39604     39611        45
   39650     39657        95
   39746     39753       137
   39884     39891        35
   39966     39973        87
   40054     40061       102
   40160     40167       194
   40355     40362       201
   40557     40564       187
   40745     40752        80
   40826     40833       189
   41029     41036        48
   41078     41085        47
   41126     41133        80
   41207     41214        56
   41264     41271        62
   41327     41334       342
   41697     41704        32
   41730     41737        50
   41781     41788        37
   41819     41826        44
   41864     41871        78
   41961     41968        32
   41994     42001        47
   42045     42052       170
   42216     42223        35
   42252     42259       299
   42552     42559        98
   42651     42658        71
   42723     42730        23
   42767     42774        72
   42840     42847        24
   42865     42872       127
   42993     43000       137
   43131     43138        29
   43161     43168       113
   43285     43292        52
   43338     43345       143
   43482     43489        32
   43515     43522       300
   43825     43832        48
   43874     43881        55
   43930     43937        46
   43979     43990        27
   44053     44070        30
   44084     44101        44
   44147     44154        33
   44181     44188        33
   44215     44222        54
   44358     44381        85
   44457     44480       102
   44560     44583        20
   44630     44653        29
   44681     44704        93
   44784     44801        41
   44826     44843        27
   44865     44882        20
   44903     44920        31
   44935     44952       139
   45075     45092       114
   45190     45207        28
   45219     45236       260
   45499     45516       178
   45681     45698        29
   45711     45728       145
   45858     45875        35
   45894     45911        94
   45988     46006        86
   46075     46093        21
   46104     46122        25
   46159     46188       143
   46303     46332        26
   46333     46366        23
   46357     46390        28
   46412     46445        41
   46466     46485        59
   46522     46540        34
   46586     46621        60
   46655     46690        51
   46707     46742        49
   46757     46804        27
   46805     46852        30
   46836     46883        57
   46896     46951        24
   46937     47009        42
   46980     47052        44
   47025     47097        83
   47123     47195        34
   47161     47233        29
   47201     47273        31
   47266     47338        21
   47285     47450        22
   47308     47473       176
   47528     47693        37
   47566     47731        65
   47632     47797        20
   47663     47828        28
   47710     47875        68
   47779     47944        38
   47834     47999        61
   47896     48061        20
   47917     48082        55
   47986     48151        28
   48051     48216        35
   48087     48252       102
   48199     48364        22
   48222     48387       104
   48363     48528        49
   48433     48598        87
   48527     48687       151
   48677     48838        22
   48715     48874        39
   48755     48914        24
   48792     48951        87
   48881     49040        70
   48966     49125        21
   48995     49153        38
   49037     49195       131
   49169     49327       214
   49393     49572        38
   49494     49791        23
   49546     49825        27
   49608     49887        31
   49642     49932        32
   49675     49965       109
   49817     50107        24
   49894     50222        37
   49950     50278        25
   50001     50329        40
   50042     50370        60
   50103     50431        26
   50188     50516        21
   50210     50538        40
   50251     50579        35
   50319     50647        90
   50410     50738        42
   50453     50781        89
   50543     50871        59
   50603     50931        33
   50637     50965        40
   50678     51006        35
   50714     51042        77
   50792     51120       127
   50958     51286        22
   50981     51309        23
   51014     51342        84
   51105     51433       251
   51361     51689        61
   51423     51751        29
   51465     51793       117
   51583     51911        55
   51645     51973        94
   51764     52092        29
   51794     52122        20
   51815     52143       149
   51974     52302        38
   52013     52341        35
   52061     52389        51
   52113     52441        55
   52144     52495        34
   52198     52549        28
   52227     52578        37
   52317     52659        68
   52386     52728        60
   52445     52801        37
   52487     52843        22
   52527     52884        36
   52565     52926        68
   52634     52995        24
   52643     53027        53
   52714     53098        56
   52771     53155        28
   52816     53200        24
   52841     53225        60
   52920     53304       109
   53030     53414        25
   53127     53507        37
   53192     53575        53
   53271     53644        28
   53303     53705        79
   53416     53855        88
   53505     53944        32
   53538     53977        85
   53648     54086        36
   53685     54123        63
   53763     54227        59
   53831     54289        33
   53897     54355        26
   54000     54603        41
   54042     54645        42
   54098     54701        25
   54124     54727        26
   54211     54880        26
   54273     54942        28
   54302     54971        46
   54380     55048        49
   54435     55103        38
   54474     55142        21
   54531     55236        42
   54574     55279        39
   54625     55330        41
   54678     55383        21
   54699     55400        36
   54768     55469        47
   54829     55569        41
   54897     55637        37
   54951     55691        22
   54989     55729        29
   55019     55759        27
   55140     55884        21
   55162     55906        28
   55202     55946        26
   55252     56035        26
   55285     56068        25
   55376     56159        60
   55437     56220       118
   55585     56368        88
   55673     56457        65
   55750     56534        41
   55792     56576        75
   55876     56651       127
   56032     56820        31
   56068     56856        27
   56090     56882        24
   56120     56912        38
   56147     56950       105
   56264     57066        56
   56321     57123        22
   56344     57146        36
   56381     57183        59
   56441     57243        29
   56471     57273        29
   56513     57315        29
   56543     57345       197
   56741     57543        24
   56766     57568       390
   57157     57959        44
   57202     58004        65
   57268     58070        38
   57313     58115        77
   57391     58193       173
   57565     58367       116
   57682     58484       140
   57823     58625        26
   57850     58652        32
   57904     58706        29
   57934     58736        67
   58002     58804        73
   58094     58896       106
   58201     59003       171
   58373     59175        53
   58434     59232        42
   58477     59275        33
   58564     59366        21
   58600     59398        32
   58635     59433        89
   58742     59540        57
   58792     59595        34
   58827     59630       197
   59025     59828        58
   59085     59888       253
   59339     60142        95
   59435     60238        38
   59474     60277        35
   59510     60313        86
   59615     60418       188
   59804     60607        49
   59854     60657       109
   59964     60767       202
   60167     60970       183
   60351     61154        88
   60463     61264        28
   60492     61293        32
   60525     61326        32
   60591     61410        73
   60675     61494        22
   60711     61528        34
   60757     61574        22
   60796     61610        25
   60838     61688        20
   60864     61714        48
   60948     61807        30
   60987     61847       234
   61242     62102        58
   61320     62180        21
   61342     62202        37
   61404     62264        41
   61446     62306        34
   61481     62341        66
   61548     62408       132
   61681     62541       139
   61839     62699        67
   61907     62767        42
   61950     62810        96
   62047     62907        66
   62114     62974        21
   62162     63021        36
   62266     63142        25
   62300     63176        39
   62340     63216        25
   62366     63242        41
   62431     63307        32
   62464     63340        35
   62500     63376        42
   62594     63470        83
   62678     63554        41
   62720     63596        25
   62746     63622        52
   62823     63700        28
   62862     63739        45
   62991     63915        45
   63046     63972        69
   63097     64041        27
   63149     64093        43
   63193     64137       123
   63326     64270        26
   63360     64304        31
   63392     64336        92
   63512     64456       167
   63680     64624        30
   63711     64655        23
   63735     64679        37
   63776     64720        33
   63821     64765        28
   63872     64815        30
   63926     64870        31
   63981     64925        59
   64131     65075        26
   64211     65596        57
   64269     65654       113
   64383     65768        23
   64407     65792        29
   64467     65852        46
   64517     65902        26
   64562     65947        47
   64612     65997        80
   64693     66078        42
   64736     66121        23
   64760     66145       219
   64980     66365        29
   65028     66399        45
   65116     66505        89
   65206     66595        84
   65300     66689        71
   65372     66761       146
   65519     66908        23
   65543     66932       110
   65654     67043       128
   65783     67172       164
   65948     67337        95
   66062     67451       121
   66184     67573        60
   66270     67659        64
   66340     67729        20
   66383     67775        61
   66501     67897        25
   66527     67923        23
   66562     67958        51
   66610     68002        28
   66641     68034        25
   66669     68081        41
   66724     68136        21
   66746     68158        22
   66879     68291        23
   66913     68321        36
   66967     68375        56
   67024     68432        20
   67050     68458        26
   67089     68493        22
   67112     68516        23
   67152     68556        36
   67197     68601        43
   67241     68645        50
   67292     68696       118
   67418     68822        23
   67436     68845       383
   67820     69229        32
   67853     69262        26
   67880     69289        63
   67944     69353        22
   67967     69376        26
   67994     69403        39
   68034     69443       142
   68177     69586        43
   68281     69691        24
   68346     69752        28
   68433     69839        49
   68541     69947        33
   68593     70004        28
   68641     70057        26
   68675     70090        39
   68744     70159        20
   68765     70180        37
   68803     70218        67
   68871     70286        28
   68961     70370        53
   69015     70424        79
   69108     70517        45
   69196     70605        61
   69273     70682        29
   69321     70730        43
   69389     70798        25
   69422     70831        63
   69486     70895        64
   69551     70960        72
   69625     71034        55
   69681     71090        25
   69732     71141        61
   69828     71237        26
   69859     71268        34
   69973     71378        94
   70093     71493        35
   70129     71529        42
   70183     71610        37
   70221     71648        46
   70268     71695        69
   70338     71765       165
   70504     71931        33
   70536     72025        22
   70565     72049        33
   70633     72228        31
   70685     72280        97
   70783     72378        29
   70813     72408        71
   70887     72482        34
   70958     72554        31
   71009     72657       119
   71129     72777        97
   71246     72894        42
   71312     72960        40
   71376     73029        24
   71401     73054        27
   71425     73077        22
   71448     73100        40
   71501     73153        39
   71556     73208        22
   71588     73240        59
   71648     73300        74
   71723     73375        87
   71826     73478        62
   71889     73541        39
   71943     73594        24
   71968     73619        40
   72009     73660        62
   72084     73735        46
   72131     73782        36
   72174     73826        92
   72267     73919       114
   72378     74031       173
   72552     74205        44
   72597     74250        80
   72678     74331        53
   72729     74389        24
   72754     74414        26
   72781     74441        43
   72825     74485       204
   73060     74692        33
   73094     74726        81
   73176     74808        31
   73208     74839        71
   73320     74950        30
   73361     74991        75
   73437     75067       121
   73575     75205        35
   73611     75241        77
   73689     75319       206
   73910     75540        63
   73993     75705        33
   74030     75742        38
   74069     75781        34
   74100     75813        79
   74180     75893        41
   74254     75977        33
   74288     76011        28
   74333     76056        35
   74369     76092        28
   74398     76121        50
   74449     76172       169
   74626     76349        66
   74693     76416        47
   74774     76497        24
   74819     76542        28
   74861     76639        21
   74883     76661        21
   74936     76713        32
   74969     76746        72
   75057     76834       112
   75170     76947        35
   75206     76983        20
   75227     77004        95
   75323     77100        62
   75386     77163        38
   75425     77202        50
   75476     77253        89
   75566     77343        67
   75634     77411       105
   75740     77517        23
   75764     77541        95
   75860     77637       117
   75978     77755       166
   76154     77931       206
   76361     78138       280
   76641     78398        94
   76751     78508        29
   76785     78542        83
   76869     78626        51
   76930     78687        38
   76974     78731       161
   77136     78893       122
   77276     79033        38
   77315     79072       148
   77505     79287        27
   77533     79315       118
   77652     79434        39
   77692     79474        31
   77724     79506        33
   77762     79544        48
   77850     79633        61
   77920     79703        94
   78023     79806        97
   78137     79920        47
   78202     79985        30
   78233     80016        52
   78277     80061        27
   78305     80089       100
   78429     80213        54
   78484     80268       158
   78643     80427       145
   78808     80592       113
   78922     80706        44
   78968     80751       128
   79097     80880        85
   79183     80966        35
   79219     81002        59
   79273     81055        35
   79309     81091       140
   79454     81236        39
   79494     81276        38
   79577     81359        26
   79604     81386        45
   79657     81436        33
   79691     81470        28
   79762     81541       112
   79875     81654       112
   80004     81783        89
   80094     81873        23
   80121     81900       125
   80247     82026        74
   80322     82101        27
   80392     82171        27
   80424     82203        28
   80453     82232        61
   80535     82313        21
   80599     82377        76
   80676     82454        41
   80718     82496        23
   80745     82523        47
   80870     82648        57
   80928     82706       110
   81051     82829        32
   81084     82862        26
   81111     82889        46
   81158     82936        72
   81240     83018       102
   81343     83121        55
   81399     83177        29
   81429     83207        68
   81498     83276        29
   81528     83306        45
   81574     83352       207
   81788     83566       125
   81914     83692        35
   81950     83728        65
   82016     83794        84
   82101     83879        24
   82126     83904       108
   82238     84016        82
   82331     84109        58
   82395     84173        43
   82439     84217        20
   82460     84238        23
   82484     84262        33
   82523     84301        53
   82577     84355        29
   82607     84385        31
   82641     84419        51
   82685     84485        31
   82754     84557        85
   82840     84643        68
   82918     84721        47
   82966     84769        25
   83014     84817        60
   83075     84878        28
   83104     84907        72
   83192     84995        22
   83215     85018        31
   83251     85054        73
   83326     85129       154
   83481     85284        27
   83509     85312        52
   83562     85365        91
   83746     85579        52
   83799     85632        38
   83860     85693        95
   83956     85789       116
   84073     85906        44
   84121     85954        49
   84171     86004       104
   84295     86204        55
   84368     86276        58
   84442     86350        47
   84508     86416        46
   84557     86466        27
   84567     89184        20
   84570     89186        20
   84586     86494        30
   84612     86531        72
   84688     86603        34
   84723     86638        21
   84763     86678        43
   84859     86843        27
   84888     86872        86
   85077     87011       117
   85204     87138        50
   85264     87198        86
   85351     87285        74
   85426     87360       194
   85621     87555       190
   85812     87746        59
   85872     87806        46
   85919     87853        21
   85941     87875        87
   86029     87963        27
   86059     87993        48
   86133     88067        20
   86161     88111        27
   86189     88139        78
   86280     88230        23
   86304     88254        35
   86340     88290        53
   86404     88354        46
   86491     88440       130
   86640     88589        43
   86684     88633       126
   86811     88760        38
   86850     88799        23
   86888     88837        42
   86937     88895        90
   87057     89015        32
   87090     89048        92
   87191     89145        37
   87272     89243        38
   87311     89282        25
   87345     89316        20
   87357     89334        72
   87439     89416        24
   87464     89441        40
   87505     89482       105
   87611     89588        57
   87669     89646        26
   87711     89688        59
   87771     89748        73
   87883     89860        55
   87961     89938       100
   88067     90044        47
   88118     90095        32
   88151     90128        21
   88173     90150        31
   88218     90195        50
   88269     90246        33
   88348     90329        20
   88370     90351        55
   88437     90418        22
   88511     90489        86
   88598     90576        96
   88713     90691        30
   88746     90724        65
   88812     90790        43
   88872     90850       184
   89057     91035        62
   89120     91098        38
   89184     91162        73
   89271     91249        41
   89314     91338       103
   89447     91471       185
   89633     91657        85
   89719     91743       134
   89854     91878        24
   89879     91903       117
   89997     92021        22
   90021     92045       149
   90171     92195        80
   90273     92297        68
   90357     92381       194
   90552     92576        22
   90575     92599        78
   90654     92678        56
   90711     92735        67
   90789     92813        58
   90848     92872        33
   90899     92923        85
   90994     93021        26
   91030     93057        69
   91100     93127        62
   91163     93190        27
   91191     93218       141
   91333     93360        43
   91420     93447        24
   91453     93480        26
   91480     93507        24
   91518     93545        26
   91545     93572        29
   91575     93602        73
   91649     93676        80
   91730     93757       102
   91845     93872        52
   91898     93925        21
   91920     93947       164
   92085     94112        47
   92133     94160        29
   92169     94196        69
   92239     94266        24
   92264     94291        67
   92351     94378        76
   92428     94455       133
   92562     94589        20
   92583     94610        28
   92612     94639        59
   92672     94699        86
   92759     94786        93
   92859     94886        96
   92956     94983        94
   93051     95078        52
   93117     95144        59
   93177     95204        60
   93238     95265        83
   93322     95349       137
   93460     95487       170
   93631     95658        77
   93709     95736       105
   93815     95842        76
   93892     95919        73
   93966     95993        35
   94002     96029        35
   94038     96065       117
   94156     96183        49
   94212     96239       198
   94411     96438        97
   94521     96548        92
   94614     96641       125
   94740     96767       184
   94925     96952        29
   94955     96982        75
   95031     97058        56
   95091     97118        35
   95127     97154        83
   95211     97238        94
   95306     97333        57
   95364     97391        34
   95399     97426       207
   95607     97634        22
   95630     97657        53
   95684     97711       119
   95807     97834       140
   95948     97975        90
   96039     98066        23
   96063     98090        53
   96117     98144       127
   96263     98290       123
   96387     98414       170
   96558     98585        32
   96591     98618        67
   96659     98686        57
   96717     98744        58
   96781     98808        59
   96841     98868        31
   96885     98912        26
   96912     98939        66
   96979     99006        53
   97024     99053        58
   97083     99112       118
   97226     99255        45
   97272     99301        38
   97317    100046        33
   97357    100085        94
   97456    100184       132
   97589    100317        25
   97615    100343       103
   97719    100447        58
   97785    100513        21
   97837    100565        85
   97937    100665        21
   97959    100689        63
   98023    100753        23
   98047    100777        23
   98071    100801        21
   98105    100874        25
   98131    100900        35
   98167    100936        55
   98223    100992        86
   98331    101100       208
   98540    101309        99
   98647    101416        43
   98691    101460        35
   98727    101496       290
   99018    101787       121
   99140    101909        38
   99179    101948        23
   99203    101972        51
   99255    102024       268
   99527    102296       116
   99664    102433        73
   99738    102507       127
   99866    102635        28
   99895    102664        50
   99946    102715        40
   99987    102756        60
  100048    102817        50
  100099    102868        47
  100147    102916       167
  100315    103084        50
  100373    103142        61
  100450    103219       154
  100605    103374       133
  100765    103534        64
  100830    103599        33
  100853    103626       157
  101011    103784        71
  101083    103856       461
  101545    104318       176
  101722    104495        91
  101821    104594        80
  101902    104675        39
  101942    104715       126
  102069    104842        26
  102096    104869       140
  102239    105012        52
  102312    105085        35
  102348    105121       160
  102509    105282        68
  102578    105351        44
  102627    105406        72
  102716    105496        25
  102742    105522       189
  102932    105712        82
  103015    105795        87
  103111    105899        32
  103144    105932        57
  103202    105990        22
  103225    106013        45
  103271    106059        49
  103321    106109       148
  103470    106258        88
  103567    106355        21
  103618    106407        30
  103661    106484        54
  103716    106539        44
  103761    106584        63
  103823    106642        47
  103901    106719        20
  103916    106742        24
  103944    106769       139
  104084    106909       392
  104477    107302       768
  105246    108071       580
  105827    108652        20
  105848    108673        51
  105900    108725        91
  105977    147385        33
  105996    108821        76
  106105    108938       157
  106263    109096        39
  106303    109136        43
  106347    109180        23
  106371    109204       200
  106572    109405        42
  106615    109448       155
  106771    109604       116
  106888    109721        30
  106919    109752        23
  106943    109776       174
  107118    109951       427
  107546    110379       313
  107860    110693       102
  107963    110796        66
  108025    110862        39
  108036    110898       102
  108139    111001       157
  108297    111159       149
  108447    111309      1230
  109681    112542       117
  109799    112660       183
  109983    112844       342
  110326    113187       503
  110830    113691       160
  110991    113852        38
  111030    113891       271
  111301    114159        62
  111365    114224        54
  111420    114279       260
  111681    114540        24
  111756    114611       141
  111892    114748       152
  112054    114914        29
  112084    114944        31
  112116    114976        62
  112179    115039        73
  112253    115113        65
  112319    115179        56
  112389    115249        26
  112416    115276        32
  112466    115326        21
  112488    115348        46
  112535    115395       156
  112694    115554        61
  112749    115614        61
  112811    115676        45
  112857    115722        78
  112941    115806        44
  112995    115860       160
  113156    116021        26
  113183    116048        52
  113231    116100        30
  113262    116131       151
  113417    116286        57
  113496    116363        35
  113535    116402        24
  113560    116427        37
  113597    116460        37
  113636    116499        22
  113793    116626        27
  113825    116659        30
  113856    116690        93
  114001    116835        21
  114130    116964        20
  114169    117003        21
  114214    117048        67
  114282    117116        21
  114304    117138        21
  114326    117160        37
  114393    117227        32
  114480    117314        34
  114515    117349        67
  114603    117437        38
  114643    117477        53
  114724    117558       191
  114917    117751       133
  115051    117885        76
  115156    117990        93
  115250    118084        37
  115288    118122        30
  115337    118171        65
  115403    118237        25
  115429    118263        33
  115463    118297        25
  115489    118323       110
  115600    118434        44
  115645    118479        50
  115696    118530        89
  115787    118621        74
  115906    118740        79
  116007    118829        22
  116075    118901        25
  116121    118953        45
  116179    119011        21
  116245    119077        43
  116329    119161        52
  116391    119223        22
  116448    119280        23
  116492    119324        27
  116568    119400        21
  116720    119574        20
  116792    119651        21
  116817    119676        34
  116890    119748        27
  116948    119806        23
  117010    119861        33
  117055    119898        21
  117106    119927        25
  117147    119968        37
  117231    120052        29
  117287    120108        28
  117316    120137        28
  117395    120226        21
  117420    120251        63
  117508    120339        24
  117546    120377        68
  117615    120437        35
  117755    120600        32
  117788    120633        33
  117840    120685        28
  117869    120714        27
  117912    120752        31
  117942    120792        25
  117976    120830        21
  118024    120882        46
  118116    120974        21
  118170    121028        44
  118254    121111        60
  118321    121178        27
  118377    121238        22
  118445    121307        24
  118471    121333        31
  118503    121365        25
  118550    121412        27
  118596    121474        23
  118620    121498        63
  118704    121582        32
  118787    121661        39
  118827    121701        92
  118920    121794        23
  118978    121853        20
  119018    121921        36
  119049    121956       114
  119164    122071        50
  119215    122122       158
  119374    122281       140
  119515    122422        56
  119632    122539        43
  119676    122583        31
  119719    122626        25
  119773    122680       176
  119950    122857        26
  119977    122884        75
  120071    122985        47
  120119    123033        29
  120163    123077        21
  120197    123111        24
  120222    123136        25
  120248    123162        28
  120288    123202        27
  120326    123243        58
  120402    123319        46
  120516    123433        59
  120576    123493        28
  120614    123531        23
  120638    123555        96
  120735    123652        34
  120777    123694        73
  120883    123800        45
  120943    123860        47
  121020    123937        30
  121051    123968        84
  121138    124055        32
  121171    124088        38
  121214    124131        23
  121238    124155       152
  121391    124308        59
  121463    124380        35
  121508    124425        92
  121601    124518        80
  121715    124632        57
  121773    124690        25
  121799    124716        57
  121857    124774        60
  121911    124827        20
  121952    124873       120
  122073    124994       176
  122250    125171        52
  122303    125224        20
  122347    125268        41
  122402    125323        51
  122454    125375        29
  122519    125440        43
  122558     44045        20
  122591    125508        46
  122662    125579        44
  122707    125624        88
  122796    125713        35
  122832    125749        86
  122919    125836        84
  123009    125926        30
  123048    125981        27
  123084    126017        72
  123157    126090        21
  123197    126130        20
  123236    126169        66
  123314    126247        32
  123347    126280       104
  123452    126385        28
  123481    126414        56
  123538    126471        38
  123617    126550        31
  123670    126603        35
  123734    126667        34
  123804    126772        27
  123832    126800        33
  123868    126843        60
  123968    126943        34
  124003    126978        22
  124038    127013        83
  124140    127115        27
  124168    127143       102
  124271    127246        50
  124332    127307        91
  124424    127399        49
  124474    127449        34
  124509    127484        52
  124562    127537        72
  124660    127635        50
  124711    127686        48
  124760    127735        68
  124829    127804       199
  125029    128004        46
  125076    128051        69
  125153    128124        21
  125175    128146        61
  125237    128208        29
  125288    128249        88
  125377    128338        58
  125438    128399        63
  125502    128463        20
  125535    128541        24
  125560    128566        54
  125617    128622        70
  125698    128703        26
  125725    128730        50
  125806    128811        77
  125896    128900        27
  125960    128964        43
  126005    129009        55
  126084    129088        31
  126122    129126        95
  126233    129237        50
  126298    129302        36
  126353    129357        34
  126388    129392        60
  126449    129453        96
  126551    129555        20
  126591    129595        25
  126617    129621       251
  126869    129873        26
  126896    129900        62
  126959    129963        32
  126992    129996        31
  127024    130028       141
  127175    130179        27
  127203    130207        40
  127244    130248       104
  127349    130353        68
  127434    130438        66
  127501    130505        51
  127553    130557        26
  127580    130584        40
  127621    130625        24
  127646    130650        32
  127679    130683       154
  127834    130838        32
  127902    130906        26
  127936    130940        39
  127992    130996        61
  128064    131068        55
  128128    131132        34
  128192    131196        20
  128213    131217        25
  128337    131343        32
  128370    131376        32
  128403    131409        31
  128435    131441        49
  128485    131491        35
  128540    131546        23
  128564    131570        42
  128630    131636        21
  128650    131664       131
  128782    131796        64
  128882    131896        33
  128945    131959        28
  128992    132006        21
  129018    132032        33
  129059    132073        21
  129125    132139        31
  129157    132171       134
  129297    132311        44
  129342    132356        25
  129382    132396        46
  129463    132510        28
  129492    132539        20
  129513    132560        52
  129566    132613        20
  129587    132634        24
  129640    132687        25
  129666    132713        72
  129783    132854        67
  129865    132936        64
  129930    133001        23
  129954    133025        26
  129993    133064       107
  130101    133172        25
  130152    133223        50
  130221    133292        44
  130296    133367        75
  130407    133478        31
  130453    133524        22
  130493    133564        80
  130574    133645        40
  130641    133712        45
  130689    133760        46
  130776    133847        32
  130809    133880        35
  130920    134000        32
  130954    134034        26
  130984    134064        24
  131010    134090        41
  131052    134132        59
  131132    134212        48
  131181    134261       119
  131301    134381        35
  131337    134417        61
  131410    134490        79
  131491    134571        37
  131538    134618        92
  131631    134711       125
  131757    134837        20
  131781    134861        97
  131879    134959        33
  131964    135044        37
  132002    135082        80
  132089    135169        81
  132171    135251       137
  132339    135419        62
  132444    135524        53
  132498    135578        86
  132600    135680        48
  132652    135732        36
  132689    135769        36
  132773    135853        21
  132797    135877        44
  132887    135967        48
  132951    136031        26
  132979    136059        29
  133022    136102       126
  133149    136229        24
  133185    136265        24
  133210    136290        28
  133240    136320        30
  133271    136351        75
  133347    136427        77
  133425    136505        25
  133451    136531        27
  133479    136559        22
  133502    136582        45
  133548    136628        92
  133641    136721        70
  133712    136792        69
  133782    136862        32
  133815    136895        47
  133863    136943        43
  133943    137023        50
  134017    137097        21
  134050    137259       165
  134216    137425        58
  134275    137484        28
  134304    137513        57
  134365    137574        32
  134398    137607        29
  134428    137637        29
  134458    137667        23
  134529    137738        57
  134587    137796       157
  134770    137979        70
  134848    138096        83
  134932    138180        35
  134968    138216        21
  135004    138252       134
  135139    138387        71
  135226    138474        23
  135250    138498        47
  135304    138552        79
  135384    138632        24
  135409    138657        86
  135540    138788        62
  135610    138858       105
  135716    138964        53
  135770    139018        48
  135819    139067       106
  135938    139186        81
  136029    139277        25
  136055    139303        53
  136109    139357        42
  136152    139400       156
  136652    139763        57
  136724    139832        25
  136806    139938       151
  136958    140090        30
  136984    140120        52
  137037    140173        26
  137064    140200       160
  137234    140370        44
  137284    140420        78
  137363    140499        45
  137409    140545        61
  137464    140605        61
  137528    140669       156
  137685    140826        46
  137732    140873        21
  137771    140912        32
  137804    140945        26
  137844    140985        56
  137901    141042        65
  137967    141108        73
  138041    141182        62
  138104    141245        31
  138136    141277        29
  138175    141320       152
  138322    141468       141
  138514    141656        24
  138539    141681       260
  138800    141942        54
  138856    141999        62
  138918    142058       271
  139190    142330        38
  139229    142369       160
  139390    142530       503
  139894    143034       342
  140237    143377       183
  140421    143561       117
  140542    143681      1230
  141773    144912       149
  141923    145062       157
  142081    145220       102
  142155    145319        39
  142190    145358        66
  142257    145425       102
  142360    145528       313
  142674    145842       427
  143102    146270       174
  143277    146445        23
  143301    146469        30
  143332    146500       116
  143449    146617       155
  143605    146773        42
  143648    146816       200
  143849    147017        23
  143873    147041        43
  143917    147085        39
  143957    147125       157
  144147    147323        76
  144209    108802        33
  144228    147404        91
  144320    147496        51
  144372    147548        20
  144393    147569       580
  144974    148150       768
  145743    148919       392
  146136    149312       139
  146279    149454        24
  146298    149481        20
  146349    149531        47
  146395    149573        63
  146459    149637        44
  146504    149682        54
  146571    149783        30
  146631    149844        21
  146661    149874        88
  146750    149963       148
  146899    150112        49
  146949    150162        45
  146995    150208        22
  147018    150231        57
  147076    150289        32
  147117    150338        87
  147205    150426        82
  147288    150509       189
  147478    150699        25
  147520    150742        72
  147597    150825        44
  147642    150870        68
  147711    150939       160
  147872    151100        35
  147928    151156        52
  147983    151211       140
  148124    151352        26
  148151    151379       126
  148278    151506        39
  148318    151546        80
  148406    151634        91
  148498    151726       176
  148675    151903       461
  149137    152365        71
  149209    152437       157
  149356    152588        33
  149390    152622        64
  149481    152713       133
  149615    152847       154
  149785    153017        61
  149854    153086        50
  149905    153137       167
  150073    153305        47
  150121    153353        50
  150172    153404        60
  150233    153465        40
  150274    153506        50
  150325    153557        28
  150354    153586       127
  150482    153714        73
  150576    153808       116
  150696    153928       268
  150965    154197        51
  151017    154249        23
  151041    154273        38
  151080    154312       121
  151202    154434       290
  151493    154725        35
  151529    154761        43
  151580    154812        99
  151680    154912       208
  151910    155142        86
  151997    155229        55
  152053    155285        35
  152089    155321        25
  152127    155398        21
  152149    155420        23
  152173    155444        23
  152197    155468        63
  152261    155534        21
  152297    155570        85
  152413    155686        21
  152442    155715        58
  152501    155774       103
  152605    155878        25
  152631    155904       132
  152768    156041        94
  152869    156141        33
  152909    156881        38
  152948    156920        45
  153018    156990       118
  153137    157109        58
  153187    157161        53
  153241    157215        66
  153308    157282        26
  153347    157321        31
  153379    157353        59
  153444    157418        58
  153503    157477        57
  153561    157535        67
  153629    157603        32
  153662    157636       170
  153833    157807       123
  153975    157949       127
  154103    158077        53
  154157    158131        23
  154181    158155        90
  154272    158246       140
  154416    158390       119
  154536    158510        53
  154590    158564        22
  154613    158587       207
  154821    158795        34
  154856    158830        57
  154914    158888        94
  155009    158983        83
  155093    159067        35
  155132    159106        56
  155189    159163        75
  155265    159239        29
  155295    159269       184
  155480    159454       125
  155606    159580        92
  155711    159685        97
  155809    159783       198
  156014    159988        49
  156064    160038       117
  156182    160156        35
  156218    160192        35
  156254    160228        73
  156328    160302        76
  156405    160379       105
  156511    160485        77
  156589    160563       170
  156760    160734       137
  156898    160872        83
  156982    160956        60
  157043    161017        59
  157116    161090        52
  157169    161143        94
  157264    161238        96
  157367    161341        93
  157461    161435        86
  157548    161522        59
  157608    161582        28
  157637    161611        20
  157658    161632       133
  157792    161766        76
  157888    161862        21
  157910    161884        45
  157956    161930        24
  157981    161955        69
  158057    162031        29
  158087    162061        47
  158135    162109       164
  158300    162274        21
  158322    162296        52
  158387    162361       102
  158490    162464        80
  158571    162545        73
  158645    162619        29
  158675    162649        26
  158715    162689        24
  158740    162714        26
  158775    162749        24
  158843    162817        43
  158887    162861       141
  159029    163003        27
  159057    163031        62
  159120    163094        69
  159199    163173        26
  159235    163212        85
  159338    163315        33
  159372    163349        58
  159441    163418        67
  159509    163486        56
  159566    163543        78
  159645    163622        22
  159668    163645       194
  159878    163855        68
  159968    163945        80
  160049    164026       149
  160200    164177        22
  160223    164200       117
  160341    164318        24
  160366    164343       134
  160501    164478        85
  160587    164564       185
  160802    164779       103
  160907    164930        41
  160962    164985        73
  161061    165084        38
  161100    165123        62
  161163    165186       184
  161364    165387        43
  161408    165431        65
  161476    165499        30
  161525    165548        96
  161694    165702        33
  161732    165740        29
  161759    165766        55
