> gi|326457106|gb|JF317352.1|
      68       505        20
     170       607        23
     206       643        20
     227       664        35
     263       700        44
     401       838        35
     611      1048        23
     662      1099        26
     689      1126        20
     869      1306        26
     920      1357        22
     943      1380        21
     965      1402        35
    1010      1447        21
    1046      1483        20
    1610      1804        30
    1688      1902        20
    1709      1923        31
    4112      4370        29
    5123      5354        20
    5830      6240        34
    7817      6872        27
    8358      7441        32
    9383      8097        30
   10413      9047        42
   11215      9847        61
   11482     10120        33
   11516     10154        27
   11912     10491        25
   12038     10617        20
   12215     10794        20
   12299     10878        23
   12377     10956        20
   12443     11022        20
   12545     11124        20
   12665     11244        23
   12875     11454        20
   13013     11592        23
   13037     11616        26
   14215     13034        24
   14917     13993        20
   15784     15427        29
   15904     15547        26
   15931     15574        23
   16270     15910        20
   17331     16850        26
   17996     17552        22
   18241     17797        22
   20786     20393        20
   21065     20666        26
   21101     20702        22
   21161     20762        23
   21247     20848        27
   21338     20939        31
   21370     20971        25
   21517     21118        24
   21607     21208        33
   22073     21709        20
   22317     21980        25
   22649     22312        20
   22936     22599        24
   23122     22785        31
   23479     23150        20
   23562     23235        23
   24278     23984        38
   24679     24385        27
   24889     24595        24
   25104     24810        21
   25212     24918        22
   25276     24982        29
   25333     25039        23
   26896     26602        23
   28313     28775        28
   31761     30958        25
   31811     31008        26
   32140     31541        24
   32165     31566        29
   32204     31605        20
   32290     31686        38
   34944     34166        20
   34977     34199        26
   35022     34244        23
   35046     34268        23
   35149     34371        40
   35318     34540        21
   35385     34607        23
   35451     34673        32
   35544     34766        23
   35610     34832        20
   35637     34859        59
   35703     34925        20
   35781     35003        41
   35835     35057        35
   35871     35093        70
   35953     35175        41
   36061     35283        44
   36205     35427        20
   36322     35544        20
   36346     35568        27
   36460     35682        20
   36499     35721        23
   36586     35808        29
   36634     35856        26
   36688     35910        23
   36826     36048        29
   37108     36330        20
   37148     36370        29
   37249     36471        20
   37481     36772        34
   37523     36818        27
   37938     37227        24
   38642     38330        43
   38934     38653        20
   39058     38777        20
   39401     39114        35
   39503     39216        26
   39686     39399        23
   39926     39639        26
   40094     39807        20
   40361     40074        23
   40403     40116        23
   40529     40242        22
   40754     40467        28
   40916     40629        32
   41045     40758        26
   41081     40794        29
   41165     40878        38
   41345     41058        32
   41378     41091        35
   41467     41180        33
   41535     41248        20
   41580     41293        23
   41655     41368        20
   41745     41458        20
   42484     42197        43
   42558     42271        22
   42662     42375        26
   43161     42874        32
   43197     42910        23
   43285     42998        24
   43317     43030        26
   43383     43096        20
   43434     43147        20
   43596     43309        22
   44472     44489        20
   44524     44534        35
   45229     45298        20
   45250     45319        25
   45364     45433        20
   45398     45467        22
   45492     45561        20
   45521     45590        24
   45803     45870        27
   45957     46034        22
   46024     46098        25
   47025     46724        33
   47062     46761        34
   47413     47145        33
   47569     47301        20
   47788     47520        23
   48240     48169        41
   48282     48211        32
   48728     49560        22
   48823     49654        24
   48884     49745        39
   49231     50144        20
   49708     50604        44
   49753     50649        27
   50570     51605        20
   51364     52376        31
   51534     52546        35
   51594     52606        21
   51709     52728        22
   51740     52759        21
   51824     52843        20
   51845     52864        20
   55397     53959        24
   55486     54049        24
   55760     54354        24
   55948     54576        32
   56158     54812        22
   56193     54847        45
   56824     55595        20
   56947     55718        23
   57175     55946        20
   57196     55967        26
   57358     56129        26
   57505     56276        23
   57646     56417        23
   58916     58044        30
   59258     58386        29
   59525     58653        26
   59558     58686        26
   59648     58776        41
   59708     58836        23
   59771     58899        23
   59900     59028        20
   59927     59055        24
   60014     59142        29
   60044     59172        60
   60215     59343        29
   60299     59427        28
   60399     59585        22
   61302     61033        23
   61656     61387        24
   63458     63265        20
   63617     63424        23
   63701     63508        20
   64781     65006        21
   65369     65571        29
   65435     65637        20
   65555     65757        41
   66070     66272        24
   66101     66303        23
   67309     67641        21
   67482     67840        24
   67525     67883        35
   67607     67969        20
   67643     68005        23
   67679     68041        22
   67865     68227        38
   67915     68277        24
   69330     69261        20
   69570     69528        29
   69728     69730        30
   69973     69998        26
   70000     70025        58
   70413     70512        22
   71612     72247        20
   71780     72415        21
   71897     72532        21
   72009     72690        23
   72492     73181        24
   72634     73323        25
   72798     73538        26
   73503     74308        23
   73665     74483        27
   73866     74684        27
   74529     75596        20
   74550     75617        23
   74580     75647        26
   75085     76070        42
   75128     76113        23
   75195     76180        25
   75254     76239        32
   75401     76386        23
   75428     76413        23
   75584     76569        26
   75636     76621        25
   75767     76752        32
   75899     76884        23
   76130     77115        23
   76181     77166        23
   76262     77247        23
   76286     77271        26
   76413     77398        31
   76495     77480        27
   76811     77796        27
   77380     78374        24
   78291     79359        21
   78367     79435        23
   78427     79495        23
   78454     79522        26
   78502     79570        20
   78547     79615        35
   78628     79696        35
   78724     79792        26
   78877     79945        32
   79803     80914        34
   79962     81072        25
   80068     81178        31
   80115     81225        32
   80274     81384        23
   80334     81444        20
   81695     82734        23
   81742     82781        29
   81938     82977        35
   83533     84632        20
   83884     85015        37
   83947     85078        26
   84115     85243        21
   84205     23144        20
   84909     86379        25
   85225     86732        20
   85968     87550        29
   86244     87879        26
   86584     88237        22
   86622     88275        45
   87741     89411        24
   88536     90152        34
   94664     95530        39
   94782     95648        38
   95689     96561        22
   96522     97076        27
   97454     98059        25
   97647     98128        71
   98382     98914        20
   98482     99008        37
   98691     99217        32
   98727     99253        37
   98775     99301        29
   98865     99391        32
   98925     99451        22
   98993     99519        22
   99021     99547        44
   99103     99629        61
   99196     99723        26
   99268     99795        23
   99352     99874        29
   99382     99904        24
   99505    100027        21
   99890    100378        31
   99993    100481        30
  100037    100525        26
  100064    100552        22
  100200    100688        20
  100231    100719        26
  100409    100897        20
  100431    100919        27
  100461    100949        20
  100567    101050        28
  100888    101398        20
  100909    101419        29
  100990    101500        26
  101029    101536        44
  101110    101617        22
  101164    101671        21
  101231    101738        26
  101260    101767        35
  101296    101803        28
  101450    101958        20
  101471    101979        28
  101847    102347        26
  101957    102454        42
  102000    102497        59
  102103    102600        40
  102144    102641        44
  102205    102702        24
  102386    102873        22
  102578    103049        25
  102900    103451        28
  103018    103562        22
  103225    103852        21
  103263    103891        22
  103477    104112        23
  103901    104534        27
  103997    104617        90
  104121    104752        22
  104262    104896        38
  104301    104935       147
  104449    105083        31
  104481    105115        40
  104553    105187       110
  104664    105298        34
  104699    105333        24
  104726    105360        41
  104768    105402        59
  104828    105462       234
  105063    105697       128
  105205    105839        40
  105258    105892       107
  105387    106021        60
  105448    106082        28
  105528    106162        83
  105612    106246       190
  105875    106509        26
  106089    106704        51
  106152    106767        21
  106174    106789        26
  106201    106816        39
  106241    106856        27
  106269    106884        33
  106314    106929        55
  106396    107006        29
  106427    107037        21
  106468    107082        21
  106490    107104        28
  106533    107147        34
  106597    107215        24
  106667    107289        20
  106848    107477        24
  106926    107562        34
  106961    107597        39
  107040    107675        45
  107138    107773        21
  107166    107796        64
  107272    107902        21
  107294    107924        20
  107331    107961        38
  107453    108082        75
  107573    108197        36
  107706    108332        33
  107826    108467        28
  107855    108504       102
  107983    108630        37
  108096    108747        33
  108160    108831        20
  108181    108852        26
  108228    108899        35
  108264    108935        25
  108298    108969        25
  108329    109000        33
  108363    109034        64
  108456    109126        27
  108508    109178        22
  108545    109215        71
  108617    109287        34
  108669    109339        37
  108729    109398        83
  108813    109482       117
  108931    109600        98
  109029    109697        82
  109135    109803        41
  109186    109854        50
  109243    109911        92
  109336    110004        29
  109372    110040        27
  109426    110094        70
  109497    110165       174
  109679    110346        33
  109725    110392        22
  109763    110430        35
  109800    110467        29
  109830    110497        99
  109930    110597        52
  110003    110670        30
  110034    110701        27
  110067    110734       123
  110191    110858        39
  110231    110898        30
  110262    110929        21
  110312    110979        54
  110367    111034        23
  110404    111071        94
  110502    111169       159
  110662    111329        54
  110724    111391        86
  110833    111500       119
  110965    111632        20
  111086    111747        30
  111117    111778        31
  111149    111810        27
  111380    112054        22
  111460    112140        53
  111531    112211        36
  111781    112483        81
  112132    112888        22
  112600     69742        20
  112609    113207        63
  114697    114659        25
  114727    114689        28
  114947    114909        25
  115195    115157        23
  118854    118459        48
  120538    120118        32
  121364    120944        20
  121799    121379        20
  122090    121664        24
  122754    122109        23
  124155    123730        23
  124218    123793        23
  124909    124445        20
  125050    124586        25
  126179    125823        20
  126449    126093        20
  126470    126114        20
  126668    126307        20
  126737    126376        20
  127055    126694        32
  127223    126862        20
  127304    126943        23
  127346    126985        37
  127495    127134        24
  127730    127369        20
  131378    131461        21
  137547    134227        63
  138065    134587        22
  138357    134933        81
  138652    135250        36
  138706    135304        53
  138817    135421        22
  139043    135660        27
  139071    135688        31
  139103    135720        30
  139234    135845        20
  139267    135878       119
  139409    136020        86
  139503    136114        54
  139558    136169       159
  139721    136332        94
  139829    136440        23
  139853    136464        54
  139936    136547        21
  139958    136569        30
  139989    136600        39
  140029    136640       123
  140158    136769        27
  140186    136797        30
  140237    136848        52
  140290    136901        99
  140390    137001        29
  140421    137032        35
  140472    137083        22
  140507    137118        33
  140548    137158       174
  140723    137333        70
  140820    137430        27
  140854    137464        29
  140884    137494        92
  140983    137593        50
  141043    137653        41
  141108    137718        82
  141190    137799        98
  141289    137898       117
  141407    138016        83
  141513    138121        37
  141568    138176        34
  141603    138211        71
  141689    138297        22
  141736    138344        27
  141792    138399        64
  141857    138464        33
  141896    138503        25
  141930    138537        25
  141956    138563        35
  142012    138619        26
  142039    138646        20
  142090    138717        33
  142199    138830        37
  142262    138891       102
  142365    139002        28
  142480    139132        33
  142610    139264        36
  142691    139340        75
  142850    139498        38
  142905    139553        20
  142926    139574        21
  142989    139637        64
  143060    139703        21
  143134    139777        45
  143219    139861        39
  143259    139901        34
  143347    139996        24
  143532    140188        20
  143598    140258        24
  143652    140316        34
  143701    140365        28
  143730    140394        21
  143771    140439        21
  143794    140462        29
  143850    140513        55
  143917    140580        33
  143951    140614        27
  143979    140642        39
  144019    140682        26
  144046    140709        21
  144079    140742        51
  144318    140962        26
  144417    141061       190
  144608    141252        83
  144743    141387        28
  144772    141416        60
  144854    141498       107
  144974    141618        40
  145028    141672       128
  145157    141801       234
  145392    142036        59
  145452    142096        41
  145496    142140        24
  145521    142165        34
  145556    142200       110
  145698    142342        40
  145739    142383        31
  145771    142415       147
  145919    142563        38
  146076    142723        22
  146132    142790        90
  146291    142936        27
  146719    143362        23
  146934    143584        22
  146973    143624        21
  147179    143913        22
  147291    144018        28
  147616    144423        25
  147811    144602        22
  147936    144717        32
  147990    144771        24
  148031    144812        44
  148076    144857        40
  148160    144941        59
  148220    145001        42
  148346    145124        26
  148720    145490        28
  148749    145519        20
  148895    145666        28
  148924    145695        35
  148962    145733        26
  149034    145805        21
  149087    145858        22
  149146    145917        44
  149203    145971        26
  149281    146049        29
  149311    146079        20
  149624    146419        28
  149738    146528        20
  149761    146551        27
  149790    146580        20
  149962    146752        26
  149999    146789        20
  150133    146923        22
  150156    146946        26
  150196    146986        30
  150298    147088        31
  150693    147449        21
  150813    147569        24
  150838    147594        29
  150928    147679        23
  150997    147748        26
  151055    147807        61
  151154    147906        44
  151204    147956        22
  151272    148024        22
  151322    148074        32
  151415    148167        29
  151455    148207        37
  151496    148248        32
  151700    148452        37
  151817    148563        20
  152501    149298        71
  152740    149413        25
  153670    150394        27
  154508    150914        22
  155399    151811        38
  155516    151928        39
  161251        25        40
