> gi|514253209|gb|KC893636.1|
     158       381        26
     218       441        20
     239       462        25
     308       531        20
     380       603        26
     419       642        21
     449       672        20
     473       696        20
     494       717        35
     530       753        32
     674       897        20
     695       918        49
     749       972        20
     779      1002        35
     947      1170        47
    1001      1224        32
    1127      1350        31
    1382      1637        38
    1470      1730        26
    3900      4234        38
    7536     16068        29
   12832     52318        64
   12907     52403        26
   13553     53055        30
   15088     30559        24
   15178     30630        70
   15301     30758        20
   15322     30779        30
   15355     30814        34
   15741     31300        75
   16422     31535        21
   16637     31756        32
   17409     32620        23
   20196     35318        23
   20413     35535        22
   20456     35578        32
   20517     35639        30
   20579     35695        23
   20927     36031        20
   20948     36052        22
   21242     36331        20
   21305     36394        23
   21359     36448        33
   21521     36610        23
   21647     36736        34
   21746     36835        20
   22089     37187        25
   22210     37308        24
   22379     37477        21
   22450     37548        21
   22517     37615        23
   22652     37750        35
   22826     37924        23
   23262     38349        21
   23304     38391        20
   23698     39574        22
   23733     39609        27
   23898     39774        37
   24228     40104        31
   24450     40326        22
   24898     40780        20
   25236     41128        29
   25458     41350        20
   25587     41479        32
   25620     41512        23
   25647     41539        38
   25737     41629        23
   25768     41660        22
   25906     41801        31
   25963     41858        23
   26184     42061        44
   26322     42199        27
   29025     44623        20
   29177     44775        32
   29322     44920        39
   29442     45040        21
   29986     45548        20
   30100     45662        42
   30220     45782        24
   30515     46077        22
   30592     46154        21
   30614     46176        20
   31171     46620        43
   31263     46712        20
   31527     46976        23
   31572     47021        20
   31593     47042        20
   31638     47087        20
   32252     48234        25
   32278     48260        32
   32377     48359        29
   32407     48389        32
   33010     48964        27
   33070     49024        32
   33536     49520        21
   33830     49704        49
   33921     49799        25
   34607     50469        25
   34654     50516        22
   34678     50540        32
   34939     50801        23
   34986     50848        24
   35068     50930        28
   35110     50972        20
   35269     51131        26
   35338     51200        20
   35401     51263        20
   35533     51395        23
   35877     51739        21
   36063     52014        29
   36093     52044        45
   44846     53761        32
   46099     29719        21
   56847     59227        23
   59364     61528        22
   59427     61591        21
   59449     61613        23
   59473     61637        22
   59931     62095        23
   60990     63237        22
   61071     63318        22
   61235     63499        35
   61280     63544        35
   61352     63616        42
   61654     63917        22
   61687     63950        35
   62728     65165        31
   62826     65263        20
   62962     65454        79
   63177     65739        22
   63200     65762        57
   64871     67316        31
   65904     68377        23
   65949     68423        20
   66366     68897        29
   66748     69271        39
   67273     71307        20
   67795     71736        20
   67852     71793        24
   67906     71847        26
   67978     71919        23
   68044     71985        20
   68200     72141        35
   68290     72231        25
   68347     72288        29
   68452     72393        23
   68539     72480        23
   68626     72567        24
   68680     72621        35
   68857     72798        46
   69471     73411        25
   69699     73641        23
   70318     74279        20
   70909     74932        22
   71085     75106        21
   71202     75223        38
   71274     75295        23
   71406     75427        20
   71562     75583        21
   71803     75834        25
   71991     76024        23
   72550     76560        21
   72584     76594        26
   72647     76657        56
   72830     76840        23
   72977     76987        29
   73734     77762        27
   73956     77984        32
   74192     78220        21
   74623     78658        32
   75589     79681        20
   76924     81160        23
   76984     81220        23
   77400     81713        23
   78904     83195        20
   78928     83219        21
   80286     84179        20
   80382     84275        35
   80454     84347        42
   80510     84405        24
   80633     84569        22
   80656     84592        31
   80697     84633        34
   80733     84669        24
   80859     84800        22
   80923     84872        26
   80974     84923        41
   81017     84966        23
   81054     85003        31
   81097     85046        65
   81192     85141        26
   81234     85183        53
   81288     85237        24
   81357     85306        25
   81383     85332        20
   81633     85863        25
   81750     86255        45
   81986     90994        25
   82139     91141        28
   82224     91226        24
   82265     91279        22
   82288     91302        35
   82571     92005        20
   82757     92190        22
   82922     92349        28
   82972     92399        21
   83177     92608        29
   84169     93645        39
   84209     93685        40
   84250     93726        49
   84307     93783        21
   84468     93958        32
   84555     94044        25
   84672     94171        23
   84709    142417        21
   84716     94222        23
   84739     94243        22
   84862     94367        45
   84916     94421        31
   84973     94478        46
   85038     94543        27
   85120     94625        20
   85149     94654        34
   85184     94689        37
   85222     94727        27
   85250     94755        31
   85282     94787        32
   85325     94830        46
   85387     94892        26
   85438     94943        65
   85519     95024        59
   85582     95087        27
   85625     95130        55
   85710     95210        28
   85770     95264        49
   85874     95375        30
   85915     95416        30
   85964     95465        27
   85992     95493        21
   86023     95524        23
   86047     95548        39
   86123     95624        29
   86202     95681        23
   86306     95785        21
   86385     95864        46
   86432     95911        20
   86459     95938        72
   86532     96011        21
   86582     96061        24
   86607     96086        31
   86677     96156        68
   86765     96244        56
   86822     96301        41
   86864     96343        23
   86904     96383        25
   86930     96409        50
   87029     96508        35
   87065     96544        33
   87361     96846        28
   87390     96875        31
   87422     96907        20
   87466     96951        44
   87526     97011        24
   87642     97124        21
   87665     97147        39
   87717     97199        29
   87768     97250        22
   87875     97358        20
   87916     97396        31
   87948     97428        46
   88029     97509        25
   88163     97633        35
   88217     97687        31
   88326     97797        30
   88357     97828        32
   88397     97868        27
   88426     97897        60
   88495     97966        24
   88525     97996        22
   88572     98043        35
   88623     98094        20
   88644     98115        23
   88706     98177        22
   88733     81300        43
   89274     98890        22
   89373     98994        29
   89622     99147        24
   90029     99545        32
   90075     99599        21
   90120     99643        22
   90193     99717        21
   90276     99799        30
   90416     99952        47
   90464    100000        35
   90690    100217        25
   90716    100243        51
   90785    100312        25
   90811    100338        25
   90837    100364        20
   90869    100396        34
   90914    100441        36
   90951    100478       145
   91159    100686       101
   91266    100793       100
   91369    100896        77
   91460    100987        37
   91521    101048       175
   91697    101224        67
   91765    101292        33
   91860    101388        48
   91930    101458        45
   91976    101504        25
   92002    101530        41
   92044    101572        37
   92149    101676        80
   92305    101826        20
   92344    101869        25
   92513    102034        59
   92573    102094        30
   92630    102151        38
   92707    102224        38
   92765    102282        21
   92799    102315        28
   92917    102435        28
   92946    102464        23
   92970    102488        41
   93102    102772        39
   93261    102933        45
   93307    102979        28
   93343    103015        58
   93458    103129        65
   93524    103195        72
   93606    103277        34
   93659    103328        55
   93795    103463        40
   93850    103518        20
   93871    103539        42
   93993    103662        29
   94048    103718        20
   94110    103790        22
   94128    103812        31
   94159    103838        55
   94215    103894        50
   94276    103952        62
   94414    104097        30
   94449    104132        26
   94510    104193        39
   94550    104233        35
   94642    104325        20
   94663    104346        74
   94738    104421        35
   94830    104515       122
   94953    104638        20
   95024    104706        20
   95054    104736        64
   95124    104801        29
   95162    104839        60
   95235    104912       120
   95356    105033        35
   95396    105073        44
   95452    105129       110
   95578    105255        31
   95610    105287        32
   95651    105328        43
   95702    105379        33
   95755    105432        36
   95831    105508        55
   95887    105564        23
   95941    105618        39
   96021    105698        26
   96155    105763        41
   96197    105805        50
   96248    105856        66
   96331    105938       115
   96466    106073        26
   96511    106118        77
   96589    106196        70
   96687    106294        22
   96740    106347        33
   96806    106414        89
   96902    106510        39
   96957    106565       101
   97060    106668        50
   97121    106729        30
   97152    106760       123
   97291    106899        30
   97353    106961        23
   97500    107120        50
   97616    107237        20
   97698    107312        23
   97779    107401        62
   97842    107464        51
   97913    107535        23
   97989    107608        22
   98030    107653        27
   98143    107789        76
   98257    107899        22
   98352    108357        28
   98486    108476        80
   98660    108650        34
   98961    108980        32
   99626    114174        22
  100566    115123        24
  100611    115168        26
  100647    115204        26
