> gi|514252878|gb|KC893632.1|
      10         2        27
      64        57        22
     501       376        20
     522       397        20
     543       418        20
     597       472        25
     654       529        20
     690       565        32
     723       598        47
     795       670        65
     879       754        47
     984       859        20
    1029       904        23
    1053       928        49
    1107       982        20
    1155      1030        38
    1251      1126        29
    1317      1192        29
    1371      1246        20
    1398      1273        35
    1440      1315        44
    1794      1646        41
    1883      1738        37
    2175      2034        24
    3023      2885        31
    3715      3578        21
    3881      3738        28
    4401      4241        22
    7150     15938        28
    8967     65384        21
   31293     83214        22
   34419     16005        20
   35322     65609        21
   43860     53746        28
   56857     58323        34
   57031     58497        25
   57285     58751        26
   57348     58814        29
   58197     59289        26
   58977     59762        24
   59793     60660        24
   60740     61563        22
   60763     61586        24
   60803     61626        24
   61106     61929        26
   61133     61956        28
   61284     62107        21
   61385     62208        38
   62443     63054        26
   62511     63122        27
   62697     63309        50
   62817     63430        56
   62950     63563        25
   62979     63592        26
   63021     63634        23
   63123     63736        20
   63156     63769        50
   63337     63961        20
   64109     65036        20
   64305     65255        32
   64354     65304        30
   64572     65460        76
   65013     65812        31
   65135     65934        20
   65716     66627        24
   66008     66967        51
   66082     67041        43
   66142     67101        25
   66171     67130        31
   66806     67721        20
   67204     68130        23
   67245     68172        23
   67698     68696        20
   67774     68772        20
   68045     69063        23
   68108     69126        21
   68781     70006        26
   68893     70118        26
   69058     70283        20
   69478     70618        22
   69976     70996        24
   70517     71437        29
   70576     71497        29
   70617     71538        27
   70651     71572        62
   70759     71680        29
   70807     71728        27
   70978     71899        24
   71017     71938        32
   71071     71992        25
   71119     72040        20
   71159     72080        25
   71287     72208        32
   71320     72241        26
   71362     72283        20
   71383     72304        23
   71410     72331        21
   71461     72382        23
   71485     72406        26
   71515     72436        26
   71638     72559        20
   71659     72580        21
   71989     72910        23
   72250     73139        32
   72291     73180        24
   72499     73388        25
   72526     73415        26
   72573     73462        25
   72648     73546        24
   72779     73677        20
   72858     73756        25
   73038     73939        23
   73356     74268        21
   73782     74706        20
   73824     74745        24
   73849     74770        26
   73984     74905        26
   74029     74950        44
   74098     75019        21
   74158     75079        38
   74248     75169        32
   74281     75202        32
   74398     75319        23
   74422     75343        20
   74585     75497        34
   74680     75593        35
   75344     76256        23
   75401     76312        34
   75520     76431        23
   75556     76467        27
   75619     76530        26
   75664     76575        26
   75838     76749        26
   75877     76788        21
   76175     77120        27
   76248     77193        32
   76424     77375        23
   76458     77409        26
   76525     77476        22
   76818     77769        34
   76986     77937        42
   77078     78029        21
   77241     78191        23
   77313     78263        21
   77342     78292        21
   77569     78519        20
   77700     78853        25
   77729     78882        26
   77777     78930        20
   78306     79435        20
   78360     79489        21
   78477     79606        23
   78585     79714        23
   78782     84328        21
   78956     80131        20
   79034     80209        26
   79095     80270        58
   79298     80473        22
   79802     80974        25
   81162     82384        27
   81234     82456        61
   81314     82536        39
   81567     82789        20
   81657     82879        22
   81735     82957        20
   81759     82981        21
   82318     83374        22
   82545     83601        44
   82691     83812        20
   82727     83848        22
   82870     83991        29
   82900     84021        29
   82933     84054        26
   82993     84114        29
   83047     84168        57
   83105     84226        24
   83130     84251        29
   83266     84416        37
   83304     84454        35
   83340     84490        24
   83381     84531        31
   83437     84587        56
   83518     84676        51
   83570     84728        95
   83666     84824        31
   83709     84867        27
   83735     84892        96
   83847     85004        47
   83901     85058        31
   83955     85112        40
   83998     85155        25
   84078     85235        32
   84111     85268        57
   84169     85326        78
   84276     85433        29
   84313     85470        35
   84360     85517        71
   84449     85606        30
   84493     85650        21
   84515     85672        29
   84555     85709        20
   84596     86029        93
   84694     86127        37
   84773     86205        44
   84844     86276        35
   84886     86318        21
   84962     86394        40
   85040     86472        20
   85101     86533        22
   85156     86588        28
   85200     86632        27
   85254     86686        24
   85279     86711        22
   85302     86734        20
   85347     86779        23
   85394     86826        29
   85424     86856        32
   85478     86910        20
   85499     86931        67
   85567     86999        22
   85645     87077        41
   85698     87130        48
   85748     87180        28
   85777     87209        21
   85808     87243        37
   85889     87324        20
   86018     87447        59
   86137     87569        22
   86218     87650        22
   86496     87922        44
   86623     88049        44
   86668     88094        21
   86741     88167        26
   86771     88197        21
   86807     88233        25
   86901     88327        32
   86934     88360        33
   86987     88407        27
   87067     88469        25
   87131     88533        45
   87200     88602        59
   87290     88692        29
   87322     88724        30
   87362     88764        24
   87387     88789        32
   87428     88830        28
   87497     88902        20
   87551     88956        24
   87626     89031       122
   87781     89186        33
   87841     89246        32
   87876     89281        53
   87943     89348        26
   88059     89458        28
   88148     89595        25
   88260     89707        25
   88286     89733        40
   88405     89861        30
   88463     89919        20
   88490     89946        31
   88538     89994        38
   88626     90103        20
   88715     90192        22
   88755     90232        22
   88794     90271        28
   88828     90305        31
   88862     90339        95
   88958     90435        31
   89015     90498        22
   89043     90526        35
   89148     90616        32
   89228     90696        36
   89266     90734        48
   89328     90796        44
   89391     90859        32
   89424     90892        48
   89480     90948        26
   89597     91065        21
   89631     91102        27
   89660     91131        89
   89833     91298        28
   89862     91327        20
   89885     91350        24
   89910     91375        52
   89975     91440        24
   90032     91497        32
   90065     91530        32
   90147     91612        28
   90194     91659        34
   90271     91736        36
   90361     91826        24
   90392     91857        57
   90477     91942        41
   90524     91989        44
   90596     92061        56
   90701     92166        26
   90755     92220        29
   90853     92318        36
   90935     92394        20
   90968     92427        27
   90996     92455        22
   91028     92487        22
   91069     92528        22
   91095     92554        22
   91188     92647        55
   91250     92709        24
   91330     92789        20
   91351     92810        30
   91420     92879        45
   91478     92937        28
   91522     92981        20
   91973     93106        23
   92403     93355        20
   92499     93458        39
   92539     93498        75
   92687     93646        31
   92728     93687        21
   92792     93767        26
   92920     93896        33
   92967     93943        21
   93000     93976        34
   93101     94077        30
   93174     94145        21
   93205     94176        53
   93316     94287        46
   93381     94352        27
   93420     94391        30
   93460     94431        31
   93538     94509        54
   93597     94568        27
   93625     94596        32
   93658     94629        71
   93730     94701        26
   93757     94728        68
   93826     94797        20
   93847     94818        21
   93869     94840       149
   94048     95018        26
   94107     95089        38
   94201     95189        40
   94242     95230        30
   94291     95279        59
   94355     95339        48
   94454     95438        31
   94512     95495        55
   94594     95577        52
   94647     95630        36
   94695     95678        40
   94736     95719        20
   94773     95756        68
   94859     95842        28
   94917     95900        31
   94952     95935        34
   94987     95970        66
   95054     96037        65
   95120     96103        59
   95212     96195        27
   95240     96223        69
   95310     96293        28
   95375     96358        33
   95665     96640        49
   95715     96690        59
   95775     96750        74
   95850     96825        32
   95900     96875        27
   95928     96903        97
   96027     97002       104
   96132     97107        23
   96156     97131        20
   96234     97210        49
   96284     97260        58
   96347     97323        25
   96395     97370        66
   96477     97447        27
   96513     97483        51
   96641     97611        30
   96672     97642        32
   96712     97682        27
   96741     97711       121
   96872     97842        50
   96959     97929        23
   96983     97953        20
   97007     97977        51
   97049     81040        42
   97082     98052        20
   97184     98159        32
   97761     98675        56
   98176     99015        20
   98277     99121        23
   98481     99305        23
   98576     99408        32
   98640     99469        26
   98761     99590        23
   98909     99731        25
   98943     99766        47
   98991     99814        34
   99072     99888        26
   99191    100004        26
   99244    100057        51
   99313    100126        51
   99365    100178       259
   99625    100438        20
   99662    100475        22
   99685    100498        43
   99729    100542        64
   99794    100607        53
   99848    100661       126
   99975    100788        73
  100049    100862       277
  100348    101161        89
  100450    101263        54
  100505    101318       152
  100658    101471        99
  100797    101685        39
  100885    101782        29
  100946    101837        70
  101017    101908        30
  101061    101952        51
  101122    102013        24
  101147    102038        57
  101205    102096        21
  101233    102124        33
  101359    102247        30
  101390    102278        23
  101434    102323        33
  101469    102358        27
  101497    102386        25
  101538    102429        26
  101570    102466        38
  101609    102505        41
  101654    102550        33
  101684    102583        41
  101808    102708        38
  101847    102747        75
  101924    102824        42
  101967    102867        20
  102013    102913        24
  102038    102938        70
  102109    103009        39
  102149    103049        32
  102185    103085        42
  102228    103128        32
  102261    103161        50
  102366    103261        33
  102397    103293        23
  102436    103332        68
  102505    103401        30
  102742    103516        52
  102795    103569        21
  102817    103591        34
  102862    103635        68
  102931    103704        20
  102998    103771        24
  103030    103803        53
  103095    103868        85
  103224    103998        22
  103247    104021       110
  103366    104140        20
  103397    104173        47
  103445    104221        91
  103537    104313        90
  103634    104411        64
  103699    104476        31
  103731    104508        45
  103777    104554        58
  103836    104613        94
  103931    104708        95
  104027    104804        24
  104052    104829       100
  104153    104930       116
  104277    105054        26
  104328    105105        43
  104392    105169        69
  104462    105239        42
  104505    105282        70
  104625    105402        20
  104666    105443        36
  104703    105480       117
  104821    105598       149
  104971    105748       122
  105094    105871        77
  105172    105949        42
  105245    106022        50
  105312    106089        82
  105395    106172       386
  105782    106559        76
  105859    106636        68
  105961    106738        47
  106016    106794        84
  106103    106881        20
  106150    106914        33
  106215    106988        21
  106288    107065        54
  106343    107120        82
  106439    107216        36
  106555    107345        26
  106685    107469        78
  107005    107773        24
  107039    107806        24
  107221    107985        22
  107272    108036        36
  107327    108096        22
  107386    108151        38
  107425    108190        50
  107483    108248        28
  107527    108292        20
  107564    108329        36
  107676    108445        27
  107855    108676        38
  107894    108715        29
  108008    108820        27
  108036    108848        22
  127706    127080        22
  127729    127103        27
  127841    127206        29
  127871    127236        38
  128061    127478        27
  128164    127585        36
  128217    127638        20
  128253    127674        28
  128289    127710        50
  128340    127761        38
  128415    127832        22
  128456    127878        36
  128521    127943        22
  128701    128120        24
  128735    128153        24
  129001    128403        78
  129183    128579        26
  129289    128698        36
  129339    128748        82
  129422    128831        54
  129528    128941        21
  129581    129003        33
  129641    129049        20
  129664    129072        84
  129756    129165        47
  129837    129246        68
  129906    129315        76
  129983    129392       386
  130370    129779        82
  130469    129878        50
  130550    129959        42
  130593    130002        77
  130671    130080       122
  130794    130203       149
  130944    130353       117
  131062    130471        36
  131119    130528        20
  131189    130598        70
  131260    130669        42
  131303    130712        69
  131393    130802        43
  131461    130870        26
  131495    130904       116
  131612    131021       100
  131713    131122        24
  131738    131147        95
  131834    131243        94
  131929    131338        58
  131988    131397        45
  132034    131443        31
  132066    131475        64
  132137    131547        90
  132228    131638        91
  132320    131730        47
  132378    131790        20
  132407    131819       110
  132518    131930        22
  132584    131997        85
  132681    132094        53
  132742    132155        24
  132813    132226        20
  132834    132247        68
  132913    132325        34
  132948    132360        21
  132970    132382        52
  133229    132519        30
  133260    132550        68
  133344    132634        23
  133365    132656        33
  133453    132739        50
  133504    132790        32
  133537    132823        42
  133583    132869        32
  133616    132902        39
  133656    132942        70
  133727    133013        24
  133777    133063        20
  133798    133084        42
  133842    133128        75
  133918    133204        38
  134039    133326        41
  134077    133367        33
  134114    133404        41
  134156    133446        38
  134200    133495        26
  134242    133539        25
  134268    133565        27
  134297    133594        33
  134351    133649        23
  134375    133673        30
  134498    133793        33
  134538    133833        21
  134560    133855        57
  134618    133913        24
  134652    133947        51
  134717    134012        30
  134748    134043        70
  134850    134139        29
  134928    134226        39
  135007    134380        99
  135107    134480       152
  135260    134633        54
  135327    134700        89
  135438    134811       277
  135716    135089        73
  135790    135163       126
  135917    135290        53
  135971    135344        64
  136036    135409        43
  136080    135453        22
  136119    135492        20
  136140    135513       259
  136400    135773        51
  136469    135842        51
  136547    135920        26
  136666    136036        26
  136739    136102        34
  136774    136137        47
  136830    136194        25
  136980    136337        23
  137098    136455        26
  137156    136510        32
  137260    136622        23
  137464    136806        23
  137568    136915        20
  137947    137219        56
  138548    137759        32
  138662    137878        20
  138690    117723        25
  138706    137922        51
  138761    137977        20
  138782    137998        23
  138842    138058        50
  138902    138118       121
  139025    138241        27
  139060    138276        32
  139093    138309        30
  139200    138416        51
  139260    138476        27
  139303    138514        66
  139392    138602        25
  139422    138632        58
  139481    138691        49
  139588    138799        20
  139609    138820        23
  139633    138844       104
  139739    138950        97
  139837    139048        27
  139882    139093        32
  139915    139126        74
  139990    139201        59
  140050    139261        49
  140356    139559        33
  140426    139629        28
  140455    139658        69
  140525    139728        27
  140585    139788        59
  140645    139848        65
  140711    139914        66
  140778    139981        34
  140816    140019        31
  140877    140080        28
  140923    140126        68
  141008    140211        20
  141029    140232        40
  141081    140284        36
  141118    140321        52
  141197    140400        55
  141279    140481        31
  141361    140563        48
  141414    140612        59
  141492    140690        30
  141523    140721        40
  141619    140823        38
  141690    140906        26
  141746    140961       149
  141896    141111        21
  141918    141133        20
  141939    141154        68
  142008    141223        26
  142035    141250        71
  142107    141322        32
  142140    141355        27
  142172    141387        54
  142273    141488        31
  142314    141529        30
  142356    141571        27
  142402    141617        46
  142506    141721        53
  142569    141784        21
  142633    141843        30
  142730    141940        34
  142776    141986        21
  142811    142021        33
  142946    142157        26
  143015    142242        21
  143046    142273        31
  143150    142377        75
  143226    142453        39
  143341    142575        20
  143768    142821        23
  144222    142949        20
  144258    142985        28
  144299    143026        45
  144383    143110        30
  144414    143141        20
  144490    143217        24
  144521    143248        55
  144647    143374        22
  144673    143400        22
  144714    143441        22
  144746    143473        22
  144769    143496        27
  144809    143536        20
  144875    143596        36
  144980    143701        29
  145037    143758        26
  145112    143833        56
  145196    143917        44
  145246    143967        41
  145315    144036        57
  145379    144100        24
  145457    144178        36
  145536    144257        34
  145589    144310        28
  145667    144388        32
  145700    144421        32
  145765    144486        24
  145802    144523        52
  145855    144576        24
  145882    144603        20
  145903    144624        28
  146015    144730        89
  146106    144821        27
  146146    144864        21
  146258    144976        26
  146292    145010        48
  146341    145059        32
  146392    145110        44
  146450    145168        48
  146500    145218        36
  146584    145302        32
  146686    145389        35
  146727    145430        22
  146775    145484        31
  146807    145516        95
  146905    145614        31
  146942    145651        28
  146987    145696        22
  147027    145736        22
  147118    145827        20
  147188    145918        38
  147243    145973        31
  147281    146011        20
  147329    146059        30
  147438    146177        40
  147479    146218        25
  147591    146330        25
  147677    146464        28
  147795    146576        26
  147835    146616        53
  147891    146672        32
  147950    146731        33
  148016    146797       122
  148189    146970        24
  148247    147028        20
  148308    147092        28
  148345    147129        32
  148378    147162        24
  148412    147196        30
  148445    147229        29
  148505    147289        59
  148588    147372        45
  148672    147456        25
  148750    147516        27
  148797    147557        33
  148831    147591        32
  148932    147692        25
  148972    147732        21
  148997    147757        26
  149075    147835        21
  149097    147857        44
  149224    147984        44
  149365     48063        20
  149524    148278        22
  149605    148359        22
  149687    148444        59
  149855    148606        20
  149919    148670        37
  149966    148720        21
  149988    148742        28
  150018    148772        48
  150078    148832        41
  150175    148929        22
  150198    148952        67
  150266    149020        20
  150308    149062        32
  150341    149095        29
  150394    149148        23
  150442    149196        20
  150463    149217        22
  150486    149240        24
  150537    149291        27
  150580    149334        28
  150641    149395        22
  150704    149458        20
  150762    149516        40
  150857    149611        21
  150885    149639        35
  150947    149701        44
  151033    149786        37
  151075    149828        93
  151189    150221        20
  151220    150249        29
  151250    150279        21
  151285    150314        30
  151333    150362        71
  151416    150445        35
  151459    150488        29
  151517    150546        78
  151596    150625        57
  151654    150683        32
  151741    150770        25
  151769    150798        40
  151832    150861        31
  151870    150899        47
  151933    150962        96
  152028    151056        27
  152067    151095        31
  152099    151127        95
  152195    151223        51
  152271    151307        56
  152352    151388        31
  152400    151436        24
  152425    151461        35
  152461    151497        37
  152605    151670        29
  152635    151700        24
  152660    151725        57
  152742    151807        29
  152805    151870        26
  152835    151900        29
  152865    151930        29
  153015    152080        22
  153053    152118        20
  153175    152305        44
