> gi|442566390|gb|KC180772.1|
      12         1        25
      64        54        23
     501       588        44
     597       684        44
     696       783        71
     792       879        59
     879       966        29
     909       996        26
     936      1023        29
     984      1071        20
    1005      1092        86
    1092      1179        41
    1134      1221        20
    1173      1260        20
    1245      1332        29
    1302      1389        56
    1371      1458        68
    1440      1527        62
    1520      1606        37
    1797      1877        50
    1883      1953        37
    2178      2214        22
    2327      2363        32
    3007      3046        25
    3154      3202        32
    3715      3751        20
    3886      3930        23
    4326      4362        21
    4376      4412        20
    4397      4433        42
    4565      4863        20
    5003     39369        20
    5444      6116        20
    5893      7551        56
    6129      7775        21
    6423      8072        21
    6472      8121        25
    6879      8495        26
    6893     52002        23
    6925      8539        30
    7150      8815        31
    7942      9681        42
    8249      9995        23
    8365     10119        23
    8595     10367        62
    8691     10455        48
    8890     10751        30
    8921     10782        47
    9495     11379        26
    9564     11448        29
    9594     11478        22
    9654     11538        26
    9782     11666        48
    9858     11742        32
    9897     11781        26
    9933     11817        20
    9972     11856        26
   10023     11907        27
   10089     11973        38
   10137     12021        23
   10206     12090        59
   10272     12156        32
   10305     12189        23
   10347     12231        20
   10380     12264        32
   10497     12381        20
   10578     12462        35
   10635     12519        29
   10665     12549        32
   10716     12600        24
   10743     12627        78
   10841     12724        20
   11053     12927        28
   11288     13162        21
   11335     13207        29
   11441     13301        21
   11569     13433        20
   11907     13806        20
   11998     13914        34
   12035     13951        48
   12474     14430        21
   12643     14624        23
   12790     14771        38
   12867     14848        27
   13355     15989        20
   13385     16019        20
   13409     16043        29
   13439     16073        91
   13571     16205        32
   13649     16283        20
   13835     16469        24
   13919     16553        50
   13988     16622        32
   14082     16710        24
   14311     16903        25
   14375     16967        20
   14402     16994        32
   14513     17105        20
   14567     17159        20
   14604     17196        21
   14738     17330        50
   14834     17426        63
   14911     17503        21
   14933     17525        20
   14954     17546        26
   15505     18107        21
   15545     18147        29
   15587     18189        23
   15695     18297        32
   15794     18396        29
   15842     18444        23
   15872     18474        33
   16019     18621        41
   16222     18824        24
   16553     19155        21
   17129     19740        20
   17204     19815        40
   17273     19884        40
   17632     20243        21
   17869     20483        21
   18026     20640        26
   18335     20949        24
   18362     20976        26
   18395     21009        50
   18446     21060        44
   18517     21131        35
   18592     21206        30
   18662     21276        20
   18683     21297        20
   18736     21344        20
   18820     21428        27
   18863     21471        20
   18914     21522        26
   18941     21549        23
   18971     21579        29
   19001     21609        20
   19067     21675        29
   19133     21741        20
   19166     21774        50
   19259     21867        56
   19319     21927        20
   19427     22035        27
   19455     22063        33
   19710     22321        27
   19787     22398        28
   19835     22446        38
   19874     22485        26
   20090     22707        38
   20153     22770        41
   20203     22820        23
   20297     22914        29
   20365     22982        27
   20411     23028        20
   20510     23127        35
   20546     23163        32
   20585     23202        32
   20630     23247        44
   20678     23295       101
   20846     23463        40
   21011     23628        20
   21034     23651        30
   21065     23682        27
   21101     23718        38
   21164     23781        31
   21196     23813        32
   21277     23893        20
   21493     24093        26
   21677     24260        20
   21816     24389        27
   21879     24443        28
   21984     24548        34
   22019     24583        31
   22058     24622        29
   22115     24679        44
   22166     24730        20
   22190     24754        38
   22280     24844        71
   22395     24959        41
   22489     25053        37
   22527     25091        21
   22552     25116        25
   22645     25209        50
   22696     25260        20
   22747     25311        41
   22789     25353        26
   22816     25380        23
   22909     25473        29
   22950     25514        27
   22978     25542        20
   23020     25584        20
   23065     25629        29
   23095     25659        20
   23143     25707        29
   23206     25770        20
   23227     25791        21
   23371     25935        23
   23491     26055        29
   23590     26154        26
   23812     26376        20
   23977     26541        20
   23998     26562        26
   24037     26601        32
   24100     26664        23
   24366     26930        21
   24388     26952        20
   24461     27025        22
   24484     27048        20
   24538     27102        35
   24601     27165        29
   24637     27201        20
   24892     27456        23
   24922     27486        46
   25015     27579        32
   25081     27645        77
   25159     27723        20
   25213     27777        23
   25351     27915        34
   25404     27968        38
   25494     28058        48
   25615     28179        23
   25786     28335        24
   26622     29493        21
   26644     29515        49
   27251     30392        23
   27387     30527        22
   28002     31602        29
   28088     31677        26
   28175     31764        21
   28229     31818        22
   29088     32743        53
   29142     32797        20
   29586     33253        24
   29611     33278        54
   29706     33373       105
   30504     34368        76
   30877     34759        38
   31667     35793        25
   31708     35834        40
   31749     35875        32
   31791     35917        20
   31821     35947        23
   31851     35977        41
   31989     36115        47
   32088     36214        92
   32205     36331        35
   32274     36400        41
   32340     36466        23
   32364     36490        98
   32475     36601        23
   32499     36625        38
   32544     36670        35
   32584     36710        34
   32619     36745        20
   32673     36799        80
   32754     36880        84
   32872     36998        38
   32924     37050        25
   32950     37076        42
   33028     37154        20
   33052     37178        29
   33094     37220        32
   33133     37259        23
   33160     37286        35
   33196     37322        20
   33227     37353        31
   33268     37394        23
   33328     37454        41
   33370     37496        36
   33407     37533        46
   33460     37586        41
   33505     37631        29
   33535     37661        28
   33634     37760        20
   33658     37784        29
   33784     37910        26
   33895     38021        23
   33998     38124        28
   34039     38165        26
   34090     38216        32
   34343     38502        35
   34387     38546        58
   34880     39044        41
   34922     39086        20
   34944     39108        22
   35479     39929        30
   35510     39960        43
   35703     40183        47
   35751     40231        20
   35933     40413        32
   36008     40488        32
   36041     40521        23
   36092     40572        26
   36143     40623        40
   36184     40664        21
   36270     40744        22
   36385     40855        26
   36412     40882        23
   36439     40909        23
   36520     40990        44
   36583     41053        29
   36613     41083        23
   36637     41107        23
   36661     41131        34
   36696     41166       111
   36814     41284        23
   36838     41308        20
   36883     41353        26
   36910     41380        29
   36940     41410        58
   36999     41469        24
   37063     41533        28
   37168     41638        32
   37227     41697        21
   37285     41755        23
   37309     41779        44
   37417     41887        20
   37492     41962        53
   37552     42022        56
   37636     42106        41
   37690     42160        20
   37764     42234        24
   37809     42279        43
   37870     42340        20
   38020     42490        26
   38047     42517        32
   38095     42565        21
   38161     42631        29
   38191     42661        26
   38272     42742        29
   38346     42816        32
   38395     42865        20
   38422     42892        32
   38455     42925        23
   38494     42964       258
   38753     43223        56
   38825     43295        20
   38861     43331        23
   38894     43364        38
   38978     43448        53
   39050     43520        20
   39071     43541        23
   39125     43595        38
   39266     43736        20
   39326     43796        20
   39392     43862        23
   39470     43940        38
   39509     43979        56
   39641     44111        20
   39665     44135        39
   39705     44175        36
   39742     44212        45
   39788     44258        29
   39908     44378        20
   39943     44413        30
   40004     44474        37
   40094     44564        53
   40190     44660        23
   40229     44699        62
   40307     44777        44
   40382     44852        23
   40406     44876        23
   40430     44900        26
   40481     44951        32
   40514     44984        23
   40544     45014        32
   40631     45101        20
   40682     45152        50
   40733     45203        29
   40769     45239       125
   40980     45442        27
   41022     45484        30
   41588     46118        20
   41624     46154        24
   41734     46264        21
   42140     46583        40
   42268     46715        20
   42477     46944        69
   42601     47068        23
   42664     47131        29
   42694     47161        20
   42715     47182        27
   43031     47503        21
   43139     47609        24
   43438     47945        23
   43462     47969        20
   43534     48041        23
   43797     48915        25
   43852     48970        36
   44187     49320        25
   44367     49500        26
   44484     49617        28
   44538     49671        20
   44574     49707        71
   44736     49869        20
   45149     50082        81
   46046     51407        60
   46107     51468        23
   46207     51584        23
   46313     51831        48
   46406     51924        34
   46807     52139        51
   47645     52981        23
   47738     53074        34
   47867     53203        32
   47941     53277        27
   47993     53329        29
   48193     53514        30
   48333     53654        26
   48386     53707        30
   48462     53783        32
   48516     53837        35
   48552     53873        20
   48573     53894        62
   48783     54104        26
   48930     54245        21
   48952     54267        28
   48981     54296        21
   49032     54347        21
   49069     54384        44
   49209     54524        23
   49257     54572        42
   50130     55125        31
   50231     55224        33
   50389     55349        27
   50794     55759        47
   50863     55828        24
   50950     55907        20
   51023     55972        41
   51065     56014        31
   51248     56348        39
   51335     56435        21
   51375     56475        20
   51396     56496        26
   51423     56523        28
   51498     56598        33
   51558     56658        26
   51591     56691        85
   51710     56810        41
   51788     56888        23
   51836     56936        23
   51884     56984        23
   51911     57011        23
   51944     57044        20
   51983     57083        32
   52034     57134        26
   52064     57164        20
   52115     57215        26
   52208     57308        38
   52286     57386        26
   52313     57413        23
   52357     57457        21
   52382     57482        26
   52451     57551        41
   52538     57638        26
   52592     57692        20
   52631     57731        53
   52763     57863        20
   52796     57896        24
   52865     57965        29
   52895     57995        20
   52916     58016        26
   52976     58076        38
   53015     58115        20
   53577     58677        32
   53723     58859        33
   53844     58988        21
   53897     59031        72
   53977     59111        31
   54009     59143        41
   54066     59200        86
   54160     59294        23
   54225     59359        23
   54267     59401        36
   54318     59452        21
   54468     59602        23
   54492     59626        20
   54537     59671        47
   54603     59737        26
   54645     59779        26
   54672     59806        53
   54754     59888        22
   54873     60007        21
   54903     60037        23
   54936     60070        23
   54973     60107        25
   55001     60135        21
   55050     60184        26
   55081     60215        31
   55137     60271        35
   55194     60328        32
   55230     60364        27
   55258     60392        43
   56004     61173        21
   56869     62051        22
   57030     62212        50
   57090     62272        24
   57297     62479        29
   57348     62530        29
   57390     62572        22
   57444     62626        20
   58720     64031        27
   58971     64282        30
   59026     64337        22
   59081     64392        20
   59626     65485        20
   59753     65613        28
   59912     65772        28
   60061     65921        26
   60115     65975        38
   60160     66020        20
   60265     66125        20
   60563     66413        22
   60731     66581        31
   60763     66613        24
   60794     66644        33
   60950     66800        23
   60992     66842        29
   61085     66935        35
   61142     66992        20
   61175     67025        20
   61364     67214        20
   61397     67247        29
   61427     67277        26
   61493     67343        26
   62446     68390        29
   62511     68455        27
   62706     68655        29
   62766     68715        36
   62818     68768        40
   62862     68812        38
   62907     68857        23
   62940     68890        35
   63021     68971        23
   63105     69055        29
   63144     69094        62
   63353     69314        22
   63780     70437        43
   63846     70503        20
   63863     70510        23
   64091     70718        26
   64304     70928        33
   64338     70962        46
   64538     71165        20
   64563     71190        93
   65013     71625        31
   65045     71657        26
   65135     71747        20
   65578     72155        23
   66008     72597       126
   66147     72736        62
   66517     73062        25
   66652     73206        21
   66881     73435        25
   66942     73496        22
   67054     73619        23
   67211     73770        20
   67698     74279        20
   68023     74597        45
   68214     74788        21
   68408     75010        20
   68507     75093        36
   68683     75315        38
   68781     75411        26
   68891     75521        28
   68941     75571        23
   69032     75662        24
   69058     75688        39
   69122     75753        30
   69479     76108        21
   69912     76503        31
   69975     76566        24
   70095     76686        20
   70351     76844        42
   70439     76935        26
   70507     77001        40
   70566     77060        30
   70652     77146        64
   70717     77211        80
   70803     77297        21
   70870     77364        32
   70978     77472        26
   71023     77517        26
   71050     77544        20
   71071     77565        29
   71140     77634        23
   71164     77658        20
   71263     77757        83
   71377     77871        29
   71410     77904        21
   71459     77953        52
   71563     78057        20
   71638     78132        20
   71659     78153        21
   71989     78483        26
   72287     78697        28
   72492     78908        21
   72529     78945        23
   72563     78979        35
   72646     79062        26
   72758     79174        20
   72779     79195        32
   73038     79458        31
   73356     79763        28
   73484     79890        25
   73576     79986        32
   73824     80241        24
   73873     80290        47
   73921     80338        35
   73957     80374        23
   74008     80425        41
   74050     80467        23
   74098     80515        50
   74158     80575        38
   74260     80677        41
   74338     80755        23
   74362     80779        20
   74383     80800        38
   74446     80863        26
   74585     80994        34
   74674     81078        44
   74750     81158        40
   75004     81402        21
   75063     81465        28
   75339     81789        28
   75363     81812        22
   75401     81850        37
   75478     81927        38
   75520     81969        23
   75562     82011        21
   75584     82033        28
   75619     82068        26
   75664     82113        23
   75775     82224        32
   75844     82293        20
   75877     82326        21
   76248     82725        32
   76399     82876        24
   76428     82905        47
   76518     82995        32
   76555     83032        36
   76622     83099        23
   76818     83295        48
   76908     83385        20
   76935     83412        29
   76992     83469        36
   77112     83589        28
   77166     83633        23
   77199     83666        23
   77241     83708        23
   77343     83810        35
   77436     83903        23
   77460     83927        54
   77605     84082        31
   77697     84163        31
   77777     84243        20
   77801     84267        20
   78306     84756        29
   78654     85104        38
   78956     85369        20
   79010     85423        23
   79103     85516        38
   79205     85618        32
   79298     85711        20
   79616     86036        32
   79675     86095        33
   79712     86132        22
   79862     86274        22
   81185     87477        24
   81252     87544        25
   81282     87574        31
   81435     87727        22
   81462     87754        20
   81489     87781        23
   81731     88023        24
   81756     88048        24
   82037     88329        32
   82341     88641        35
   82413     88713        20
   82491     88791        20
   82545     88845        35
   82611     88906        22
   82634     88929        29
   82691     88986        28
   82727     89022        22
   82798     89093        20
   82879     89174        50
   82933     89228        26
   82960     89255        77
   83038     89333       117
   83173     89468        22
   83266     89544       114
   83381     89659        32
   83426     89704        85
   83523     89800       213
   83735     90011       145
   83881     90157        29
   83911     90187        26
   83955     90231        40
   83998     90274        33
   84068     90344        83
   84145     90427       119
   84276     90558        24
   84301     90583       168
   84497     90783        31
   84555     90838       134
   84690     90973        56
   84747     91030        20
   84768     91051        49
   84822     91105        55
   84896     91179        25
   84962     91245        40
   85003     91286        29
   85038     91321        34
   85090     91373        33
   85141     91424        51
   85200     91483        33
   85234     91517        36
   85279     91562        22
   85302     91585        42
   85347     91630        37
   85394     91677        60
   85481     91764        23
   85530     91813        22
   85553     91836        36
   85590     91873        78
   85671     91954        22
   85694     91977        52
   85747     92030        35
   85805     92088        40
   85880     92163        44
   85925     92208        29
   85981     92264        37
   86018     92295        72
   86160     92428        26
   86254     92522        63
   86321     92589       107
   86429     92697        31
   86461     92729        37
   86508     92776        26
   86535     92803        22
   86606     92874        49
   86668     92936        30
   86741     93009        51
   86807     93075        32
   86840     93108        24
   86865     93133        24
   86890     93158        50
   86941     93209        26
   86979     93241        24
   87004     93266        21
   87121     93383        40
   87177     93439        20
   87200     93462        59
   87260     93522        21
   87286     93548        21
   87321     93583        37
   87362     93624        30
   87414     93655        28
   87434     93696        40
   87530     93792        61
   87641     93903        32
   87674     93936        47
   87722     93984        44
   87768     94030        46
   87815     94077        25
   87841     94103        69
   88025     94287        29
   88059     94315        32
   88110     94414        34
   88148     94452        25
   88260     94564        25
   88286     94590        40
   88326     94639        20
   88399     94712        36
   88436     94749        21
   88463     94776        20
   88489     94802        32
   88530     94843        48
   88626     94939        30
   88664     94977        45
   88752     95065        35
   88789     95102        70
   88870     95183        21
   88892     95205        26
   88919     95232        38
   89008     95327        29
   89052     95371        26
   89103     95413        34
   89162     95472        58
   89227     95537        87
   89328     95638        32
   89361     95671        62
   89424     95734        66
   89507     95817        44
   89597     95907        26
   89631     95941        27
   89660     95970        89
   89760     96070        22
   89825     96135        28
   89854     96164        28
   89883     96193        22
   89906     96216        68
   89975     96285        24
   90032     96342        21
   90055     96365        60
   90147     96457        40
   90194     96504        29
   90224     96534        22
   90247     96557        20
   90271     96581        36
   90336     96646       128
   90465     96775       115
   90581     96891        39
   90621     96931        42
   90701     97011        26
   90769     97079        34
   90843     97153       109
   90953     97263        42
   90996     97306        31
   91056     97366        38
   91097     97407        35
   91163     97473        24
   91188     97498        25
   91217     97527        26
   91244     97554        80
   91331     97641        68
   91400     97710        61
   91462     97772        39
   91522     97832        20
   91543     97853        33
   91605     97911        21
   91627     97933        32
   91742     98058        65
   91821     98137        25
   91873     98188        21
   91944     98273        29
   91974     98303        22
   92007     98336        73
   92106     98435        31
   92248     98568        30
   92280     98600        22
   92303     98623        25
   92329     98656        21
   92356     98683        31
   92403     98735        28
   92438     98764        35
   92474     98800        23
   92499     98838        39
   92539     98878        75
   92644     98983        20
   92671     99010        31
   92755     99092        24
   92798     99140        20
   92920     99264        22
   92954     99298        29
   93000     99344        73
   93101     99445        30
   93131     99469        48
   93174     99513        21
   93196     99535        78
   93293     99632        22
   93316     99655        64
   93381     99720        33
   93415     99754        44
   93460     99799        44
   93508     99847        29
   93538     99877        58
   93597     99936       228
   93826    100165        42
   93869    100208       149
   94019    100357        34
   94054    100392        20
   94092    100436        55
   94155    100501        32
   94192    100538       158
   94355    100697        48
   94422    100764        38
   94461    100803        24
   94506    100848        45
   94552    100894        34
   94594    100936        89
   94695    101037        61
   94773    101115        85
   94868    101210        83
   94952    101294        35
   95006    101348        47
   95054    101396        72
   95127    101469        52
   95180    101522        23
   95204    101546       151
   95357    101699        37
   95426    101779        21
   95448    101801        20
   95469    101822        31
   95501    101854        22
   95524    101877        23
   95616    101968        24
   95662    102014        25
   95685    102039        23
   95715    102069       131
   95847    102201        35
   95883    102237        32
   95916    102270        68
   95985    102339        40
   96026    102380       151
   96189    102543        20
   96216    102570        56
   96284    102642        43
   96343    102701        29
   96374    102731        23
   96398    102755        78
   96477    102840        27
   96505    102868        89
   96611    102974        21
   96633    102996       103
   96737    103100       168
   96906    103269        43
   96950    103313       168
   97132    103495        34
   97187    103551        29
   97240    103604        30
   97283    103645        39
   97358    103719        26
   97385    103746        37
   97468    103837        21
   97488    103858        24
   97527    103897        27
   97673    104021        20
   97750    104087        22
   97773    104110        59
   97868    104205        21
   97914    104256        28
   97951    104293        20
   97972    104304        31
   98047    104347        21
   98149    104449        23
   98277    104589        23
   98304    104611        69
   98481    104789        30
   98512    104820        25
   98643    104940        30
   98675    104972        21
   98762    105059        22
   98863    105150        23
   98888    105183        20
   98909    105204        32
   98940    105240        78
   99030    105326        20
   99072    105368        43
   99144    105440        24
   99176    105472        41
   99237    105533        75
   99313    105609       324
   99662    105958       185
   99848    106144       109
   99975    106271       243
  100219    106515       418
  100658    106954        99
  100797    107168        47
  100898    107271        24
  100946    107313       166
  101145    107511        87
  101241    107607        50
  101309    107675        80
  101390    107756        35
  101434    107803        20
  101471    107840       110
  101582    107951        71
  101654    108023        71
  101807    108178       116
  101924    108295        42
  101967    108338        33
  102010    108386        23
  102034    108410        74
  102127    108503        57
  102185    108561        75
  102261    108637        46
  102342    108714        57
  102397    108770        35
  102433    108806        71
  102505    108878        28
  102607    108978        23
  102648    109028        44
  102694    109074        21
  102745    109125        71
  102817    109197        32
  102862    109243        89
  102951    109326        23
  102975    109350        22
  102998    109373        24
  103023    109398        20
  103064    109439       132
  103205    109580       156
  103362    109737        24
  103411    109786        33
  103445    109820        86
  103532    109907        95
  103634    110012       142
  103777    110155        58
  103836    110214       181
  104025    110403        26
  104052    110430       217
  104276    110654        27
  104326    110704        74
  104401    110779       174
  104582    110960        83
  104666    111044       154
  104821    111199       271
  105094    111472        70
  105165    111543        26
  105192    111570       372
  105565    111943       323
  105899    112277        28
  105958    112336        45
  106004    112382        98
  106150    112514        33
  106215    112588        21
  106288    112661        54
  106343    112716        95
  106439    112812        30
  106587    112969        55
  106653    113037        25
  106685    113069        72
  106875     31891        20
  106979    113340        30
  107034    113399        29
  107079    113431        28
  107169    113527        25
  107212    113575        21
  107234    113597        24
  107260    113623        57
  107312    113679        28
  107382    113755        42
  107425    113798        54
  107480    113853        31
  107527    113900        20
  107548    113921        23
  107577    113950        23
  107607    113980        30
  107671    114045        30
  107702    114076        27
  107731    114105        26
  107759    114138        28
  107859    114238        77
  107942    114321        26
  107984    114363        57
  108042    114421        43
  108086    114465        30
  108117    114496        38
  108171    114550       134
  108306    114685        31
  108355    114734        37
  108447    114820        49
  108547    114920        24
  108616    115034        23
  109023    115669        25
  109677    116332        29
  109797    116452        23
  109914    116569        23
  109974    116629        28
  110004    116659        38
  110045    116700        30
  110082    116737        23
  110247    116902        41
  110442    117097        26
  110517    117172        20
  110678    117333        20
  110699    117354        21
  110721    117376        35
  110994    117649        22
  111965    118736        22
  112947    119375        32
  112982    119408        23
  113140    119567        20
  113530    119948        32
  113914    120317        27
  114026    120429        22
  114070    120473        22
  114248    120666        21
  114609    121111        24
  114667    121169        30
  114726    121228        21
  114771    121273        30
  114817    121319        23
  114889    121391        20
  114925    121427        20
  115021    121523        20
  115045    121547        32
  115243    121745        20
  115380    121882        27
  115408    121910        26
  115444    121946        62
  115569    122071        26
  115801    122303        25
  115999    122503        29
  116038    122542        26
  116110    122614        26
  116173    122677        23
  116515    123030        31
  116676    123191        20
  116697    123212        35
  116754    123269        20
  117074    123555        33
  117123    123604        32
  117340    123821        24
  117538    124019        52
  118017    124532        26
  118047    124562        35
  118088    124603        21
  118110    124625        29
  118164    124679        23
  118205    124720        27
  118251    124766        38
  118338    124853        31
  118494    125009        20
  118547    125087        39
  118590    125130        37
  118644    125184        22
  118692    125232        32
  118958    125507        20
  118983    125532        44
  119034    125583        24
  119257    125845        21
  119342    125924        25
  119503    126090        22
  119597    126170        29
  120159    126666        28
  120194    126701        32
  120239    126746        59
  120311    126818        22
  120374    126881        26
  120568    127075        21
  120715    127222        34
  120783    127290        22
  120912    127419        26
  120954    127461        50
  121195    127702        22
  121248    127755        26
  121296    127803        29
  121438    127945        25
  121464    127971        23
  121496    128003        21
  121554    128061        20
  121677    128184        23
  121743    128250        32
  121845    128352        32
  124462    131212        21
  125287    132064        32
  126813    133626        21
  126925    133738        22
  127125    133944        23
  127193    134057        24
  127268    134132        49
  127372    134230        37
  127427    134285        31
  127459    134317       134
  127609    134467        38
  127648    134506        30
  127679    134537        43
  127723    134581        57
  127796    134654        26
  127828    134686        77
  127977    134835        28
  128007    134870        26
  128035    134898        27
  128063    134926        30
  128127    134991        30
  128164    135028        23
  128193    135057        23
  128217    135081        20
  128253    135117        31
  128285    135149        54
  128340    135204        42
  128424    135294        28
  128447    135321        57
  128506    135380        24
  128531    135405        21
  128570    135449        25
  128657    135542        28
  128701    135573        29
  128755    135631        30
  129007    135860        72
  129086    135939        25
  129122    135977        55
  129295    136159        30
  129326    136190        95
  129422    136286        54
  129528    136392        21
  129581    136454        33
  129662    136521        98
  129761    136620        45
  129837    136696        28
  129876    136735       323
  130200    137059       372
  130573    137432        26
  130600    137459        70
  130672    137531       271
  130944    137803       154
  131099    137958        83
  131189    138048       174
  131364    138223        74
  131461    138320        27
  131495    138354       217
  131713    138572        26
  131747    138606       181
  131929    138788        58
  131988    138847       142
  132137    138999        95
  132233    139095        86
  132320    139182        33
  132378    139240        24
  132403    139265       156
  132568    139430       132
  132721    139583        20
  132742    139604        24
  132767    139629        22
  132790    139652        23
  132813    139669        89
  132915    139772        32
  132948    139805        71
  133049    139906        21
  133072    139929        44
  133134    140000        23
  133231    140095        28
  133260    140124        71
  133332    140196        35
  133365    140230        57
  133457    140318        46
  133504    140365        75
  133580    140441        57
  133656    140517        74
  133731    140592        23
  133764    140630        33
  133798    140664        42
  133841    140707       116
  134039    140907        71
  134111    140979        71
  134183    141051       110
  134310    141178        20
  134339    141210        35
  134375    141246        80
  134473    141344        50
  134532    141403        87
  134652    141522       166
  134842    141706        24
  134920    141786        47
  135007    141948        99
  135127    142068       418
  135546    142487       243
  135807    142748       109
  135917    142858       185
  136127    143068       324
  136452    143393        75
  136547    143488        41
  136596    143537        24
  136649    143590        43
  136714    143655        20
  136746    143683        78
  136823    143765        32
  136856    143798        20
  136878    143828        23
  136980    143920        22
  137068    144008        21
  137091    144031        30
  137227    144156        25
  137253    144182        30
  137391    144321        69
  137464    144389        23
  137592    144529        23
  137696    144633        21
  137761    144666        31
  137793    144688        20
  137822    144717        28
  137875    144775        21
  137932    144832        59
  137992    144892        22
  138071    144960        20
  138210    145077        27
  138252    145119        24
  138275    145143        21
  138342    145218        37
  138380    145256        26
  138442    145317        39
  138494    145367        30
  138548    145421        29
  138598    145472        34
  138646    145520       168
  138815    145689        43
  138859    145733       168
  139028    145902       103
  139132    146006        21
  139170    146044        89
  139260    146134        27
  139288    146168        78
  139367    146247        23
  139392    146271        29
  139437    146316        43
  139492    146375        56
  139555    146438        20
  139587    146470       151
  139739    146622        40
  139780    146663        68
  139849    146732        32
  139882    146765        35
  139918    146801       131
  140056    146939        23
  140077    146962        25
  140124    147009        24
  140217    147101        23
  140241    147125        22
  140264    147148        31
  140296    147180        20
  140317    147201        21
  140370    147265        37
  140409    147304       151
  140561    147456        23
  140585    147480        52
  140638    147533        72
  140711    147606        47
  140777    147672        35
  140813    147708        83
  140906    147801        85
  141008    147903        61
  141081    147976        89
  141178    148073        34
  141213    148108        45
  141279    148174        24
  141304    148199        38
  141361    148256        48
  141414    148305       158
  141577    148468        32
  141617    148510        55
  141690    148589        20
  141711    148610        34
  141746    148644       149
  141896    148794        42
  141939    148837       228
  142168    149066        58
  142227    149125        29
  142260    149158        44
  142305    149203        44
  142350    149248        33
  142384    149282        64
  142449    149347        22
  142490    149388        78
  142569    149467        21
  142585    149484        48
  142633    149526        30
  142691    149584        73
  142781    149674        29
  142822    149715        22
  142946    149841        20
  142985    149885        24
  143062    149960        31
  143100    149998        20
  143150    150048        75
  143226    150124        39
  143267    150178        23
  143291    150202        35
  143333    150238        28
  143377    150287        31
  143414    150324        21
  143436    150353        25
  143462    150379        22
  143486    150403        30
  143627    150535        31
  143684    150592        73
  143768    150676        22
  143791    150699        29
  143870    150792        21
  143918    150839        25
  143957    150878        65
  144105    151036        32
  144138    151069        21
  144188    151115        33
  144222    151149        20
  144263    151190        39
  144303    151230        61
  144365    151292        68
  144440    151367        80
  144521    151448        26
  144551    151478        25
  144577    151504        24
  144632    151559        35
  144670    151597        38
  144737    151664        31
  144769    151696        42
  144812    151739       109
  144961    151888        34
  145037    151964        26
  145101    152028        42
  145144    152071        39
  145184    152111       115
  145300    152227       128
  145457    152384        36
  145497    152424        20
  145518    152445        22
  145541    152468        29
  145577    152504        40
  145649    152576        60
  145711    152638        21
  145765    152692        24
  145790    152717        68
  145859    152786        22
  145882    152809        28
  145911    152838        28
  145982    152909        22
  146015    152942        89
  146106    153033        27
  146141    153068        26
  146213    153140        44
  146274    153201        66
  146341    153268        62
  146404    153331        32
  146450    153377        87
  146544    153471        58
  146627    153554        34
  146686    153604        26
  146727    153645        29
  146807    153731        38
  146846    153770        26
  146873    153797        21
  146905    153829        70
  146977    153901        35
  147055    153979        45
  147108    154032        30
  147186    154110        48
  147243    154167        32
  147281    154205        20
  147307    154231        21
  147329    154253        36
  147418    154342        20
  147438    154371        40
  147479    154412        25
  147591    154524        25
  147620    154553        34
  147673    154654        32
  147710    154685        29
  147854    154829        69
  147924    154899        25
  147950    154925        46
  147998    154973        44
  148043    155018        47
  148091    155066        32
  148173    155148        61
  148290    155265        40
  148322    155318        28
  148372    155347        30
  148406    155381        37
  148457    155432        21
  148483    155458        21
  148505    155480        59
  148567    155542        20
  148603    155578        40
  148739    155714        21
  148761    155736        24
  148797    155766        26
  148824    155793        50
  148875    155844        24
  148900    155869        24
  148925    155894        32
  148972    155941        51
  149066    156035        30
  149109    156078        49
  149207    156176        22
  149230    156199        26
  149266    156235        37
  149304    156273        31
  149336    156305       107
  149447    156416        63
  149578    156547        26
  149674    156634        72
  149746    156700        37
  149810    156764        29
  149840    156794        44
  149919    156873        40
  149982    156936        35
  150018    156972        52
  150071    157025        22
  150096    157050        78
  150175    157129        36
  150212    157166        22
  150260    157214        23
  150310    157264        60
  150380    157334        37
  150420    157374        42
  150463    157417        22
  150494    157448        36
  150531    157485        33
  150572    157526        51
  150641    157595        33
  150692    157646        34
  150732    157686        29
  150762    157716        40
  150843    157797        25
  150887    157841        55
  150947    157901        49
  150997    157951        20
  151018    157972        56
  151075    158029       134
  151236    158187        31
  151295    158250       168
  151464    158419        24
  151500    158455       119
  151613    158574        83
  151733    158694        33
  151769    158730        40
  151827    158788        26
  151854    158815        29
  151884    158845       145
  152028    158988       213
  152253    159212        85
  152351    159310        32
  152384    159343       114
  152569    159511        22
  152609    159551       117
  152727    159669        77
  152805    159747        26
  152835    159777        50
  152946    159888        20
  153015    159957        22
  153045    159987        28
  153101    160043        29
  153131    160073        22
