> gi|442568282|gb|KC180794.1|
      68       533        29
     109       574        60
     191       656        29
     287       752        25
     313       778        24
     338       803        47
     410       875        26
     437       902        35
     473       938        23
     497       962        35
     536      1001        38
     653      1118        62
     716      1181        41
     758      1223        50
     812      1277        20
     836      1301        23
     872      1337        26
     917      1382        41
     983      1448        80
    1079      1544        82
    1160      1618        26
    1377      1867        48
    1463      1956        26
    1893      2370        38
    1945      2422        22
    2375      2852        25
    2571      3048        21
    2688      3159        21
    2797      3268        24
    2881      3352        28
    3179      3650        28
    3263      3747        32
    3435      3941        22
    3577      4089        30
    3728      4262        21
    3788      4329        26
    3815      4356        43
    3885      4427        70
    4307      4876        22
    4600      5083        24
    4702      5185        22
    4725      5208        22
    4755      5238        21
    5183      5690        49
    5474      5994        21
    5669      6155        21
    5703      6189        26
    6176      7605        46
    6223      7652        28
    6357      7805        42
    6432      7875        21
    6537      8022        23
    6627      8112        36
    6702      8187        31
    7014      8590        30
    7069      8645        20
    7090      8666        23
    7114      8690        27
    7215      8897        40
    7256      8938        50
    7866      9769        41
    7964      9869        24
    8024      9929        29
    8101     10006        20
    8322     10246        23
    8496     10449        62
    8568     10518        70
    8794     10838        30
    8825     10869        46
    9228     11382        24
    9253     11407        29
    9301     11455        31
    9370     11524        29
    9400     11554        38
    9439     11593        20
    9460     11614        20
    9481     11635        32
    9526     11680        32
    9559     11713        23
    9583     11737        68
    9673     11827        24
    9733     11887        23
    9792     11946        37
    9835     11989        21
    9928     12082        38
    9994     12148        59
   10078     12232        26
   10105     12259        29
   10153     12307        20
   10174     12328        20
   10195     12349        20
   10216     12370        20
   10254     12408        27
   10340     12494        58
   10399     12553        35
   10441     12595        29
   10471     12625        38
   10542     12696        24
   10567     12721        32
   10608     12762        31
   10735     12884        23
   10759     12908        26
   10789     12938        20
   10819     12968        20
   10861     13010        39
   10939     13088        20
   10993     13142        20
   11031     13180        21
   11053     13202        35
   11089     13238        44
   11135     13284        25
   11218     13372        20
   11291     13473        20
   11546     13720        31
   11703     13885        27
   11812     13996        24
   11852     14036        47
   11938     14122        26
   12255     14750        26
   12327     14822        38
   12366     14861        23
   12399     14894        20
   12420     14915        33
   12458     92789        20
   12537     15069        20
   13211     15868        29
   13430     16088        20
   13451     16109       110
   13565     16223        29
   13601     16259        32
   13643     16301        29
   13727     16385        29
   13802     16460        23
   13862     16520        41
   13907     16565        26
   13996     16654        36
   14181     16838        37
   14319     16992        30
   14350     17023        27
   14378     17051        59
   14474     17147        20
   14495     17168        35
   14570     17243        26
   14615     17288        22
   14648     17321        28
   14708     17381        20
   14730     17403        22
   14759     17432        20
   14787     17460        37
   14843     17516        50
   14966     17639        20
   15011     17684        23
   15462     18135        20
   15578     18251        24
   15603     18276        20
   15729     18402        23
   15816     18489        47
   15864     18537        22
   15894     18567        31
   15960     18633        35
   15996     18669        32
   16044     18717        28
   16110     18783        20
   16412     19079        24
   16559     19238        22
   16677     19356        27
   16853     19535        36
   16892     19574        32
   16943     19625        30
   17162     19844        22
   17313     19995        20
   17337     20019        31
   17505     20187        21
   17607     20289        26
   17748     20424        22
   18021     20697        20
   18129     20805        20
   18275     20951        27
   18366     21042        26
   18435     21111        32
   18477     21153        49
   18622     21298        31
   18654     21330        26
   18828     21504        20
   18867     21543        26
   18912     21588        26
   18966     21642        23
   18996     21672        53
   19092     21768        58
   19212     21888        29
   19257     21933        26
   19320     21996        20
   19344     22020        34
   19446     22122        26
   19505     22181        23
   19588     22264        29
   19671     22341        23
   19788     22458        31
   19869     22539        25
   19908     22578        47
   20079     22764        45
   20125     22810        73
   20199     22884        20
   20228     22913        25
   20313     22998        23
   20382     23067        37
   20436     23121        20
   20457     23142        20
   20478     23163        25
   20547     23232        65
   20634     23319        20
   20670     23355        32
   20727     23412        27
   20775     23460        41
   20925     23610        40
   20970     23655        26
   21036     23721        20
   21057     23742        29
   21087     23772        38
   21132     23817        32
   21165     23850        23
   21222     23907        23
   21269     23959        25
   21472     24173        40
   21641     24333        23
   22007     24709        27
   22067     24769        39
   22119     24821        20
   22158     24860        32
   22206     24908        20
   22269     24971        22
   22330     25032        22
   22362     25064        30
   22424     25126        32
   22483     25185        48
   22601     25303        44
   22685     25387        22
   22708     25410        30
   22742     25444        87
   22832     25534        38
   22871     25573        33
   22906     25608        24
   22931     25633        23
   22955     25657        48
   23021     25723        32
   23078     25780        41
   23120     25822        29
   23162     25864        26
   23255     25957        25
   23285     25987        53
   23339     26041        29
   23372     26074        21
   23477     26179        23
   23540     26242        29
   23570     26272        20
   23627     26329        23
   23705     26407        32
   23771     26473        23
   23933     26635        20
   23993     26695        44
   24044     26746        43
   24198     26900        22
   24261     26969        30
   24320     27028        29
   24362     27070        26
   24404     27112        20
   24488     27196        23
   24512     27220        30
   24543     27251        66
   24647     27355        23
   24671     27379        23
   24695     27403        41
   24740     27448        32
   24773     27481        47
   24833     27541        32
   24884     27592        41
   24950     27658        30
   24998     27706        26
   25034     27742        41
   25076     27784        41
   25118     27826        22
   25157     27865        29
   25199     27907        26
   25226     27934        23
   25250     27958        64
   25315     28023        21
   25337     28045        23
   25361     28069        55
   25445     28153        82
   25528     28236        27
   25678     28377        24
   25908     28604        36
   26818     29596        40
   26861     29638        35
   27508     30278        20
   27677     30491        21
   27723     30542        30
   27754     30573        44
   27799     30618        26
   28452     31009        21
   28684     31254        27
   29032     31620        38
   29083     31671        41
   29150     31730        38
   29309     31881        24
   29609     32810        55
   29665     32866        20
   30089     33316        93
   30229     33456        61
   30291     33518        28
   30348     33585        26
   30889     34439        74
   31364     34930        22
   32028     35915       107
   32172     36059        23
   32214     36101        38
   32256     36143        32
   32325     36212        29
   32355     36242        35
   32424     36311        71
   32517     36404        26
   32544     36431        59
   32613     36500        56
   32691     36578       113
   32814     36701       116
   32970     36857        29
   33000     36887        23
   33024     36911        80
   33105     36992        31
   33128     37021        49
   33212     37105        76
   33304     37197        33
   33338     37231        28
   33403     37296        23
   33439     37332        32
   33472     37365        29
   33505     37398        32
   33538     37431        53
   33592     37485        20
   33616     37509        62
   33686     37579        25
   33730     37623        23
   33754     37647        50
   33805     37698        26
   33874     37767        20
   33916     37809        47
   33982     37875        20
   34003     37896        23
   34027     37920        41
   34123     38016        23
   34192     38085        20
   34213     38106        20
   34261     38154        20
   34294     38187        74
   34373     38266        25
   34435     38328        38
   34614     38503        20
   34711     38614        35
   34748     38657        26
   35033     38931        20
   35125     39043        35
   35161     39079        28
   35190     39108        21
   35243     39161        22
   35305     39223        31
   35840     40045        26
   36040     40235        85
   36179     40380        45
   36368     40576        38
   36435     40643        31
   36470     40678        28
   36499     40707        26
   36526     40734        36
   36593     40801        25
   36690     40899        22
   36719     40928        23
   36743     40952        23
   36812     41021        29
   36851     41060        62
   36914     41123        53
   36971     41180        20
   36992     41201        29
   37027     41236        33
   37070     41279        62
   37166     41375        23
   37208     41417        35
   37250     41459        20
   37271     41480        29
   37307     41516        22
   37367     41576        34
   37475     41684        32
   37514     41723        26
   37544     41753        53
   37618     41827        90
   37748     41957        44
   37793     42002        41
   37835     42044        23
   37877     42086        65
   37996     42205        24
   38021     42230        25
   38048     42257        20
   38059     44492        41
   38095     42304        33
   38129     42338        25
   38201     42410        28
   38245     42454        21
   38267     42476        33
   38366     42575        32
   38399     42608        56
   38470     42679        21
   38522     42731        35
   38603     42812        41
   38663     42872        20
   38726     42935        23
   38753     42962        56
   38825     43034       195
   39021     43230        23
   39045     43254        91
   39137     43346        60
   39222     43431        41
   39264     43473        44
   39312     43521        50
   39402     43611        23
   39438     43647        56
   39507     43716        20
   39552     43761        71
   39633     43842        46
   39711     43920        53
   39807     44016        40
   39848     44057        45
   39894     44103        35
   39972     44181        20
   39996     44205        29
   40026     44235        44
   40073     44282        36
   40127     44336        36
   40200     44409        26
   40227     44436        38
   40274     44483        27
   40317     44526        32
   40350     44559        20
   40371     44580        23
   40416     44625        34
   40451     44660        27
   40479     44688        23
   40521     44730        20
   40545     44754        28
   40581     44790        41
   40632     44841        53
   40713     44922        23
   40751     44960        42
   40821     45030        47
   40872     45081        35
   40962     45171        36
   41001     45210        26
   41031     45240        29
   41064     45273        20
   41098     45307        27
   41126     45335        24
   41166     45375        49
   41304     45512        28
   41341     45549        38
   41865     46205        53
   41922     46262        35
   42008     46350        26
   42218     46583        23
   42288     46653        43
   42396     46765        23
   42442     46805        20
   42479     46843        30
   42553     46921        21
   42587     46954        21
   42658     47034        22
   42698     47074        26
   42746     47122        23
   42800     47176        20
   42821     47197        59
   42881     47257        29
   42925     47301        22
   42972     47348        40
   43220     47574        31
   43335     47694        26
   43696     48073        74
   43860     48236        22
   44102     48515        30
   44642     48970        33
   44688     49016        57
   45023     49345        34
   45061     49383        20
   45112     49434        29
   45250     49572        25
   45286     49608        20
   45328     49650        20
   45349     49671        45
   45449     49771        22
   45472     49794        47
   45529     49851        33
   45598     49920        25
   45624     49946        23
   45653     49974        21
   46236     50145        77
   47082     51486        66
   47156     51560        32
   47190     51594        23
   47255     51667        27
   47283     51695        23
   47560     51949        46
   47629     52018        26
   47656     52045        35
   47922     52186        22
   47977     52241        20
   47998     52262        62
   48103     52385        20
   48724     53092        35
   48760     53128        20
   48799     53167        20
   48842     53210        27
   48870     53238        26
   48897     53265        20
   48934     53302        20
   49036     53404        38
   49075     53443        59
   49135     53503        29
   49179     53547        29
   49330     53675        38
   49382     53727        21
   49532     53877        35
   49667     54012        59
   49739     54084        20
   49805     54150        20
   49826     54171        35
   49862     54207        20
   49907     54252        21
   49932     54277        23
   50046     54404        41
   50119     54477        35
   50155     54513        29
   50185     54543        46
   50232     54590        24
   50325     54683        35
   50379     54737        24
   50902     55281        74
   51003     55384        23
   51233     55618        21
   51327     55708        23
   51429     55809        23
   51508     55893        24
   51533     55918        41
   51594     55987        37
   51743     56125        97
   52062     56503        20
   52083     56524        26
   52154     56595        21
   52214     56655        27
   52272     56713        23
   52329     56770        21
   52383     56824        20
   52410     56851        34
   52508     56949        29
   52556     56997        32
   52592     57033        32
   52631     57072        47
   52700     57141        38
   52739     57180        23
   52793     57234        20
   52814     57255        38
   52856     57297        23
   52880     57321        29
   52937     57378        20
   52979     57420        25
   53005     57446        42
   53048     57489        20
   53111     57552        62
   53174     57615        23
   53201     57642        32
   53234     57675        35
   53270     57711        56
   53357     57798        50
   53408     57849        29
   53456     57897        29
   53576     58017        26
   53609     58050        94
   53735     58176        26
   53795     58236        23
   53836     58277        20
   53943     58387        21
   54007     58438        30
   54135     58587        24
   54377     58829        24
   54496     58967        49
   54663     59132        80
   54787     59256        22
   54867     59336        38
   54966     59435        26
   55011     59480        20
   55044     59513        26
   55083     59552        27
   55134     59603        26
   55161     59630        29
   55227     59696        23
   55299     59768        20
   55323     59792        47
   55381     59850        34
   55416     59885        35
   55452     59921        47
   55530     59999        33
   55581     60050        44
   55650     60119        50
   55728     60197        28
   55757     60226        21
   55794     60263        20
   55836     60305        54
   55891     60360        31
   55923     60392        20
   55959     60428        20
   56001     60470        32
   56046     60515        41
   56474     60900        23
   56832     61254        20
   57483     61980        56
   57575     62072        25
   57618     62115        36
   57661     62158        23
   57712     62209        22
   57744     62241        24
   57797     62294        36
   57894     62391        26
   57945     62442        23
   58113     62610        29
   58170     62667        29
   58230     62727        21
   58614     63500        30
   58726     63612        34
   59116     64026        21
   59178     64074        21
   59217     64113        39
   59332     64228        27
   59382     64278        29
   59454     64350        56
   59625     64521        22
   59673     64569        20
   60152     65666        20
   60247     65761        25
   60380     65888        20
   60506     66014        38
   60596     66104        35
   60634     66142        27
   60761     66269        36
   60868     66497        36
   60986     66615        58
   61066     66695        20
   61112     66741        50
   61169     66798        27
   61203     66832        36
   61279     66908        43
   61420     67049        32
   61540     67169        29
   61599     67228        21
   61651     67280        23
   61684     67313        20
   61813     67442        47
   62292     68507        23
   62342     68557        44
   62540     68769        86
   62656     68885        43
   62707     68936        22
   62745     68974        25
   62803     69032        27
   62832     69061        50
   62913     69142        59
   62982     69211        63
   63101     69331        20
   63139     69369        61
   63986     70543        39
   64058     70615        23
   64252     70799        23
   64287     70834        26
   64326     70873        35
   64460     71036        26
   64487     71063        31
   64646     71308        90
   65176     71808        22
   65253     71885        37
   65686     72329        31
   65776     72428        32
   65818     72470        31
   65850     72502        39
   66144     72728        25
   66191     72775       125
   66326     72910        35
   66386     72970        48
   66594     73233        31
   66700     73351        68
   66833     73484        38
   66962     73613        40
   67030     73681        22
   67053     73704        20
   67103     73759        20
   67130     73786        23
   67154     73810        33
   67278     73947        21
   67300     73969        21
   67434     74103        23
   67670     74427        42
   67716     74473        30
   67757     74514        37
   67964     74735        23
   67994     74765        27
   68051     74822        27
   68204     74970        20
   68282     75058        20
   68425     75199        29
   68478     75254        24
   68546     75337        23
   68670     75469        38
   68758     75555        51
   68825     75622        20
   68880     75677        30
   68933     75730        26
   68964     75761        24
   69030     75827        44
   69111     75909        23
   69142     75940        27
   69313     76126        28
   69397     76213        29
   69442     76261        22
   69821     76679        20
   69870     76728        34
   69908     76766        26
   69935     76793        26
   70143     77010        23
   70302     77172        22
   70351     77221        39
   70413     77283        40
   70472     77342        26
   70502     77372        50
   70553     77423        29
   70610     77480        26
   70637     77507        29
   70676     77546        33
   70814     77684        29
   70856     77726        20
   70913     77783        23
   70937     77807        32
   71048     77918        29
   71078     77948        26
   71105     77975        26
   71147     78017        35
   71195     78065        28
   71249     78119        44
   71315     78185        20
   71360     78230        20
   71391     78261        61
   71453     78323        30
   71537     78407        26
   71579     78449        44
   71630     78500        59
   71693     78563        29
   71738     78608        24
   71804     78674        73
   72057     78862        28
   72103     78908        32
   72136     78941        21
   72156     78962        20
   72217     79021        21
   72265     79069        23
   72289     79093        39
   72402     79211        48
   72540     79348        31
   72572     79380        24
   72617     79425        38
   72657     79465        22
   72796     79613        39
   72966     79763        29
   73261     80043        25
   73335     80131        27
   73370     80166        41
   73650     80444        44
   73695     80489        26
   73752     80546        20
   73791     80585        23
   73872     80666        23
   73896     80690        26
   73929     80723        20
   73950     80744        21
   73992     80786        20
   74013     80807        32
   74046     80840        20
   74067     80861        23
   74109     80903        26
   74136     80930        26
   74163     80957        29
   74262     81060        20
   74298     81095        51
   74459     81226        39
   74550     81317        24
   74649     81427        29
   74785     81554        21
   74837     81610        23
   74893     81677        25
   75087     81936        39
   75162     82011        21
   75187     82036        20
   75208     82057        35
   75262     82111        23
   75286     82135        23
   75448     82297        44
   75493     82342        20
   75523     82372        20
   75574     82423        20
   75604     82453        36
   75692     82525        46
   76076     82993        31
   76148     83065        29
   76178     83095        41
   76250     83167        40
   76502     83419        44
   76559     83476        23
   76610     83527        20
   76652     83569        35
   76703     83620        22
   76735     83652        21
   76880     83790        41
   76994     83904        40
   77041     83951        27
   77108     84018        38
   77168     84078        35
   77311     84221        28
   77390     84297        42
   77433     84340        22
   77471     84378        27
   77965     84901        29
   78003     84939        33
   78037     84973        23
   78073     85009        41
   78160     85096        35
   78326     85262        37
   78578     85508        32
   78656     85586        20
   78728     85658        26
   78809     85739        20
   78845     85775        22
   78890     85820        44
   79174     86121        23
   79198     86145        20
   79237     86184        35
   79309     86256        38
   79372     86319        47
   79468     86415        48
   79637     86539        20
   79763     86652        28
   80281     87215        34
   80344     87283        29
   80558     87564        27
   80628     87634        35
   80664     87670        34
   80703     87709        30
   80745     87751        20
   80775     87781        23
   80849     87855        21
   80871     87877        32
   81056     88068        39
   81146     88158        51
   81457     88410        26
   81518     88471        28
   81607     88560        29
   81717     88677        21
   81901     88806        35
   81976     88881        26
   82057     88962        20
   82443     89088        26
   82470     89115        44
   82546     89191        43
   82590     89235        38
   82674     89319        28
   82706     89351        21
   82728     89373        56
   82785     89430       157
   82948     89593        33
   83018     89668        55
   83074     89724        76
   83151     89801        26
   83194     89846        86
   83285     89942       192
   83478     90135       129
   83608     90265        33
   83642     90299        28
   83672     90329        76
   83749     90406        43
   83793     90450        26
   83860     90517        52
   83906     90569        36
   83943     90606        43
   83987     90650        21
   84009     90672        51
   84062     90725        71
   84134     90797        30
   84165     90828        43
   84206     90873        36
   84254     90925        31
   84286     90957        22
   84312     90987        33
   84350     91025       146
   84532     91207        95
   84628     91303        29
   84686     91361        37
   84726     91395        36
   84794     91463        22
   84817     91486        36
   84892     91561        38
   84949     91618        26
   84976     91645        50
   85027     91696        23
   85051     91720        63
   85133     91802        75
   85286     91955        22
   85309     91978        55
   85365     92034        24
   85390     92059        26
   85427     92096        22
   85450     92119        53
   85517     92186        21
   85539     92208       126
   85692     92361        32
   85725     92394        27
   85765     92434        96
   85909     92569        27
   85945     92605        58
   86004     92664       110
   86115     92775        30
   86146     92806        70
   86217     92877        31
   86263     92923        21
   86318     92978        87
   86422     93082        26
   86460     93120        78
   86557     93217        43
   86601     93261        33
   86635     93295        55
   86691     93351        56
   86748     93408        65
   86842     93502        32
   86875     93541        24
   86915     93581        20
   86936     93602        55
   86992     93658        21
   87060     93720        21
   87082     93742        49
   87134     93815        22
   87157     93838        46
   87204     93885        22
   87230     93911        84
   87325     94006        48
   87376     94057        20
   87397     94078       116
   87514     94195       111
   87676     94357        51
   87753     94440        26
   87787     94474        34
   87883     94570        43
   87927     94614        66
   87994     94681        24
   88019     94706        45
   88065     94752        24
   88109     94796        20
   88141     94828        57
   88199     94886        31
   88240     94927        48
   88315     95002        41
   88388     95075        67
   88456     95143        25
   88504     95191        45
   88562     95249        28
   88591     95278        34
   88638     95325        21
   88660     95347        26
   88687     95374        49
   88745     95432        80
   88936     95614        59
   88996     95674        42
   89039     95717        49
   89089     95767        20
   89110     95788        24
   89161     95839        32
   89205     95883        59
   89281     95959        29
   89354     96032        42
   89415     96093       103
   89590     96271        20
   89637     96318        24
   89677     96358       147
   89826     96507        66
   89893     96574        65
   89959     96640        35
   89995     96676        98
   90097     96778        22
   90120     96801        63
   90184     96865        63
   90248     96929        47
   90296     96977        95
   90438     97119        48
   90584     97265        22
   90607     97288        48
   90656     97337        33
   90682     97369        22
   90718     97405        43
   90814     97501        22
   90886     97573        44
   90935     97622        25
   90988     97675        94
   91106     97793        38
   91164     97851        78
   91275     97962        66
   91414     98095        24
   91439     98120        23
   91472     98153        20
   91519     98200        28
   91598     98279        72
   91680     98411        32
   91714     98445        21
   91752     98483        40
   91800     98533        31
   91844     98577        25
   91876     98609        59
   91954     98687        28
   92002     98735        29
   92032     98765        20
   92052     98798        20
   92094     98840        25
   92128     98880        22
   92154     98906        23
   92178     98930        45
   92224     98976       124
   92441     99194        43
   92547     99282        21
   92758     99500        41
   92791     99540       137
   92929     99678        26
   92956     99705        80
   93048     99797        64
   93126     99875        20
   93147     99896        35
   93183     99932        40
   93224     99973        36
   93261    100010        63
   93325    100074        64
   93390    100139        50
   93441    100190        20
   93462    100211       182
   93645    100394        65
   93711    100460        24
   93736    100485        35
   93765    100518        59
   93838    100586        54
   93893    100643        95
   93989    100739       101
   94086    100841        58
   94142    148315        21
   94158    100913        31
   94190    100945        90
   94281    101036        29
   94311    101066       101
   94424    101179       146
   94571    101326        25
   94597    101352       119
   94735    101490        38
   94785    101540        63
   94856    101611        38
   94895    101650        37
   94943    101698        55
   94999    101754        40
   95040    101795        83
   95187    101943        70
   95272    102028        28
   95307    102074        39
   95340    102111        33
   95390    102161        20
   95408    102181        23
   95432    102205       105
   95538    102311        31
   95570    102343       137
   95708    102481       103
   95812    102585        84
   95912    102685        83
   95989    102766        61
   96061    102838        20
   96100    102873        23
   96124    102897        78
   96197    102976        93
   96291    103070        56
   96367    103146        27
   96398    103177        64
   96463    103242       168
   96632    103411        52
   96685    103464       115
   96801    103580        27
   96841    103620        24
   96885    103664        27
   97024    104015        20
   97080    104064        24
   97124    104108        23
   97159    104149        38
   97212    104202        22
   97279    104269        59
   97340    104330        77
   97418    104408        25
   97444    104434        42
   97495    104467        22
   97506    104489        20
   97531    104514        24
   97585    104568        22
   97740    104731        45
   97786    104777        44
   97830    104811        21
   97852    104833        33
   97886    104867        22
   97900    104886        33
   97943    104929        42
   97986    104972        48
   98103    105081        58
   98222    105200        21
   98307    105290        24
   98354    105345        25
   98397    105384        75
   98480    105467        20
   98513    105501        99
   98625    105613        26
   98652    105640        58
   98711    105699       375
   99087    106075       151
   99239    106227        51
   99291    106279       115
   99407    106395       260
   99668    106656       128
   99797    106785       101
   99899    106887        54
   99971    106959        92
  100064    107052       163
  100299    107287        21
  100321    107309        49
  100469    107451       187
  100675    107656        37
  100713    107694        39
  100767    107748        44
  100822    107803        47
  100870    107851        97
  100960    107943        21
  100982    107965       126
  101109    108092       150
  101274    108256        47
  101348    108323       189
  101529    108509        20
  101568    108547        96
  101665    108644       133
  101799    108778        46
  101858    108837       109
  101968    108947       100
  102069    109048        35
  102114    109093        64
  102183    109162        43
  102227    109206        54
  102287    109266        75
  102401    109381       104
  102501    109482        27
  102538    109514        45
  102606    109580        69
  102676    109650       187
  102864    109838        64
  102974    109948        35
  103010    109984        63
  103079    110053        90
  103176    110153        42
  103219    110196       340
  103567    110544       250
  103818    110795        23
  103872    110850       250
  104123    111101        33
  104157    111135       476
  104635    111613        70
  104706    111684       229
  104936    111914       169
  105106    112084       300
  105407    112385        22
  105492    112471        51
  105544    112523        85
  105630    112609        31
  105662    112641        61
  105714    136506        31
  105749    112728        46
  105807    112786       197
  106082    113066        23
  106153    113137        28
  106190    113176        27
  106218    113204        78
  106414    113904        81
  106513    114003        22
  106540    114030        25
  106566    114056        29
  106601    114091        60
  106706    114191        25
  106768    114246        26
  106896    114379        73
  107022    114514        36
  107059    114551       116
  107176    114668        98
  107275    114767        90
  107383    114875        28
  107426    114936        70
  107501    115011        23
  107559    115069        20
  107582    115092        34
  107629    115139        27
  107678    115182        27
  108370    115875        25
  108400    115905        22
  108871    116421        41
  108952    116502        20
  108973    116523        29
  109171    116721        41
  109237    116787        48
  109291    116841        26
  109480    117030        32
  109732    117282        47
  109794    117344        42
  109891    117441        22
  109941    117491        30
  110209    117759        36
  112431    119487        67
  112742    119798        21
  113117    120161        20
  113274    120318        20
  113308    120352        28
  113379    120423        31
  113421    120465        31
  113490    120534        20
  113936    120997        28
  114274    121335        41
  114326    121387        20
  114425    121486        26
  114629    121690        20
  114668    121729        26
  114809    121870        26
  114863    121924        26
  114953    122014        30
  115013    122074        28
  115066    122127        33
  115126    122187        27
  115345    122406        21
  115604    122667        29
  115634    122697        26
  115682    122745        23
  115733    122796        29
  116010    123132        27
  116068    123190        26
  116137    123259        26
  116173    123295        23
  116197    123319        38
  116248    123370        29
  116530    123660        32
  116571    123701        56
  116778    123908        41
  116896    124026        25
  117004    124134        41
  117248    124594        34
  117283    124629        22
  117314    124660        89
  117473    124819        29
  117505    124851        24
  117542    124888        26
  117680    125026        20
  117853    125231        29
  117904    125282        22
  117946    125324        26
  118150    125528        32
  118201    125579        37
  118258    125636        38
  118306    125684        26
  118661    125978        22
  119133    126390        21
  119283    126531        28
  119529    126770        34
  119566    126807        36
  119603    126844        20
  119624    126865        20
  119681    126922        29
  119849    127090        31
  119930    127171        20
  119960    127201        32
  120064    127305        70
  120153    127394        26
  120227    127468        27
  120327    127568        20
  120423    127664        20
  120543    127784        22
  120566    127807        21
  120744    127985        23
  120824    128065        32
  120891    128132        26
  120960    128201        20
  120998    128239        21
  121032    128273        41
  121107    128348        25
  121166    128407        23
  121439    128679        28
  121528    128768        20
  121602    128842        49
  122040    129331        24
  122076    129367        21
  122262    129556        23
  122610    129907        21
  123773    131088        20
  123992    131298        21
  124136    131430        20
  124977    132295        20
  125049    132367        29
  125431    132749        22
  125529    132847        34
  125759    133071        22
  126349    133727        21
  126423    133801        20
  126452    133830        24
  126656    134034        27
  126705    134077        27
  126745    134117        34
  126782    134154        20
  126837    134209        23
  126865    134237        70
  126950    134340        28
  126996    134386        90
  127087    134477        98
  127186    134576       116
  127303    134693        36
  127392    134791        73
  127567    134971        26
  127630    135027        25
  127700    135092        60
  127766    135158        29
  127796    135188        25
  127826    135218        22
  127866    135258        81
  128065    135961        78
  128144    136040        27
  128180    136078        28
  128256    136154        23
  128357    136260       197
  128566    136469        46
  128616    112706        31
  128638    136541        61
  128700    136603        31
  128732    136635        85
  128818    136721        51
  128932    136836        22
  128955    136859       300
  129256    137160       169
  129426    137330       229
  129656    137560        70
  129728    137632       476
  130205    138109        33
  130239    138143       250
  130520    138425        23
  130544    138449       250
  130802    138707       340
  131143    139048        42
  131192    139100        90
  131288    139196        63
  131352    139260        35
  131433    139341        64
  131498    139406       187
  131686    139594        69
  131778    139684        45
  131833    139734        27
  131856    139758       104
  131999    139902        75
  132080    139983        54
  132135    140038        43
  132183    140086        64
  132257    140160        35
  132293    140196       100
  132394    140297       109
  132516    140419        46
  132563    140466       133
  132697    140600        96
  132812    140714        20
  132824    140731       189
  133040    140940        47
  133102    141001       150
  133253    141152       126
  133380    141279        21
  133394    141295        97
  133492    141393        47
  133550    141451        44
  133609    141510        39
  133649    141550        37
  133705    141605       187
  133991    141885        49
  134041    141935        21
  134134    142028       163
  134298    142192        92
  134408    142302        54
  134463    142357       101
  134565    142459       128
  134694    142588       260
  134955    142849       115
  135071    142965        51
  135123    143017       151
  135275    143169       375
  135651    143545        58
  135710    143604        26
  135749    143643        99
  135861    143756        20
  135889    143784        75
  135982    143873        25
  136030    143929        24
  136118    144022        21
  136200    144104        58
  136327    144223        48
  136376    144272        42
  136428    144324        33
  136453    144354        22
  136476    144377        33
  136510    144411        21
  136531    144422        44
  136576    144467        45
  136754    144653        22
  136806    144705        24
  136835    144734        20
  136844    144754        22
  136875    144767        42
  136918    144810        25
  136944    144836        77
  137023    144915        59
  137127    145019        22
  137164    145056        38
  137214    145112        23
  137257    145155        24
  137317    145208        20
  137449    145552        27
  137496    145599        24
  137533    145636        27
  137561    145664       115
  137677    145780        52
  137730    145833       168
  137899    146002        64
  137967    146070        27
  138014    146117        56
  138071    146174        93
  138159    146268        78
  138238    146347        23
  138280    146385        20
  138311    146416        61
  138366    146475        83
  138465    146574        84
  138550    146659       103
  138654    146763       137
  138792    146901        31
  138824    146933       105
  138930    147039        23
  138951    147062        20
  138988    147099        33
  139015    147130        39
  139061    147187        28
  139104    147230        70
  139238    147365        83
  139322    147449        40
  139363    147490        55
  139429    147556        37
  139467    147594        38
  139513    147640        63
  139588    147715        38
  139645    147772       119
  139765    147892        25
  139791    147918       146
  139949    148076       101
  140051    148178        29
  140081    148208        90
  140172    148299        31
  140198    100907        21
  140217    148344        58
  140271    148403       101
  140373    148505        95
  140469    148603        54
  140537    148666        59
  140590    148723        35
  140626    148759        24
  140651    148784        65
  140717    148850       182
  140900    149033        20
  140921    149054        50
  140972    149105        64
  141037    149170        63
  141101    149234        36
  141138    149271        40
  141179    149312        35
  141215    149348        20
  141249    149382        64
  141325    149458        80
  141406    149539        26
  141433    149566       137
  141562    149702        41
  141793    149940        21
  141877    150006        43
  142013    150143       124
  142138    150268        45
  142184    150314        23
  142211    150341        22
  142242    150378        25
  142289    150425        20
  142309    150458        20
  142330    150479        29
  142379    150528        28
  142426    150575        59
  142492    150641        25
  142530    150679        31
  142569    150720        40
  142626    150777        21
  142649    150800        32
  142691    150892        72
  142814    151015        28
  142869    151070        20
  142899    151100        23
  142923    151124        24
  143020    151215        66
  143119    151314        78
  143217    151412        38
  143279    151474        94
  143401    151596        25
  143431    151626        44
  143525    151720        22
  143600    151795        43
  143657    151852        22
  143672    151873        33
  143706    151907        48
  143755    151956        22
  143875    152076        48
  143970    152171        95
  144066    152267        47
  144114    152315        63
  144178    152379        63
  144242    152443        22
  144268    152469        98
  144367    152568        35
  144403    152604        65
  144469    152670        66
  144537    152738       147
  144700    152901        24
  144751    152952        20
  144843    153047       103
  144965    153169        42
  145051    153255        29
  145097    153301        59
  145168    153372        32
  145227    153431        24
  145252    153456        20
  145273    153477        49
  145323    153527        42
  145366    153570        59
  145536    153731        80
  145625    153820        49
  145675    153870        26
  145702    153897        21
  145736    153931        34
  145771    153966        28
  145812    154007        45
  145880    154075        25
  145906    154101        67
  146005    154200        41
  146073    154268        48
  146131    154326        31
  146163    154358        57
  146232    154427        20
  146272    154467        24
  146297    154492        45
  146343    154538        24
  146368    154563        66
  146435    154630        43
  146540    154735        34
  146582    154777        26
  146634    154835        51
  146736    154937       111
  146848    155049       116
  146965    155166        20
  146988    155189        48
  147047    155248        84
  147135    155336        22
  147158    155359        46
  147205    155406        22
  147230    155452        49
  147280    155502        21
  147348    155564        21
  147370    155586        55
  147426    155642        20
  147462    155678        24
  147487    155709        32
  147548    155770        65
  147614    155836        56
  147671    155893        55
  147727    155949        33
  147761    155983        43
  147823    156045        78
  147913    156135        26
  147956    156178        87
  148077    156299        21
  148113    156335        31
  148145    156367        70
  148216    156438        30
  148247    156469       110
  148358    156580        58
  148425    156647        27
  148500    156713        96
  148609    156822        27
  148637    156850        32
  148696    156909       126
  148823    157036        21
  148858    157071        53
  148912    157125        22
  148945    157158        26
  148972    157185        24
  148997    157210        55
  149053    157266        22
  149153    157366        75
  149247    157460        63
  149311    157524        23
  149335    157548        50
  149386    157599        26
  149431    157644        38
  149508    157721        36
  149545    157758        22
  149599    157812        36
  149638    157845        37
  149704    157911        29
  149734    157941        95
  149865    158072       146
  150016    158223        33
  150053    158264        22
  150076    158287        31
  150119    158334        36
  150153    158372        43
  150197    158416        30
  150228    158447        71
  150301    158520        51
  150353    158572        21
  150375    158594        43
  150419    158638        36
  150449    158674        52
  150542    158767        26
  150569    158794        43
  150613    158838        76
  150691    158916        28
  150720    158945        33
  150754    158979       129
  150884    159109       192
  151081    159311        86
  151184    159416        26
  151211    159443        76
  151288    159520        55
  151380    159617        33
  151419    159656       157
  151577    159814        56
  151634    159871        21
  151659    159896        28
  151733    159970        38
  151772    160009        43
  151847    160084        44
  151892    160129        26
  152031         1        78
