> gi|442566476|gb|KC180773.1|
      68       530        29
     101       563        68
     191       653        29
     287       749        25
     313       775        24
     338       800        47
     410       872        26
     437       899        35
     473       935        23
     497       959        35
     536       998        38
     653      1115        62
     716      1178        35
     758      1220        37
     812      1274        20
     836      1298        23
     872      1334        26
     917      1379        41
     983      1445        80
    1079      1541        82
    1160      1615        26
    1377      1859        48
    1463      1948        26
    1893      2362        38
    1945      2414        22
    2375      2844        25
    2571      3040        21
    2797      3260        24
    2881      3344        28
    3179      3642        28
    3263      3739        32
    3435      3933        22
    3577      4081        30
    3728      4254        21
    3788      4314        26
    3815      4341        43
    3885      4412        70
    4307      4863        22
    4602      5071        22
    4702      5171        22
    4725      5194        22
    4748      5217        28
    5183      5652        49
    5474      5956        21
    5669      6117        21
    5703      6151        26
    6176      7548        46
    6223      7595        28
    6357      7748        42
    6432      7818        21
    6537      7963        23
    6627      8053        36
    6702      8128        31
    7014      8529        30
    7069      8584        20
    7090      8605        23
    7114      8629        27
    7215      8801        40
    7256      8842        50
    7866      9677        41
    7964      9777        24
    8024      9837        29
    8101      9916        20
    8322     10156        23
    8496     10357        62
    8568     10426        70
    8794     10747        30
    8825     10778        46
    9228     11302        24
    9253     11327        29
    9301     11375        31
    9370     11444        29
    9400     11474        38
    9439     11513        20
    9460     11534        20
    9481     11555        32
    9526     11600        32
    9559     11633        23
    9583     11657        68
    9673     11747        24
    9733     11807        23
    9792     11866        37
    9835     11909        21
    9928     12002        38
    9994     12068        59
   10078     12152        26
   10105     12179        29
   10153     12227        20
   10195     12269        20
   10216     12290        20
   10254     12328        27
   10340     12414        58
   10405     12479        29
   10441     12515        29
   10471     12545        38
   10567     12641        32
   10608     12682        31
   10735     12803        23
   10759     12827        26
   10789     12857        20
   10819     12887        20
   10861     12929        39
   10939     13007        20
   10993     13061        20
   11031     13099        21
   11053     13121        35
   11089     13157        44
   11135     13203        25
   11161     13229        20
   11218     13297        20
   11291     13398        20
   11546     13645        31
   11615     13709        23
   11703     13810        27
   11812     13921        24
   11852     13961        47
   11938     14047        26
   12255     14665        26
   12327     14737        38
   12366     14776        23
   12399     14809        20
   12420     14830        33
   12458     92682        20
   12537     14983        20
   13211     15764        29
   13430     15982        20
   13451     16003       110
   13565     16117        29
   13601     16153        23
   13643     16195        29
   13727     16279        29
   13802     16354        23
   13862     16414        41
   13907     16459        26
   13996     16548        36
   14181     16732        37
   14319     16886        30
   14350     16917        27
   14378     16945        59
   14474     17041        20
   14495     17062        35
   14570     17137        26
   14615     17182        22
   14648     17215        28
   14708     17275        20
   14730     17297        22
   14759     17326        20
   14787     17354        37
   14843     17410        50
   14966     17533        20
   15011     17578        23
   15151     17709        20
   15462     18030        20
   15578     18146        24
   15603     18171        20
   15729     18297        23
   15816     18384        47
   15864     18432        22
   15894     18462        31
   15960     18528        35
   15996     18564        32
   16044     18612        28
   16110     18678        20
   16412     18974        24
   16559     19133        22
   16677     19251        27
   16853     19430        36
   16892     19469        32
   16943     19520        30
   17162     19739        22
   17313     19890        20
   17337     19914        31
   17505     20082        21
   17607     20184        26
   17748     20319        22
   18021     20592        20
   18105     20676        20
   18129     20700        20
   18275     20846        27
   18435     21006        32
   18477     21048        49
   18622     21193        31
   18654     21225        26
   18828     21399        20
   18867     21438        26
   18912     21483        26
   18966     21537        23
   18996     21567        53
   19092     21663        48
   19212     21783        29
   19257     21828        26
   19320     21891        20
   19344     21915        34
   19446     22017        26
   19505     22076        23
   19588     22159        29
   19671     22236        23
   19788     22353        31
   19869     22434        25
   19908     22473        47
   20079     22659        45
   20125     22705        73
   20199     22779        20
   20228     22808        25
   20310     22890        26
   20382     22962        37
   20436     23016        20
   20457     23037        20
   20478     23058        25
   20547     23127        65
   20634     23214        20
   20670     23250        32
   20727     23307        27
   20775     23355        41
   20925     23505        40
   20970     23550        24
   21036     23616        20
   21057     23637        29
   21087     23667        38
   21132     23712        32
   21165     23745        23
   21222     23802        23
   21269     23854        25
   21472     24066        40
   21641     24226        23
   22007     24602        27
   22067     24662        39
   22119     24714        20
   22158     24753        32
   22206     24801        20
   22269     24864        22
   22330     24925        22
   22362     24957        30
   22424     25019        32
   22483     25078        48
   22601     25196        44
   22685     25280        22
   22708     25303        30
   22742     25337        87
   22832     25427        38
   22871     25466        33
   22905     25500        25
   22931     25526        23
   22955     25550        48
   23021     25616        32
   23078     25673        41
   23120     25715        29
   23162     25757        26
   23255     25850        25
   23285     25880        53
   23339     25934        29
   23372     25967        21
   23477     26072        23
   23540     26135        29
   23570     26165        20
   23627     26222        23
   23705     26300        32
   23771     26366        23
   23933     26528        20
   23993     26588        44
   24044     26639        43
   24198     26793        22
   24261     26862        30
   24320     26921        29
   24362     26963        26
   24404     27005        20
   24488     27089        23
   24512     27113        30
   24543     27144        66
   24647     27248        23
   24671     27272        23
   24695     27296        41
   24740     27341        32
   24773     27374        26
   24800     27401        20
   24833     27434        32
   24884     27485        41
   24950     27551        30
   24998     27599        26
   25034     27635        41
   25076     27677        41
   25118     27719        22
   25157     27758        29
   25199     27800        26
   25226     27827        23
   25250     27851        64
   25315     27916        21
   25337     27938        23
   25361     27962        55
   25445     28046        62
   25528     28129        27
   25678     28270        24
   25730     28322        23
   25908     28496        36
   26818     29489        40
   26861     29531        35
   27508     30171        20
   27676     30408        22
   27723     30460        30
   27754     30491        44
   27799     30536        26
   28452     30932        21
   28684     31176        27
   29032     31536        38
   29083     31587        41
   29150     31646        33
   29309     31797        24
   29609     32718        55
   29665     32774        20
   30089     33230        99
   30229     33370        61
   30291     33432        28
   30348     33499        26
   30665     34104        23
   30889     34325        74
   31364     34818        22
   32028     35775       107
   32172     35919        23
   32214     35961        38
   32256     36003        32
   32325     36072        29
   32355     36102        32
   32424     36171        71
   32517     36264        26
   32547     36294        56
   32613     36360        56
   32691     36438       113
   32814     36561       116
   32970     36717        29
   33000     36747        23
   33024     36771        80
   33105     36852        31
   33128     36881        49
   33212     36965        76
   33304     37057        33
   33338     37091        28
   33403     37156        23
   33439     37192        32
   33472     37225        29
   33505     37258        32
   33538     37291        53
   33592     37345        20
   33616     37369        62
   33686     37439        25
   33730     37483        23
   33754     37507        50
   33805     37558        26
   33874     37627        20
   33916     37669        47
   33982     37735        20
   34003     37756        23
   34027     37780        41
   34123     37876        23
   34192     37945        20
   34213     37966        20
   34261     38014        20
   34294     38047        74
   34373     38126        25
   34435     38188        38
   34614     38363        20
   34711     38474        35
   34748     38517        26
   35033     38792        20
   35125     38904        29
   35161     38940        28
   35190     38969        21
   35243     39022        22
   35305     39084        31
   35840     40008        26
   36040     40197        85
   36179     40342        45
   36368     40538        38
   36435     40605        31
   36470     40640        28
   36499     40669        26
   36526     40696        36
   36593     40763        25
   36690     40861        22
   36719     40890        23
   36743     40914        23
   36812     40983        29
   36851     41022        62
   36914     41085        53
   36971     41142        20
   36992     41163        29
   37027     41198        33
   37070     41241        62
   37166     41337        23
   37208     41379        35
   37250     41421        20
   37271     41442        29
   37307     41478        22
   37367     41538        34
   37475     41646        32
   37514     41685        26
   37544     41715        53
   37618     41789       102
   37748     41919        44
   37793     41964        41
   37835     42006        23
   37877     42048        65
   37973     42144        22
   37996     42167        24
   38021     42192        25
   38048     42219        20
   38059     44454        41
   38095     42266        33
   38129     42300        25
   38201     42372        28
   38245     42416        21
   38267     42438        33
   38366     42537        32
   38405     42576        50
   38470     42641        21
   38522     42693        35
   38603     42774        41
   38663     42834        20
   38726     42897        23
   38753     42924        56
   38825     42996       195
   39021     43192        23
   39045     43216        91
   39137     43308        60
   39222     43393        41
   39264     43435        44
   39312     43483        50
   39402     43573        23
   39438     43609        56
   39507     43678        20
   39552     43723        41
   39594     43765        29
   39633     43804        46
   39711     43882        53
   39807     43978        40
   39848     44019        45
   39894     44065        35
   39972     44143        20
   39996     44167        29
   40026     44197        44
   40073     44244        36
   40127     44298        36
   40227     44398        38
   40274     44445        27
   40317     44488        32
   40350     44521        20
   40371     44542        23
   40416     44587        34
   40451     44622        27
   40479     44650        23
   40521     44692        20
   40545     44716        28
   40581     44752        41
   40632     44803        53
   40713     44884        23
   40751     44922        42
   40821     44992        47
   40872     45043        35
   40962     45133        36
   41001     45172        26
   41031     45202        29
   41064     45235        20
   41098     45269        27
   41126     45297        24
   41166     45337        49
   41304     45474        28
   41341     45511        38
   41865     46137        53
   41922     46194        35
   42008     46282        26
   42218     46516        23
   42288     46586        43
   42396     46698        23
   42442     46738        20
   42479     46776        30
   42553     46854        21
   42587     46887        21
   42658     46967        22
   42698     47007        26
   42746     47055        23
   42800     47109        20
   42821     47130        59
   42881     47190        29
   42925     47234        22
   42972     47281        40
   43220     47507        31
   43335     47627        26
   43696     48012        74
   43860     48175        22
   44102     48463        30
   44642     48924        33
   44688     48970        57
   45023     49299        34
   45061     49337        20
   45112     49388        29
   45174     49450        20
   45250     49526        25
   45286     49562        20
   45328     49604        20
   45349     49625        45
   45449     49725        22
   45472     49748        47
   45529     49805        33
   45598     49874        25
   45624     49900        23
   45653     49928        21
   46236     50099        77
   47082     51446        66
   47156     51520        32
   47190     51554        23
   47258     51635        24
   47283     51660        23
   47560     51881        46
   47629     51950        26
   47656     51977        35
   47922     52116        22
   47977     52171        20
   47998     52192        62
   48103     52315        20
   48724     53001        35
   48760     53037        20
   48799     53076        20
   48842     53119        27
   48870     53147        26
   48897     53174        20
   48934     53211        20
   49036     53313        38
   49075     53352        59
   49135     53412        29
   49179     53456        29
   49330     53580        38
   49382     53632        21
   49532     53782        35
   49667     53917        59
   49739     53989        20
   49805     54055        20
   49826     54076        35
   49862     54112        20
   49907     54157        21
   49932     54182        23
   50046     54297        41
   50119     54370        35
   50155     54406        29
   50185     54436        46
   50232     54483        24
   50325     54576        35
   50379     54630        24
   50902     55176        74
   51003     55277        23
   51226     55504        28
   51327     55601        23
   51429     55702        23
   51508     55786        24
   51533     55811        41
   51594     55880        37
   51743     56018        97
   52062     56406        20
   52083     56427        26
   52154     56498        21
   52214     56558        27
   52272     56616        23
   52329     56673        21
   52383     56727        20
   52410     56754        34
   52508     56852        29
   52556     56900        32
   52592     56936        32
   52631     56975        47
   52700     57044        38
   52793     57137        20
   52814     57158        38
   52856     57200        23
   52880     57224        29
   52937     57281        20
   52979     57323        25
   53005     57349        42
   53048     57392        20
   53111     57455        62
   53174     57518        23
   53201     57545        32
   53234     57578        92
   53357     57701        50
   53408     57752        29
   53456     57800        29
   53576     57920        26
   53609     57953        94
   53795     58139        23
   53836     58180        20
   53943     58290        21
   54007     58340        30
   54135     58502        24
   54377     58744        24
   54496     58882        49
   54663     59047        80
   54787     59171        22
   54867     59251        38
   54966     59350        26
   55011     59395        20
   55044     59428        26
   55083     59467        27
   55161     59545        29
   55209     59593        41
   55299     59683        20
   55323     59707        47
   55381     59765        34
   55416     59800        35
   55452     59836        31
   55530     59914        33
   55581     59965        44
   55650     60034        30
   55728     60112        28
   55757     60141        21
   55794     60178        20
   55836     60220        54
   55891     60275        31
   55923     60307        20
   55959     60343        20
   56001     60385        32
   56046     60430        41
   56474     60815        23
   56832     61174        20
   57486     61903        53
   57575     61992        25
   57618     62035        36
   57661     62078        23
   57712     62129        22
   57744     62161        24
   57797     62214        36
   57894     62311        26
   57945     62362        23
   58113     62530        29
   58170     62587        29
   58230     62647        21
   58614     63419        30
   58726     63531        34
   59116     63960        21
   59178     64008        21
   59217     64047        39
   59332     64162        27
   59382     64212        29
   59454     64284        56
   59625     64455        22
   59673     64503        20
   60152     65605        20
   60247     65700        25
   60380     65827        20
   60506     65953        38
   60596     66043        35
   60634     66081        27
   60710     66157        26
   60761     66208        36
   60868     66436        36
   60986     66554        58
   61066     66634        20
   61112     66680        50
   61169     66737        27
   61203     66771        36
   61279     66847        43
   61420     66988        32
   61540     67108        26
   61599     67167        21
   61651     67219        23
   61684     67252        20
   61816     67384        44
   62292     68434        23
   62342     68484        44
   62540     68696        86
   62656     68812        43
   62707     68863        22
   62745     68901        25
   62803     68959        27
   62832     68988        50
   62913     69069        59
   62982     69138        63
   63101     69258        20
   63139     69296        61
   63986     70469        39
   64058     70541        23
   64252     70725        23
   64287     70760        26
   64326     70799        35
   64460     70961        26
   64487     70988        31
   64646     71230        90
   65176     71666        22
   65253     71743        37
   65686     72187        31
   65776     72292        32
   65818     72334        31
   65850     72366        39
   66144     72592        25
   66191     72639       125
   66326     72774        35
   66386     72834        50
   66594     73103        31
   66700     73221        68
   66826     73347        45
   66962     73483        40
   67030     73551        22
   67053     73574        20
   67103     73629        20
   67154     73680        33
   67278     73817        21
   67300     73839        21
   67434     73973        23
   67670     74297        42
   67716     74343        30
   67757     74384        37
   67964     74605        23
   67994     74635        27
   68051     74692        27
   68079     74720        26
   68204     74840        20
   68281     74927        21
   68425     75069        29
   68478     75124        24
   68546     75206        23
   68670     75338        38
   68758     75424        51
   68825     75491        20
   68880     75546        30
   68933     75599        26
   68964     75630        24
   68989     75655        24
   69030     75696        44
   69111     75778        23
   69142     75809        27
   69313     75996        28
   69397     76083        29
   69442     76131        22
   69821     76545        20
   69870     76594        34
   69908     76632        26
   69935     76659        26
   70143     76876        23
   70302     77039        22
   70351     77088        39
   70413     77150        40
   70472     77209        26
   70502     77239        50
   70553     77290        29
   70610     77347        26
   70637     77374        29
   70676     77413        33
   70814     77551        29
   70856     77593        20
   70913     77650        23
   70937     77674        32
   71048     77785        29
   71078     77815        26
   71105     77842        26
   71147     77884        35
   71195     77932        29
   71249     77986        44
   71315     78052        20
   71360     78097        20
   71391     78128        61
   71453     78190        30
   71537     78274        23
   71579     78316        44
   71630     78367        59
   71693     78430        29
   71738     78475        24
   71804     78541        73
   72057     78729        28
   72103     78775        32
   72136     78808        21
   72156     78829        20
   72211     78882        27
   72265     78936        23
   72289     78960        39
   72402     79078        48
   72540     79215        31
   72572     79247        24
   72617     79292        20
   72657     79332        22
   72796     79476        39
   72966     79626        29
   73261     79914        25
   73335     80002        27
   73370     80037        41
   73650     80322        44
   73695     80367        26
   73752     80424        20
   73791     80463        23
   73872     80544        23
   73896     80568        26
   73929     80601        20
   73950     80622        21
   73992     80664        53
   74067     80739        23
   74109     80781        26
   74136     80808        26
   74163     80835        29
   74262     80938        20
   74298     80973        51
   74459     81104        39
   74550     81195        24
   74649     81305        29
   74785     81432        21
   74837     81488        23
   74893     81555        25
   75087     81814        39
   75162     81889        21
   75187     81914        20
   75208     81935        35
   75286     82013        23
   75448     82175        44
   75493     82220        20
   75523     82250        20
   75574     82301        20
   75604     82331        36
   75692     82403        46
   76076     82869        31
   76148     82941        29
   76178     82971        41
   76250     83043        40
   76502     83295        44
   76559     83352        23
   76610     83403        20
   76652     83445        23
   76703     83496        22
   76735     83528        21
   76880     83666        41
   76994     83780        40
   77041     83827        27
   77108     83894        21
   77168     83954        35
   77311     84097        28
   77390     84173        42
   77433     84216        22
   77471     84254        27
   77965     84777        29
   78003     84815        33
   78037     84849        23
   78073     84885        41
   78160     84972        35
   78326     85138        37
   78558     85356        52
   78656     85454        20
   78728     85526        26
   78809     85607        20
   78890     85688        44
   79174     85990        23
   79198     86014        20
   79237     86053        35
   79309     86125        38
   79372     86188        47
   79468     86284        48
   79637     86433        20
   79763     86544        28
   80281     87117        24
   80344     87185        29
   80558     87465        27
   80628     87535        35
   80664     87571        34
   80703     87610        30
   80745     87652        20
   80775     87682        23
   80849     87756        21
   80871     87778        32
   81056     87969        39
   81146     88059        51
   81457     88308        26
   81518     88369        28
   81607     88458        29
   81717     88575        21
   81901     88704        35
   81976     88779        26
   82057     88860        20
   82443     88981        26
   82470     89008        44
   82546     89084        43
   82590     89128        56
   82674     89212        28
   82706     89244        21
   82728     89266        56
   82785     89323       157
   82948     89486        33
   83018     89561        55
   83074     89617        76
   83151     89694        26
   83194     89739        86
   83285     89835       192
   83478     90028       129
   83608     90158        33
   83642     90192        28
   83672     90222        76
   83749     90299        43
   83793     90343        26
   83860     90410        52
   83906     90462        36
   83943     90499        43
   83987     90543        21
   84009     90565        51
   84062     90618        71
   84134     90690        30
   84165     90721        43
   84206     90766        36
   84254     90818        31
   84286     90850        22
   84312     90880        33
   84350     90918       146
   84497     91065        20
   84532     91100        95
   84628     91196        29
   84686     91254        37
   84726     91288        36
   84780     91342        36
   84817     91379        36
   84892     91454        38
   84949     91511        26
   84976     91538        50
   85027     91589        23
   85051     91613        63
   85133     91695        75
   85286     91848        22
   85309     91871        55
   85365     91927        24
   85390     91952        26
   85427     91989        22
   85450     92012        53
   85517     92079        21
   85539     92101       126
   85692     92254        32
   85725     92287        27
   85765     92327        96
   85909     92462        27
   85945     92498        58
   86004     92557       110
   86115     92668        30
   86146     92699        70
   86217     92770        31
   86263     92816        21
   86318     92871        87
   86422     92975        26
   86460     93013        78
   86557     93110        43
   86601     93154        33
   86635     93188        55
   86691     93244        56
   86748     93301        65
   86842     93395        22
   86875     93434        24
   86915     93474        20
   86936     93495        55
   86992     93551        21
   87060     93613        21
   87082     93635        49
   87134     93708        22
   87157     93731        46
   87204     93778        22
   87230     93804        84
   87325     93899        48
   87376     93950        20
   87397     93971       116
   87514     94088       111
   87676     94250        51
   87753     94333        26
   87787     94367        34
   87883     94463        43
   87927     94507        66
   87994     94574        24
   88019     94599        45
   88065     94645        24
   88109     94689        20
   88141     94721        57
   88199     94779        31
   88240     94820        48
   88315     94895        41
   88388     94968        67
   88456     95036        25
   88504     95084        45
   88562     95142        28
   88591     95171        34
   88638     95218        21
   88660     95240        26
   88687     95267        49
   88745     95325        80
   88936     95507        59
   88996     95567        42
   89039     95610        49
   89089     95660        20
   89111     95682        23
   89161     95732        32
   89205     95776        59
   89281     95852        29
   89354     95925        42
   89398     95969       123
   89590     96164        20
   89637     96211        24
   89677     96251       147
   89826     96400        66
   89893     96467        65
   89959     96533        35
   89995     96569        98
   90097     96671        22
   90120     96694        63
   90184     96758        63
   90248     96822        47
   90296     96870        95
   90438     97012        48
   90584     97158        22
   90607     97181        48
   90656     97230        33
   90682     97262        22
   90718     97298        43
   90814     97394        22
   90886     97466        44
   90935     97515        25
   90988     97568        94
   91106     97686        38
   91164     97744        78
   91275     97855        66
   91414     97988        24
   91439     98013        23
   91472     98046        20
   91519     98093        28
   91598     98172        67
   91680     98304        32
   91714     98338        21
   91752     98376        40
   91794     98420        37
   91844     98470        25
   91876     98502        59
   91954     98580        28
   92002     98628        29
   92032     98658        20
   92052     98691        20
   92094     98733        25
   92128     98773        22
   92154     98799        23
   92178     98823        45
   92224     98869       124
   92441     99087        43
   92547     99175        21
   92758     99393        41
   92791     99433       137
   92929     99571        26
   92956     99598        80
   93048     99690        64
   93126     99768        20
   93147     99789        35
   93183     99825        40
   93224     99866        36
   93261     99903        63
   93325     99967        64
   93390    100032        50
   93441    100083        20
   93462    100104       182
   93645    100287        65
   93711    100353        24
   93736    100378        35
   93765    100411        59
   93838    100479        54
   93893    100536        95
   93989    100632       101
   94086    100734        58
   94142    148139        21
   94158    100806        31
   94190    100838        90
   94281    100929        29
   94311    100959       101
   94424    101072       146
   94571    101219        25
   94597    101245       119
   94735    101383        38
   94785    101433        63
   94856    101504        38
   94895    101543        37
   94943    101591        55
   94999    101647        40
   95040    101688        83
   95187    101836        70
   95272    101921        28
   95307    101967        39
   95340    102004        33
   95390    102054        20
   95408    102074        23
   95432    102098       105
   95538    102204        31
   95570    102236       137
   95708    102374       103
   95812    102478        84
   95912    102578        83
   95989    102659        61
   96061    102731        20
   96100    102766        23
   96124    102790        78
   96197    102869        93
   96291    102963        56
   96367    103039        27
   96398    103070        64
   96463    103135       168
   96632    103304        52
   96685    103357       115
   96801    103473        27
   96841    103513        24
   96891    103564        21
   97024    103909        20
   97080    103958        24
   97124    104002        23
   97159    104043        38
   97212    104096        22
   97263    104147        75
   97340    104224        77
   97418    104302        25
   97444    104328        42
   97495    104361        20
   97506    104383        20
   97531    104408        24
   97585    104462        22
   97740    104625        45
   97786    104671        44
   97830    104705        21
   97852    104727        33
   97886    104761        22
   97900    104780        33
   97943    104823        42
   97986    104866        48
   98103    104975        58
   98222    105094        21
   98307    105184        24
   98354    105239        25
   98397    105278        75
   98480    105361        20
   98513    105395        99
   98625    105507        26
   98652    105534        58
   98711    105593       375
   99087    105969       151
   99239    106121        51
   99291    106173       115
   99407    106289       260
   99668    106550       128
   99797    106679       101
   99899    106781        54
   99971    106853        92
  100064    106946        22
  100087    106969       140
  100299    107181        21
  100321    107203        49
  100469    107345       187
  100675    107550        77
  100767    107642        44
  100822    107697        47
  100870    107745        97
  100960    107837        21
  100982    107859       126
  101109    107986       150
  101274    108150        47
  101348    108217       189
  101529    108403        20
  101572    108445        92
  101665    108538       133
  101799    108672        46
  101858    108731       109
  101968    108841       100
  102069    108942        35
  102114    108987        64
  102183    109056        43
  102227    109100        54
  102287    109160        75
  102401    109275       104
  102501    109376        27
  102538    109408        45
  102606    109474        69
  102676    109544       187
  102864    109732        64
  102974    109842        35
  103010    109878        63
  103079    109947        90
  103176    110047        42
  103219    110090       340
  103567    110438       250
  103818    110689        23
  103872    110744       250
  104123    110995        33
  104157    111029       476
  104635    111507        70
  104706    111578       229
  104936    111808       169
  105106    111978       300
  105407    112279        22
  105492    112365        51
  105544    112417        85
  105630    112503        31
  105662    112535        61
  105714    136329        31
  105749    112622        46
  105807    112680       197
  106082    112960        23
  106153    113031        28
  106190    113070        27
  106218    113098        78
  106414    113798        81
  106513    113897        22
  106540    113924        25
  106566    113950        29
  106601    113985        60
  106706    114085        25
  106768    114140        26
  106896    114273        73
  107022    114408        36
  107059    114445       116
  107176    114562        98
  107275    114661        90
  107383    114769        28
  107426    114830        74
  107501    114905        23
  107559    114963        20
  107582    114986        34
  107629    115033        27
  107678    115076        27
  108370    115655        25
  108400    115685        22
  108871    116201        41
  108952    116282        20
  108973    116303        29
  109171    116501        41
  109237    116567        48
  109291    116621        26
  109480    116810        32
  109732    117062        47
  109794    117124        42
  109891    117221        22
  109941    117271        30
  110209    117539        36
  112431    119263        67
  112742    119576        28
  113117    119939        20
  113274    120096        20
  113308    120130        28
  113379    120201        31
  113421    120243        31
  113490    120312        20
  113936    120783        28
  114274    121121        41
  114326    121173        20
  114425    121272        26
  114572    121419        22
  114629    121476        20
  114668    121515        26
  114809    121656        26
  114863    121710        26
  114953    121800        30
  115013    121860        28
  115066    121913        33
  115126    121973        27
  115345    122192        21
  115604    122453        29
  115634    122483        26
  115682    122531        23
  115733    122582        29
  116012    122920        25
  116068    122976        26
  116137    123045        26
  116173    123081        23
  116197    123105        38
  116248    123156        29
  116530    123446        32
  116571    123487        56
  116778    123694        41
  116896    123812        25
  117004    123920        41
  117248    124409        34
  117283    124444        22
  117314    124475        89
  117473    124634        29
  117505    124666        24
  117542    124703        26
  117680    124841        20
  117853    125046        29
  117904    125097        22
  117927    125120        45
  118150    125343        32
  118201    125394        37
  118258    125451        38
  118306    125499        26
  118661    125798        22
  118852    120633        20
  119133    126212        21
  119283    126353        28
  119529    126581        34
  119566    126618        36
  119603    126655        20
  119624    126676        20
  119681    126733        29
  119849    126901        31
  119930    126982        20
  119960    127012        32
  120064    127116        70
  120153    127205        26
  120227    127279        27
  120327    127379        20
  120423    127475        20
  120543    127595        22
  120566    127618        21
  120744    127796        23
  120824    127876        32
  120888    127940        29
  120998    128050        21
  121032    128084        41
  121107    128159        25
  121166    128218        23
  121439    128490        28
  121528    128579        20
  121602    128653        49
  122040    129142        24
  122076    129178        23
  122262    129367        23
  122610    129718        23
  123093    130249        23
  123773    130917        20
  123992    131127        21
  124136    131259        20
  124977    132118        20
  125049    132190        29
  125431    132572        22
  125529    132670        34
  125759    132894        22
  126349    133550        21
  126423    133624        20
  126456    133657        20
  126656    133857        27
  126705    133900        27
  126745    133940        34
  126782    133977        20
  126837    134032        23
  126861    134056        74
  126950    134163        28
  126996    134209        90
  127087    134300        98
  127186    134399       116
  127303    134516        36
  127392    134614        73
  127567    134794        26
  127630    134850        25
  127700    134915        60
  127766    134981        29
  127796    135011        25
  127826    135041        22
  127866    135081        81
  128065    135784        78
  128144    135863        27
  128180    135901        28
  128256    135977        23
  128357    136083       197
  128566    136292        46
  128616    112600        31
  128638    136364        61
  128700    136426        31
  128732    136458        85
  128818    136544        51
  128932    136659        22
  128955    136682       300
  129256    136983       169
  129426    137153       229
  129656    137383        70
  129728    137455       476
  130205    137932        33
  130239    137966       250
  130520    138248        23
  130544    138272       250
  130802    138530       340
  131143    138871        42
  131192    138923        90
  131288    139019        63
  131352    139083        35
  131433    139164        64
  131498    139229       187
  131686    139417        69
  131778    139507        45
  131833    139557        27
  131856    139581       104
  131999    139725        75
  132080    139806        54
  132135    139861        43
  132183    139909        64
  132257    139983        35
  132293    140019       100
  132394    140120       109
  132516    140242        46
  132563    140289       133
  132697    140423        92
  132812    140537        20
  132824    140554       189
  133040    140763        47
  133102    140824       150
  133253    140975       126
  133380    141102        21
  133394    141118        97
  133492    141216        47
  133550    141274        44
  133609    141333        77
  133705    141428       187
  133991    141708        49
  134041    141758        21
  134134    141851       140
  134275    141992        22
  134298    142015        92
  134408    142125        54
  134463    142180       101
  134565    142282       128
  134694    142411       260
  134955    142672       115
  135071    142788        51
  135123    142840       151
  135275    142992       375
  135651    143368        58
  135710    143427        26
  135749    143466        99
  135861    143579        20
  135889    143607        75
  135982    143696        25
  136030    143752        24
  136118    143845        21
  136200    143927        58
  136327    144046        48
  136376    144095        42
  136428    144147        33
  136453    144177        22
  136476    144200        33
  136510    144234        21
  136531    144245        44
  136576    144290        45
  136754    144476        22
  136806    144528        24
  136835    144557        20
  136846    144579        20
  136875    144590        42
  136918    144633        25
  136944    144659        77
  137023    144738        75
  137127    144842        22
  137164    144879        38
  137214    144935        23
  137257    144978        24
  137317    145031        20
  137449    145375        21
  137496    145423        24
  137533    145460        27
  137561    145488       115
  137677    145604        52
  137730    145657       168
  137899    145826        64
  137967    145894        27
  138014    145941        56
  138071    145998        93
  138159    146092        78
  138238    146171        23
  138280    146209        20
  138311    146240        61
  138366    146299        83
  138465    146398        84
  138550    146483       103
  138654    146587       137
  138792    146725        31
  138824    146757       105
  138930    146863        23
  138951    146886        20
  138988    146923        33
  139015    146954        39
  139061    147011        28
  139104    147054        70
  139238    147189        83
  139322    147273        40
  139363    147314        55
  139429    147380        37
  139467    147418        38
  139513    147464        63
  139588    147539        38
  139645    147596       119
  139765    147716        25
  139791    147742       146
  139949    147900       101
  140051    148002        29
  140081    148032        90
  140172    148123        31
  140198    100800        21
  140217    148168        58
  140271    148227       101
  140373    148329        95
  140469    148427        54
  140537    148490        59
  140590    148547        35
  140626    148583        24
  140651    148608        65
  140717    148674       182
  140900    148857        20
  140921    148878        50
  140972    148929        64
  141037    148994        63
  141101    149058        36
  141138    149095        40
  141179    149136        35
  141215    149172        20
  141249    149206        64
  141325    149282        80
  141406    149363        26
  141433    149390       137
  141562    149526        41
  141793    149764        21
  141877    149830        43
  142013    149967       124
  142138    150092        45
  142184    150138        23
  142211    150165        22
  142242    150202        25
  142289    150249        20
  142309    150282        20
  142330    150303        29
  142379    150352        28
  142426    150399        59
  142492    150465        25
  142530    150503        37
  142569    150544        40
  142626    150601        21
  142649    150624        32
  142696    150721        67
  142814    150839        28
  142869    150894        20
  142899    150924        23
  142923    150948        24
  143020    151039        66
  143119    151138        78
  143217    151236        38
  143279    151298        94
  143401    151420        25
  143431    151450        44
  143525    151544        22
  143600    151619        43
  143657    151676        22
  143672    151697        33
  143706    151731        48
  143755    151780        22
  143875    151900        48
  143970    151995        95
  144066    152091        47
  144114    152139        63
  144178    152203        63
  144242    152267        22
  144268    152293        98
  144367    152392        35
  144403    152428        65
  144469    152494        66
  144537    152562       147
  144700    152725        24
  144751    152776        20
  144840    152868       123
  144965    152993        42
  145051    153079        29
  145097    153125        59
  145168    153196        32
  145227    153255        23
  145252    153280        20
  145273    153301        49
  145323    153351        42
  145366    153394        59
  145536    153555        80
  145625    153644        49
  145675    153694        26
  145702    153721        21
  145736    153755        34
  145771    153790        28
  145812    153831        45
  145880    153899        25
  145906    153925        67
  146005    154024        41
  146073    154092        48
  146131    154150        31
  146163    154182        57
  146232    154251        20
  146272    154291        24
  146297    154316        45
  146343    154362        24
  146368    154387        66
  146435    154454        43
  146540    154559        34
  146582    154601        26
  146634    154659        51
  146736    154761       111
  146848    154873       116
  146965    154990        20
  146988    155013        48
  147047    155072        84
  147135    155160        22
  147158    155183        46
  147205    155230        22
  147230    155276        49
  147280    155326        21
  147348    155388        21
  147370    155410        55
  147426    155466        20
  147462    155502        24
  147497    155543        22
  147548    155594        65
  147614    155660        56
  147671    155717        55
  147727    155773        33
  147761    155807        43
  147823    155869        78
  147913    155959        26
  147956    156002        87
  148077    156123        21
  148113    156159        31
  148145    156191        70
  148216    156262        30
  148247    156293       110
  148358    156404        58
  148425    156471        27
  148500    156537        96
  148609    156646        27
  148637    156674        32
  148696    156733       126
  148823    156860        21
  148858    156895        53
  148912    156949        22
  148945    156982        26
  148972    157009        24
  148997    157034        55
  149053    157090        22
  149153    157190        75
  149247    157284        63
  149311    157348        23
  149335    157372        50
  149386    157423        26
  149431    157468        38
  149508    157545        36
  149545    157582        36
  149599    157636        36
  149638    157669        37
  149704    157735        29
  149734    157765        95
  149844    157875        20
  149865    157896       146
  150016    158047        33
  150053    158088        22
  150076    158111        31
  150119    158158        36
  150153    158196        43
  150197    158240        30
  150228    158271        71
  150301    158344        51
  150353    158396        21
  150375    158418        43
  150419    158462        36
  150449    158498        52
  150542    158591        26
  150569    158618        43
  150613    158662        76
  150691    158740        28
  150720    158769        33
  150754    158803       129
  150884    158933       192
  151081    159135        86
  151184    159240        26
  151211    159267        76
  151288    159344        55
  151380    159441        33
  151419    159480       157
  151577    159638        56
  151634    159695        21
  151659    159720        28
  151715    159776        56
  151772    159833        43
  151847    159908        44
  151892    159953        26
  152033         1        76
