> gi|220983471|dbj|AP009569.1|
      33     56819        27
     719     57662        24
    9405    107947        30
   10224     89346        30
   10855     89930        25
   10934     90000        60
   11172     90271        34
   12132     91180        27
   12331     91379        38
   12412     91460        20
   12726     91774        21
   14038     93028        28
   14720     93525        20
   16094     94069        21
   16604     94582        24
   21369     99079        23
   21417     99127        23
   23924     66913        21
   30309    106508        20
   32490     87075        26
   32544     87129        20
   32678     87235        28
   32730     87288        27
   32844     87397        25
   37814     88722        28
   47731      1522        21
   68894     38987        20
   88846      9391        47
   92074     12844        22
   93775     14677        22
   94042     14944        20
   96011     17006        31
   96043     17038        42
   99226     17677        22
   99332     17783        22
   99526     17977        28
   99710     18168        28
  100252     18666        32
  100295     18709        32
  100405     18819        22
  100432     18846        35
  102338     19722        22
  102589     19915        34
  102640     19966        43
  102728     20054        29
  102758     20084        22
  102885     20212        58
  102944     20271        51
  103009     20336        21
  103074     20401        51
  103172     20499        29
  103219     20546        47
  103268     20595        20
  103309     20636        49
  103359     20686        35
  103406     20733       113
  103520     20847        36
  103605     20932        41
  103647     20974        35
  103735     21062        22
  103758     21085        22
  103871     21198        30
  103902     21229        47
  103950     21277        31
  104044     21371        75
  104418     21709        22
  104465     21756        36
  104530     21818        21
  104593     21881        35
  104685     21977        27
  104735     22027        21
  104796     22094        34
  105257     22488        24
  105285     22516        30
  105370     22601        43
  105481     22720        51
  105588     22827        21
  105708     22947        22
  105736     22975        22
  105781     23020        24
  105803     23043        40
  105892     23133        26
  106018     23257        31
  106205     23394        38
  106244     23433        36
  106331     23521        26
  106445     23611        21
  106539     23711        37
  106580     23752        25
  106612     23783        28
  106650     23821        25
  106721     23892        58
  106780     23972        25
  106895     24087       106
  107018     24210        34
  107094     24288        21
  107116     24310        23
  107161     24355        79
  107253     24447        23
  107279     24473        98
  107378     24573        25
  107543     24720        28
  107590     24767        56
  107683     24860        27
  107718     24895        22
  107787     24964        86
  107874     25051        36
  107911     25088        33
  107948     25125        41
  107990     25167        21
  108037     25220        24
  108079     25262        28
  108109     25292       166
  108276     25464       103
  108380     25568        26
  108408     25596        32
  108441     25629        25
  108474     25662        20
  108537     25725        70
  108688     25876        24
  108743     25931        95
  108861     26049       146
  109008     26196        54
  109068     26256        88
  109158     26346        26
  109214     26402        22
  109247     26435        32
  109426     26596        30
  109485     26655        24
  109522     26692        20
  109784     26935        22
  110146     27245        21
  110168     27267        53
  110843     39015        22
  117118     36668        30
  132660     27544        22
  133304     39261        53
  133358     39315        21
  133719     39624        22
  133983     39869        20
  134016     39902        24
  134069     39955        30
  134246     40114        32
  134289     40157        22
  134341     40209        26
  134369     40237        88
  134463     40331        54
  134518     40386       146
  134687     40555        95
  134813     40681        24
  134918     40786        70
  135031     40899        20
  135059     40927        25
  135085     40953        32
  135119     40987        26
  135146     41014       103
  135250     41123       166
  135418     41291        28
  135464     41337        24
  135514     41393        21
  135536     41415        41
  135581     41460        33
  135615     41494        36
  135652     41531        86
  135785     41664        22
  135815     41694        27
  135879     41758        56
  135954     41833        28
  136122     41983        25
  136148     42010        98
  136249     42111        23
  136285     42147        79
  136386     42248        23
  136410     42272        21
  136473     42337        34
  136524     42388       106
  136720     42584        25
  136746     42631        58
  136850     42735        25
  136885     42770        28
  136920     42804        25
  136949     42833        37
  137059     42949        21
  137168     43034        26
  137245     43112        36
  137282     43149        38
  137476     43293        31
  137607     43422        26
  137682     43498        40
  137720     43537        24
  137767     43584        22
  137795     43612        22
  137916     43733        21
  137993     43810        51
  138112     43937        43
  138210     44035        30
  138244     44069        24
  138695     44453        34
  138769     44533        21
  138813     44577        27
  138897     44665        35
  138974     44742        21
  139024     44789        36
  139085     44850        22
  139406     45135        75
  139544     45273        31
  139576     45305        47
  139624     45353        30
  139745     45474        22
  139768     45497        22
  139843     45572        35
  139879     45608        41
  139969     45698        36
  140006     45735       113
  140131     45860        35
  140167     45896        49
  140237     45966        20
  140259     45988        47
  140324     46053        29
  140400     46129        51
  140495     46224        21
  140530     46259        51
  140582     46311        58
  140745     46475        22
  140768     46498        29
  140842     46572        43
  140902     46632        34
  141165     46837        22
  143058     47700        35
  143098     47740        22
  143198     47840        32
  143241     47883        32
  143787     48385        28
  143971     48576        28
  144171     48776        22
  144277     48882        22
  147440     49501        42
  147483     49544        31
  149463     51617        20
  149728     51882        22
  151429     53715        22
  154652     57163        27
