> gi|490345002|gb|KC427271.1|
    5345      8480        46
   10168     48604        24
   10174     96523        20
   10491     48812        22
   12490     13859        20
   12979      4616        24
   17741     62661        22
   18634     63539        27
   21906     66928        33
   25559     70381        22
   29392     74543        31
   30842     75214        22
   31142     75514        28
   31874     76203        32
   31917     76246        21
   32054     76383        35
   33613     77451        30
   33664     77502        43
   33909     77748        89
   33997     77837        21
   34032     77872        20
   34097     77937        25
   34123     77963        25
   34242     78082        45
   34347     78187        34
   34382     78222        35
   34420     78260        62
   34483     78323        59
   34543     78383        36
   34628     78468        41
   34783     78621        22
   34927     78765        42
   34975     78813        31
   35069     78907        47
   35117     78955        27
   35216     79084        28
   35716     79563        21
   36336     80156        24
   36451     80285        21
   36569     80570        27
   36597     80598        20
   36880     80995        24
   37164     81246        33
   37207     81289        23
   37237     81318        27
   37266     81347        33
   37346     81427        20
   37367     81448        36
   37405     81507        25
   37538     81639        59
   37647     81748        31
   37720     81823        21
   37795     81898        71
   37879     81982        23
   37905     82008        98
   38004     82108        22
   38218     82302        76
   38346     82430        22
   38415     82499        86
   38502     82586        36
   38543     82627        29
   38671     82757        22
   38711     82797        28
   38809     82894        64
   38874     82959        27
   38918     83011        56
   38975     83068        34
   39010     83103        20
   39050     83143        20
   39071     83164        25
   39104     83197        20
   39167     83260        77
   39245     83338        24
   39309     83411        24
   39377     83479        82
   39490     83592        67
   39558     83660        70
   39629     83731        35
   39688     83791        72
   39778     83881        26
   39823     83926        28
   39867     83970        21
   40039     84125        36
   40104     84190        24
   40141     84227        20
   40710     84802        29
   40740     84832        23
   49066     96863        23
   49090     96887        29
   49668     97471        20
   49701     97504        24
   49754     97557        36
   49941     97727        21
   49978     97764        28
   50025     97811        26
   50069     97855        72
   50165     97952        35
   50201     97988        70
   50272     98059        67
   50370     98157        82
   50496     98283        24
   50560     98356        24
   50585     98381        77
   50705     98501        20
   50733     98529        25
   50759     98555        20
   50799     98595        20
   50820     98616        34
   50855     98651        56
   50928     98732        27
   50956     98760        64
   51090     98893        28
   51136     98939        22
   51257     99062        29
   51291     99096        36
   51328     99133        86
   51461     99266        22
   51535     99340        76
   51803     99588        22
   51826     99612        98
   51927     99713        23
   51963     99749        71
   52088     99874        21
   52151     99939        31
   52232    100020        59
   52399    100186        25
   52426    100234        36
   52463    100271        20
   52530    100338        33
   52565    100373        27
   52599    100406        23
   52632    100439        33
   52925    100699        24
   53212    101100        20
   53233    101121        27
   53357    101412        21
   53469    101538        24
   54092    102134        21
   54585    102606        28
   54713    102764        47
   54823    102874        31
   54860    102911        42
   55024    103075        22
   55160    103209        41
   55250    103299        36
   55287    103336        59
   55347    103396        62
   55412    103461        35
   55448    103497        34
   55542    103591        45
   55681    103730        25
   55707    103756        25
   55777    103826        20
   55811    103860        21
   55831    103881        89
   56122    104173        43
   56186    104237        30
   57740    105300        35
   57891    105451        21
   57923    105483        32
   58659    106176        28
   58965    106482        22
   60406    107144        31
   64248    111315        22
   67890    114757        33
