> gi|60460788|gb|AY780259.1|
     903      8133        41
     960      8190        29
    1403      8618        31
    1628      8907        34
    1675      8954        22
    5387     54800        25
    6629     40222        72
    6714     40233        66
    6984     40488        29
    7029     40533        32
    7115     40619        27
    7221     40725        23
    7292     40795        25
    7402     40909        20
    7447     40954        32
    7489     40996        26
    7558     41065        23
    7600     41107        37
    7657     41164        29
    7735     41242        50
    7795     41302        23
    7825     41332        50
    7957     41464        56
    8053     41560        47
    8194     41701        23
    8248     41755        35
    8341     41848        44
    8386     41893        26
    8527     42034        35
    8563     42070        62
    8710     42217        31
    8745     44476        21
    8781     42288        33
    8971     42478        32
    9004     42511        26
    9076     42583        23
    9187     42694        47
    9265     42772        20
    9286     42793        44
    9352     42859        20
    9433     42940        38
    9475     42982        20
    9511     43018        38
    9574     43081       105
    9725     43232        44
    9803     43310        47
    9860     43367        41
    9911     43418        38
   10022     43529        26
   10097     43604        44
   10142     43649        44
   10202     43709        32
   10238     43745        23
   10280     43787        23
   10403     43910        28
   10441     43948        33
   10481     43988        38
   10534     44041        21
   10592     44099        23
   10680     44187        28
   10718     44225        29
   10769     44276        20
   10819     44326        24
   10919     44426        32
   10961     44468        26
   11015     44522        20
   11058     44565        25
   11087     44594        58
   11174     44681        47
   11222     44729        32
   11255     44762        32
   11327     44834        38
   11375     44882        29
   11423     44930        38
   11567     45074        23
   11591     45098        20
   11627     45134        20
   11657     45164        27
   11714     45221        23
   11786     45293        25
   11812     45319        24
   11837     45344        29
   11867     45374        34
   11972     45496        27
   12014     45538        28
   12647     46244        23
   12677     46274        28
   12721     46319        26
   12748     46346        21
   13082     46636        36
   13350     46894        24
   13450     47008        68
   13534     47092        35
   13570     47128        29
   13609     47167        23
   13666     47224        38
   13863     47409        22
   14007     47552        26
   14291     47825        29
   14490     48061        26
   14523     48094        38
   14595     48166        21
   15020     48678        20
   15426     48982        33
   15462     49018        35
   16008     49546        26
   16071     49609        26
   16134     49672        26
   16179     49717        26
   16215     49753        22
   16238     49776        20
   16618     50126        29
   16653     50161        44
   17000     50478        20
   17645     51455        21
   17715     51525        27
   17750     51560        34
   17837     51659        21
   18143     51982        22
   18173     52012        31
   18564     52204        20
   18585     52225        31
   19103     53097        29
   19363     53358        25
   19410     53405        22
   19447     53442        27
   19655     55236        24
   19707     55288        25
   20261     55995        21
   42666    109514        34
   50246    105730        22
   50269    105753        27
   50297    105781        84
   50386    105865        21
   50408    105887        44
   50453    105932        79
   50533    106012        38
   50603    106082        80
   50684    106163        47
   50764    106243        76
   50841    106320        66
   50913    106392        69
   51002    106482       112
   51115    106595        57
   51179    106659        62
   51242    106722        38
   51311    106796        42
   51354    106839        20
   51375    106860        50
   51426    106911        99
   51528    107013        42
   51583    107068        26
   51624    107108        45
   51804    107284        21
   51829    107309        26
   52230    107451       173
   52433    107653        37
   52498    107718        23
   52522    107743        52
   52578    107797        23
   52642    107860        68
   52778    108000        28
   52826    108054        34
   52902    108093        31
   52993    108184        63
   53118    115072        20
   53137    108327        77
   53245    108435        59
   53311    108506        26
   53347    108551        89
   53456    108660        28
   53502    108706        33
   53535    108734        40
   53597    108796        25
   53635    108834        21
   53657    108856        50
   53790    108989        30
   53821    109020        21
   53986    109194        34
   54076    109284        71
   54170    109379        62
   54273    109491        22
   54358    109572        24
   54383    109597        49
   54434    109648        27
   54466    109679        29
   54506    109719        24
   54539    109752        76
   54616    109829        73
   54711    109925        26
   54745    109959        22
   54768    109982        22
   54791    110005        40
   54832    110046        35
   54868    110082        59
   54934    110151        97
   55032    110249        65
   55098    110315       135
   55235    110452        36
   55272    110489        36
   55333    110542        40
   55374    110583        71
   55454    110663        31
   55486    110695        32
   55519    110728        64
   55584    110793        27
   55634    110843        74
   55724    110932        65
   55795    111003        48
   56087    111176        36
   56130    111220       117
   56251    111345       195
   56454    111548        61
   56517    111611        70
   56588    111682       191
   56780    111874        35
   56834    111928       153
   56988    112082        51
   57048    112142       257
   57391    112500        20
   57425    112534        56
   57492    112601        23
   57815    112816        37
   57873    112874        43
   57917    112918        30
   58160    113209        38
   58199    113248        22
   58341    113685        29
   58510    113903        20
   58561    113954        38
   58687    119517        49
   58737    119567        23
   58861    158682        35
   59667    120392        20
   59738    120463        24
   60186    147465        29
   60273    147552        27
   60301    147580        24
   60385    147664        27
   60414    147693        25
   60487    147766        22
   60595    147883        20
   60676    147964        25
   60733    148026        22
   60768    148061        44
   60844    148137        26
   60876    148173        49
   60944    148241        25
   60984    148281        33
   61097    148399        24
   61268    148570        23
   61381    148688        22
   61435    148742        20
   61466    148773        22
   61514    148824        23
   61540    148850        25
   61569    148879        32
   61635    148951        20
   61656    148972        42
   61699    149015        23
   61749    149065        26
   61780    149096        20
   61838    149154        23
   61889    149205        35
   61986    149302        23
   62030    149346        26
   62057    149373        24
   62119    149443        24
   62153    149477        30
   62211    149535        39
   62251    149575        20
   62364    149687        22
   62458    149775        20
   62612    149963        22
   62827    150189        26
   62867    150229        51
   62924    150286        36
   62992    150335        22
   63342    150569        27
   63502    150747        20
   69200    135096        21
   69223    135120        20
   69281    135183        21
   69732         4        28
   69761        33        26
   69790        62        21
   70170       653        26
   70197       680        38
   70236       719        35
   70275       758        35
   70314       797        29
   70458       941        20
   70488       971        56
   70545      1028        20
   70566      1049        74
   70659      1142        26
   70701      1184        83
   70785      1268        25
   70869      1352        23
   70935      1418        20
   71040      1523        41
   71106      1589        53
   75819    102177        24
   76291    102649        22
   76540    103442        21
   76729    103629        23
   77153    104256        31
   81022     56098        32
   81443     56545        21
   81615     56717        24
   81648     56750        22
   81707     56803        29
   81758     56854        20
   81779     56875        26
   81941     57037        38
   81998     57094        41
   82109     57205        35
   82150     57246        21
   82175     57271        20
   82220     57316        23
   82274     57370        25
   82340     57436        29
   82442     57538        35
   82544     57640        20
   82581     57677        28
   82652     57748        38
   82691     57787        22
   82739     57835        41
   82994     58090        26
   83778     58902        20
   83799     58923        23
   84215     59322        20
   84323     59430        47
   84445     59552        24
   84503     59610        38
   84554     59661        20
   84611     59718        23
   84641     59748        32
   84719     59826        20
   84740     59847        35
   84824     59931        24
   84849     59956        25
   84875     59982        50
   85038     60145        22
   85082     60189        47
   85148     60255        26
   85376     60483        38
   85421     60528        22
   88907     62600        20
   89666     63576        20
   89956     64044        21
   90168     64256        20
   90243     64331        20
   90299     64387        32
   91496     65871        20
   92189     66586        25
   92221     66618        23
   92266     66663        23
   92332     66729        36
   92464     66861        22
   92501     66898        20
   92619     67016        21
   92641     67038        20
   92662     67059        20
   92683     67080        23
   92884     67281        29
   92967     67364        30
   93031     67428        29
   94272     68524        44
   94499     68739        35
   94544     68784        38
   94623     68863        20
   94695     68935        20
   94716     68956        24
   94752     68988        21
   94843     69079        29
   94885     69121        35
   94942     69178        20
   95165     69398        22
   95962     70601        22
   96103     70790        29
   96178     70865        20
   96320     71035        44
   96365     71080        22
   96563     71300        78
   97109     71791        25
   97684     72413        28
   98207     72832        24
   98298     72920        45
   98900     73480        23
   99529     74089        24
   99568     74129        24
   99857     74410        24
  101185     76992        23
  101212     77019        37
  101384     77206        30
  101470     77292        29
  101577     77399        26
  101616     77438        21
  101670     77492        26
  101709     77531        33
  101799     77621        20
  101847     77669        26
  101949     77771        27
  101979     77801        20
  102058     77880        22
  102087     77909        26
  102114     77936        62
  102192     78014        26
  102225     78047        29
  102330     78152        20
  102393     78215        20
  102465     78287        20
  102657     78479        20
  102762     78584        20
  103117     78843        46
  103182     78908        20
  103334     79054        36
  103395     79115        24
  103485     79205        32
  103602     79319        21
  103660     79377        26
  103732     79449        20
  103889     79610        24
  104311     80007        20
  104631     80315        33
  104740     80421        23
  104818     80499        38
  104974     80655        27
  105055     80736        35
  105133     80814        32
  105214     80895        35
  105250     80931        32
  105556     81219        43
  106184     81924        22
  106207     81947        26
  106244     81984        34
  106285     82025        20
  106459     82199        65
  106690     82430        23
  106720     82460        24
  107302     83062        20
  107369     83135        22
  107401     83167        20
  107651     83408        33
  107761     83518        20
  107793     83550        22
  108619     84373        31
  109108     84893        28
  109818     85605        26
  110271     86044        20
  110295     86068        29
  110325     86098        29
  110403     86176        20
  110906     87665        27
  111515     88079        21
  111603     88167        35
  112656     89067        26
  112756     89167        24
  112805     89216        38
  112901     89312        27
  112933     89344        27
  112982     89393        35
  113060     89471        20
  113089     89500        20
  113128     89536        23
  113152     89560        20
  113293     89686        28
  113327     89720        49
  113476     89874        30
  113642     90037        31
  113694     90089        25
  113722     90117        65
  113837     90232        76
  113979     90374        24
  114019     90414        29
  114311     90691        25
  114341     90721        33
  114488     90868        21
  114542     90921        26
  114604     90986        26
  114662     91022        58
  114721     91081        34
  114756     91116        37
  115509     93071        22
  115919     93730        20
  116196     93951        33
  116394     94177        26
  116475     94258        20
  116988     94802        21
  119289      9811        27
  119585     10119        23
  119726     10283        32
  119814     10387        21
  119899     10491        62
  119963     10555        25
  119989     10581        48
  122830    145013        31
  123262    145648        23
  123453    145837        21
  123701    146629        22
  124171    147099        24
  130712    114096        21
  130771    114160        20
  130793    114183        21
  131826    116506        20
  131893    116573        25
  131928    116608        22
  131994    116674        20
  132831    117574        22
  134027    121323        30
  134141    121438        22
  134726    122056        23
  135305    122638        20
  135326    122659        26
  135368    122701        26
  135422    122755        26
  135509    122842        26
  136159     10878        45
  136205     10924        28
  136492     98533        20
  136645     98704        27
  137000     98943        22
  137054     98978        36
  137096     99020        51
  137161     99085        26
  137380     99315        22
  137536     99505        20
  137628     99591        22
  137743     99705        20
  137764     99726        39
  137831     99793        30
  137871     99833        24
  137933     99903        24
  137958     99928        26
  138005     99975        23
  138090    100060        35
  138153    100123        23
  138214    100184        20
  138239    100209        26
  138292    100262        23
  138316    100286        42
  138359    100329        20
  138413    100389        32
  138449    100425        25
  138477    100453        23
  138526    100505        22
  138559    100538        20
  138611    100590        22
  138723    100707        23
  138893    100877        24
  138997    100986        33
  139045    101034        25
  139089    101078        49
  139144    101137        26
  139202    101195        44
  139259    101252        22
  139313    101311        25
  139399    101397        20
  139505    101512        22
  139575    101582        25
  139602    101609        27
  139689    101696        24
  139714    101721        27
  139799    101806        29
  141118     90583        35
  141415    135308        38
  141484    135377        20
  141644    135586        29
  141793    136030        22
  141816    136053        38
  142067    136352        30
  142098    136383        43
  142162    136447        37
  142499    136676        23
  142533    136710        56
  142603    136780        20
  142709    136901       257
  142975    137167        51
  143027    137219       153
  143199    137391        35
  143235    137427       191
  143427    137619        70
  143499    137691        61
  143568    137760       195
  143767    137963       117
  143891    138088        36
  144171    138249        48
  144225    138303        65
  144306    138383        74
  144403    138480        27
  144431    138508        64
  144496    138573        32
  144529    138606        31
  144569    138646        71
  144641    138718        40
  144706    138775        36
  144743    138812        36
  144781    138850       135
  144917    138986        65
  144983    139052        97
  145087    139159        59
  145147    139219        35
  145183    139255        40
  145224    139296        22
  145247    139319        22
  145277    139349        26
  145325    139398        73
  145399    139472        76
  145484    139557        24
  145519    139592        29
  145553    139625        27
  145582    139654        49
  145632    139704        24
  145719    139787        22
  145782    139859        62
  145867    139945        71
  145994    140072        34
  146172    140259        21
  146194    140281        30
  146307    140394        50
  146358    140445        21
  146392    140479        25
  146439    140526        40
  146479    140561        33
  146530    140612        28
  146578    140660        89
  146677    140768        26
  146710    140806        59
  146800    140896        77
  146876    134208        20
  146958    141053        63
  147081    141176        31
  147154    141212        34
  147208    141272        28
  147304    141372        68
  147413    141480        23
  147440    141505        52
  147493    141559        23
  147544    141610        37
  147611    141676       173
  148159    141965        26
  148189    141995        21
  148345    142147        45
  148405    142206        26
  148444    142245        42
  148489    142290        99
  148589    142390        50
  148640    142441        20
  148661    142462        42
  148734    142540        38
  148773    142579        62
  148842    142648        57
  148900    142706       112
  149032    142839        69
  149107    142914        66
  149174    142981        76
  149283    143090        47
  149331    143138        80
  149443    143250        38
  149482    143289        79
  149562    143369        44
  149607    143414        21
  149633    143435        84
  149718    143520        27
  149746    143548        22
  150490      2407        25
  150516      2433        26
  150573      2490        27
  150932      2849        20
  151868      3793        23
  157314    139752        34
  157961     11469        24
  158172     11680        26
  158310     11818        26
  158430     11938        35
  158517     12025        29
  158697     12205        43
  158802     12310        23
  158838     12346        20
  158865     12373        41
  158952     12460        20
  159054     12562        20
  159138     12646        23
  159176     12684        27
  159269     12777        21
  159736     13229        22
  159759     13252        30
  159791     13284        33
  160036     13540        30
  160478     14022        58
  160537     14081        34
  161123     14732        23
  161209     14818        21
  161249     14858        29
  161294     14903        26
  161321     14930        44
