> gi|403071496|gb|JX407108.1|
      51     76067        36
    7715    119600        28
   44246    129157        20
   44304    157155        24
   59422     16633        20
   65431     26228        20
   65813      9772        21
   90956      7416        39
   92477      9249        24
   92502      9274        27
   93275     10727        20
   93462     10915        31
   93523     11113        77
   94271     11885        20
   94373     11993        29
   94481     12101        22
   94572     12192        34
   94627     12247        20
   94658     12278        29
   94748     12368        32
   94808     12428        22
   94915     12535        33
   94986     12606        56
   95150     12771        23
   95229     12855        29
   95259     12885        23
   95731     13393        31
   95781     13443        27
   95834     13496        30
   95865     13527        23
   96033     13695        28
   96250     13912        20
   96272     13934        27
   96302     13964        20
   96411     14078        20
   96559     14222        23
   96759     14418        29
   96840     14499        26
   96876     14538        41
   96957     14619        22
   97011     14673        21
   97078     14740        26
   97107     14769        35
   97143     14805        28
   97298     14959        58
   97543     15217        22
   97617     15291        22
   97688     15357        26
   97715     15384        26
   97796     15467        42
   97839     15510        59
   97902     15573        20
   97923     15594        62
   97986     15657        41
   98044     15715        24
   98090     15761        32
   98825     16422        28
   99169     16745        27
   99520     17091        24
   99884     17461        21
   99961     17567        85
  100101     17690        22
  100245     17831        38
  100284     17870       147
  100432     18018        31
  100464     18050        40
  100536     18122        31
  100566     18153        80
  100682     18269        24
  100709     18296        41
  100751     18338        59
  100811     18398        58
  100870     18457       175
  101046     18633       128
  101188     18775        40
  101247     18834       101
  101357     18944        73
  101431     19018        47
  101511     19098        83
  101595     19182        84
  101680     19267        99
  101868     19441        26
  102062     19664        57
  102153     19755        26
  102180     19782        67
  102248     19850        43
  102293     19895        32
  102361     19972        38
  102447     20054        20
  102468     20075        32
  102511     20119        21
  102578     20183        24
  102652     20257        20
  102841     20442        23
  102950     20554        39
  103028     20633        44
  103126     20731        21
  103151     20759        63
  103256     20864        21
  103404     21012        22
  103448     21052        68
  103553     21162        39
  103691     21299        33
  103763     21361        21
  103822     21417        20
  103861     21448        63
  103987     21576        37
  104100     21715        24
  104190     21800        26
  104237     21847        35
  104273     21883        64
  104338     21948        30
  104369     21979        67
  104438     22049        24
  104464     22075        27
  104513     22124        25
  104553     22164        71
  104625     22236        34
  104660     22271        54
  104736     22348        83
  104820     22432        58
  104879     22491       101
  104981     22593        55
  105035     22648        77
  105154     22767        28
  105192     22805        37
  105249     22862        92
  105342     22955        35
  105378     22991        27
  105429     23042        73
  105503     23116       174
  105684     23298        33
  105730     23344        22
  105768     23382        36
  105805     23419        29
  105835     23449        35
  105871     23485        63
  105935     23549        52
  105988     23602        50
  106039     23653        26
  106072     23686       123
  106196     23810        39
  106236     23850        30
  106267     23881        21
  106317     23931        54
  106372     23986        23
  106409     24023        94
  106507     24121       159
  106667     24281        54
  106729     24343        86
  106816     24430        21
  106838     24452       119
  106970     24584        20
  107085     24710        30
  107116     24741        31
  107148     24773        27
  107464     25082        33
  107527     25145        32
  107810     25410        74
  108531     26251        25
  108557     26277        23
  129008     51439        23
  129032     51463        25
  129704     52255        74
  130029     52562        32
  130091     52624        33
  130413     52939        27
  130441     52967        31
  130473     52999        30
  130598     53135        20
  130631     53168       119
  130751     53288        21
  130773     53310        86
  130867     53404        54
  130922     53459       159
  131085     53622        94
  131193     53730        23
  131217     53754        54
  131300     53837        21
  131322     53859        30
  131353     53890        39
  131393     53930       123
  131523     54060        26
  131550     54087        50
  131601     54138        52
  131654     54191        63
  131718     54255        35
  131754     54291        29
  131784     54321        36
  131836     54373        22
  131871     54408        33
  131911     54449       174
  132086     54624        73
  132183     54721        27
  132211     54749        35
  132247     54785        92
  132359     54897        37
  132406     54944        28
  132476     55014        77
  132552     55091        55
  132608     55147       101
  132710     55249        58
  132769     55308        83
  132874     55414        54
  132929     55469        34
  132964     55504        71
  133050     55590        25
  133097     55637        27
  133126     55666        24
  133152     55693        67
  133220     55761        30
  133251     55792        64
  133316     55857        35
  133372     55913        26
  133464     56000        24
  133564     56126        37
  133664     56228        63
  133746     56302        20
  133804     56357        21
  133864     56407        33
  133996     56538        39
  134072     56619        68
  134162     56705        22
  134311     56854        21
  134374     56917        63
  134441     56987        21
  134516     57062        44
  134599     57146        39
  134724     57274        23
  134916     57462        20
  134986     57532        24
  135056     57599        21
  135088     57632        32
  135121     57665        20
  135189     57729        38
  135263     57812        32
  135297     57846        43
  135341     57890        67
  135409     57958        26
  135469     58018        57
  135694     58272        26
  135809     58373        99
  135909     58473        84
  135994     58558        83
  136110     58674        47
  136158     58722        73
  136240     58804       101
  136360     58924        40
  136414     58978       128
  136543     59107       175
  136719     59283        58
  136778     59342        59
  136838     59402        41
  136882     59446        24
  136942     59506        80
  137021     59586        31
  137084     59649        40
  137125     59690        31
  137157     59722       147
  137305     59870        38
  137465     60027        22
  137542     60087        85
  137683     60257        21
  138044     60624        24
  138392     60967        27
  138735     61289        28
  139466     61946        32
  139520     62000        24
  139561     62041        41
  139603     62083        62
  139666     62146        20
  139690     62170        59
  139750     62230        42
  139847     62329        26
  139874     62356        26
  139949     62426        22
  140023     62500        22
  140232     62722        58
  140417     62906        28
  140446     62935        35
  140484     62973        26
  140556     63045        21
  140609     63098        22
  140671     63160        41
  140722     63214        26
  140800     63292        29
  141006     63494        23
  141157     63641        20
  141266     63755        20
  141289     63778        27
  141318     63807        20
  141527     64016        28
  141700     64189        23
  141724     64213        30
  141780     64269        27
  141826     64315        31
  142306     64831        23
  142330     64855        29
  142415     64945        23
  142546     65077        56
  142640     65171        33
  142758     65289        22
  142808     65339        32
  142901     65432        29
  142941     65472        20
  142982     65513        34
  143085     65616        22
  143186     65717        29
  143297     65834        20
  143988     66549        77
  144095     66793        31
  144293     66992        20
  145059     68438        27
  145087     68466        24
  146593     70284        39
  151976     76501        34
  152730     77306        24
  153051     77631        23
  153834     78414        42
  153895     78475        22
