> gi|326457019|gb|JF317351.1|
      22        22        77
     309       470        21
     338       499        22
     361       522        62
     445       606        20
     490       651        23
     546       707        20
     567       728        60
     646       807        65
     739       900        29
     805       966        35
     907      1068        35
     963      1124        30
     994      1155        20
    1105      1266        23
    1135      1296        23
    1159      1320        56
    1234      1395        47
    1282      1443        59
    1342      1503        32
    1380      1540        33
    1635      1837        29
    1717      1931        52
    2019      2206        21
    2161      2354        39
    2206      2399        27
    2959      3161        28
    3574      3752        20
    3726      3907        23
    3759      3943        21
    4148      4318        34
    4200      4370        28
    4229      4399        45
    5071      5377        25
    5121      5427        31
    5569      5884        26
    6035      6329        34
    6490      6978        28
    6519      7007        29
    6697      7184        46
    6852      7349        24
    6938      7427        21
    7053      7542        20
    7093      7582        28
    7495      7986        27
    7547      8038        23
    7574      8065        20
    7774      8247        32
    8337      9148        44
    8433      9244        28
    8643      9495        24
    8695      9537        23
    8858      9693        26
    9000      9854        25
    9026      9880        28
    9096      9942        46
    9315     10180        32
    9348     10213        47
    9793     10404        38
    9853     10464        21
    9880     10491        26
    9958     10569        22
    9988     10599        20
   10084     10695        23
   10177     10788        35
   10270     10881        23
   10304     10915        22
   10336     10947        32
   10372     10983        29
   10420     11031        26
   10462     11073        20
   10603     11214        47
   10675     11286        29
   10705     11316        23
   10750     11361        38
   10792     11403        23
   10819     11430        35
   10900     11511        20
   10921     11532        20
   10963     11574        53
   11038     11649        52
   11146     11757        57
   11234     11844        28
   11282     11905        21
   11460     12083        22
   11529     12152        20
   11625     12248        23
   11689     12312        20
   11734     12359        27
   11762     12387        28
   11972     12682        26
   12075     12787        23
   12182     12873        23
   12281     12964        24
   12331     13006        21
   12421     13111        34
   12478     13168        27
   12506     13196        34
   12541     13231        30
   12877     13654        20
   13079     13886        59
   13193     14000        35
   13229     14036        23
   13259     14066        32
   13771     15342        21
   13799     15370        23
   13847     15418        26
   13892     15463        38
   13943     15514        25
   14018     15589        26
   14087     15658        23
   14219     15790        41
   14273     15844        20
   14321     15892        20
   14360     15931        41
   14402     15973        23
   14427     15998        31
   14517     16073        27
   14750     16274        26
   14782     16306        33
   14931     16455        20
   14952     16476        26
   14981     16505        23
   15005     16529        21
   15177     16701        29
   15207     16731        22
   15283     16807        49
   15387     16911        32
   15906     17441        38
   15945     17480        47
   16059     17594        26
   16116     17651        23
   16254     17789        29
   16434     17969        32
   16668     18203        22
   16965     18503        25
   17302     18855        20
   17348     18901        23
   17379     18932        26
   17454     19007        22
   17688     19241        23
   17888     19441        20
   18016     19569        26
   18447     20000        20
   18504     20057        22
   18568     20121        31
   18612     20165        38
   18652     20205        32
   18708     20261        20
   18729     20282        45
   18804     20357        44
   18873     20426        23
   18968     20521        29
   19098     20651        35
   19156     20703        23
   19180     20727        31
   19236     20783        26
   19311     20858        44
   19365     20912        50
   19482     21029        65
   19548     21095        23
   19585     21132        49
   19635     21182        82
   19719     21266        55
   19785     21332        23
   19809     21356        32
   19904     21451        22
   20040     21607        26
   20149     21716        22
   20172     21739        23
   20241     21808        23
   20439     22006        26
   20493     22060        44
   20565     22132        64
   20679     22246        20
   20768     22335        23
   20796     22363        20
   20817     22384        71
   20942     22509        45
   20988     22555        23
   21030     22597        74
   21105     22672        41
   21147     22714        35
   21219     22786        29
   21249     22816        20
   21270     22837        32
   21340     22907        25
   21510     23077        20
   21531     23098        29
   21561     23128        37
   21600     23167        23
   21670     23234        29
   21866     23430        24
   21946     23500        20
   22052     23617        22
   22226     23777        24
   22256     23807        22
   22361     23912        25
   22399     23950        20
   22435     23986        41
   22490     24041        22
   22585     24136        32
   22636     24187        20
   22657     24208        56
   22780     24331        20
   22843     24394        22
   22866     24417        29
   22929     24480        23
   22956     24507        26
   23004     24555        35
   23040     24591        26
   23067     24618        26
   23133     24684        32
   23193     24744        23
   23292     24843        23
   23364     24915        29
   23397     24948        23
   23433     24984        22
   23456     25007        21
   23478     25029        29
   23511     25062        38
   23616     25167        26
   23823     25374        23
   23868     25419        29
   23956     25507        28
   24184     25735        25
   24309     25857        28
   24357     25905        20
   24405     25953        35
   24540     26088        20
   24597     26145        22
   24726     26268        23
   24756     26298        35
   24804     26346        47
   24867     26409        29
   24918     26460        20
   24939     26481        32
   24989     26531        36
   25027     26569        22
   25051     26593        20
   25149     26691        26
   25272     26814        23
   25359     26901        35
   25395     26937        22
   25455     26997        39
   25495     27037        45
   25545     27087        24
   25570     27112        22
   25593     27135        23
   25635     27177        20
   25674     27216        38
   25737     27279        30
   25786     27328        22
   25818     27360        20
   25839     27381        20
   25881     27423        44
   25990     27532        25
   26160     27687        40
   27034     28599        20
   27174     28822        24
   27201     28850        28
   27866     29463        20
   28627     30819        26
   28757     30953        46
   28876     31085        21
   29545     31284        81
   30078     31861        94
   30187     31970        24
   30212     31995        54
   30279     32062        23
   31106     32659        75
   31356     33032        20
   32327     34150        35
   32369     34192        32
   32411     34234        20
   32435     34258        26
   32480     34303        23
   32504     34327        23
   32609     34432        59
   32669     34492        25
   32697     34520        34
   32732     34555        26
   32759     34582        41
   32825     34648        35
   32894     34717        41
   32946     34769        37
   32990     34813       104
   33095     34918        62
   33164     34987        35
   33227     35050        23
   33260     35083        20
   33281     35104        92
   33374     35197        36
   33411     35234        50
   33492     35315        51
   33544     35367        22
   33585     35408        32
   33645     35468        26
   33672     35495        21
   33723     35546        26
   33750     35573        23
   33774     35597        41
   33816     35639        24
   33847     35670        31
   33912     35735        26
   33942     35765        44
   34005     35828        41
   34065     35888        59
   34257     36080        56
   34458     36281        50
   34590     36413        27
   34618     36441        21
   34640     36463        39
   34698     36521        32
   34731     36554        28
   34940     36830        40
   34985     36875        28
   35101     36984        22
   35387     37287        32
   35428     37328        23
   35506     37406        26
   35539     37439        23
   36066     38161        76
   36308     38413        34
   36434     38521        24
   36592     38688        21
   36621     38717        39
   36691     38787        20
   36742     38838        34
   36777     38873        29
   36807     38903        25
   36869     38959        22
   36982     39074        26
   37009     39101        23
   37033     39125        20
   37105     39197        29
   37168     39260        20
   37207     39299        47
   37276     39368        71
   37357     39449        50
   37408     39500        20
   37429     39521        20
   37558     39650        34
   37593     39685        24
   37681     39773        26
   37777     39869        38
   37852     39944        23
   37885     39977        35
   37921     40013        26
   37966     40058        32
   38002     40094        29
   38032     40124        35
   38080     40172        26
   38107     40199        23
   38149     40241        65
   38215     40307        56
   38358     40450        33
   38392     40484        23
   38416     40508        53
   38493     40585        32
   38530     40622        28
   38564     40656        22
   38614     40706        26
   38674     40766        36
   38725     40817        23
   38749     40841        26
   38782     40874        32
   38869     40961        26
   38973     41065        42
   39019     41111        29
   39049     41141        32
   39082     41174        50
   39133     41225        90
   39224     41316        41
   39266     41358        34
   39301     41393        45
   39347     41439        32
   39380     41472        23
   39404     41496        25
   39455     41547        53
   39509     41601        20
   39557     41649        30
   39588     41680        55
   39664     41756        24
   39722     41814        20
   39743     41835        32
   39776     41868        22
   39800     41892        23
   39863     41955        23
   39926     42018        21
   39986     42078        23
   40064     42156        20
   40103     42195        47
   40191     42283        46
   40259     42351        39
   40299     42391        36
   40336     42428        47
   40384     42476        36
   40421     42513        20
   40442     42534        47
   40636     42728        27
   40688     42780        23
   40712     42804        20
   40754     42846        26
   40781     42873        26
   40811     42903        20
   40835     42927        20
   40856     42948        35
   40901     42993        23
   40976     43068        47
   41111     43203        26
   41138     43230        32
   41186     43278        20
   41249     43341        20
   41291     43383        32
   41324     43416        29
   41361     43453        27
   41389     43481        24
   41414     43506        64
   41498     43585        20
   41534     43621        20
   41569     43669        33
   41616     43716        35
   41830     44075        21
   42024     44466        28
   42053     44495        31
   42185     44627        23
   42384     44793        23
   42456     44867        23
   42563     44966        28
   42925     45372        47
   43068     45515        54
   43144     45591        36
   43221     45668        20
   43331     45791        23
   43571     46015        21
   43868     46353        49
   43935     46420        33
   43969     46454        23
   44015     46500        20
   44243     46780        23
   44299     46836        34
   44658     47160        44
   44706     47208        29
   44859     47361        30
   44950     47452        34
   44985     47487        26
   45078     47580        44
   45174     47676        53
   45228     47730        28
   45294     47801        22
   45645     48263        83
   46256     49303        22
   46539     49670        51
   46591     49722        51
   46649     49780        20
   46713     49872        28
   47019     50209        21
   47064     50260        20
   47103     50299        35
   47305     50727        84
   47679     51268        21
   47904     51468        29
   47949     51513        32
   48053     51617        24
   48147     51711        20
   48216     51780        32
   48270     51834        47
   48477     52063        24
   48609     52195        25
   48782     52368        20
   48863     52449        29
   48896     52482        20
   48938     52524        26
   48965     52551        20
   49022     52608        31
   49061     52647        29
   49206     52794        45
   49259     52847        33
   49301     52889        30
   49347     52935        47
   49395     52983        23
   49437     53025        23
   49511     53099        23
   49551     53139        44
   50441     54048        41
   50494     54101        20
   50519     54126        27
   50547     54152        32
   50734     54345        21
   50756     54367        41
   50875     54486        38
   50960     54566        20
   50994     54601        26
   51074     54677        30
   51105     54707        32
   51151     54753        39
   51290     54911        22
   51313     54934        25
   51339     54960        43
   51636     55349        31
   51676     55389        29
   51706     55419        20
   51802     55515        32
   51835     55548        26
   51901     55614        39
   51941     55654        27
   52011     55724        29
   52098     55811        41
   52140     55853        23
   52188     55901        23
   52244     55957        24
   52269     55982        26
   52305     56018        23
   52329     56042        38
   52416     56129        29
   52464     56177        25
   52490     56203        39
   52530     56243        20
   52596     56309        20
   52617     56330        23
   52662     56375        20
   52683     56396        28
   52713     56426        35
   52749     56462        53
   52830     56543        38
   52944     56657        50
   53001     56714        20
   53040     56753        20
   53094     56807        28
   53172     56885        44
   53277     56990        47
   53477     57193        20
   53709     57590        26
   53861     57950        28
   54031     58105        97
   54164     58238        20
   54215     58289        35
   54251     58325        41
   54359     58433        23
   54404     58478        26
   54440     58514        30
   54515     58589        29
   54548     58622        44
   54602     58676        29
   54635     58709        35
   54686     58760        32
   54719     58793        32
   54818     58892        29
   54884     58958        26
   54944     59018        35
   54980     59054        24
   55007     59081        23
   55031     59105        29
   55178     59252        32
   55211     59285        53
   55271     59345        35
   55319     59393        35
   55363     59437        21
   55392     59466        45
   55632     59730        20
   56226     60354        21
   56596     60748        20
   56885     61049        20
   57121     61285        26
   57274     61438        26
   57341     61505        25
   57382     61546        32
   57422     61586        37
   57538     61702        31
   58241     62501        50
   58299     62559        32
   58811     63048        36
   58962     63199        20
   59004     63241        26
   59164     63401        64
   59229     63466        20
   59313     63550        20
   59896     64583        26
   59997     64684        20
   60302     64989        25
   60479     65166        23
   60503     65190        50
   60781     65475        23
   60805     65499        29
   60913     65601        20
   60976     65664        32
   61015     65703        35
   61077     65765        33
   61198     65886        41
   61560     66248        21
   61591     66279        20
   61614     66302        54
   61717     66405        48
   62254     66896        21
   62773     67603        41
   62830     67660        38
   63011     67838        23
   63046     67873        30
   63095     67922        23
   63119     67946        26
   63145     67977        75
   63236     68068        23
   63269     68101        35
   63356     68188        35
   63416     68248        23
   63440     68272        23
   63464     68296        26
   63491     68323        44
   63611     68444        21
   63657     68490        48
   63727     68562        20
   64885     69229        20
   64914     69258        21
   65196     69508        40
   65268     69580        20
   65420     69773        76
   65677     70017        92
   66135     70458        52
   66818     71239        20
   66839     71260        20
   67119     71643        39
   67159     71683        80
   67258     71782        55
   67744     72177        21
   67784     72217        20
   67839     72272        28
   67868     72301        21
   67898     72331        20
   67960     72393        35
   68061     72494        22
   68159     72587        20
   68289     72726        36
   68328     72765        37
   68892     73317        21
   69126     73571        44
   69171     73616        28
   69204     73649        31
   69397     73875        36
   69761     74279        21
   69811     74338        39
   69992     74520        20
   70076     74604        38
   70167     74695        24
   70192     74720        36
   70243     74771        34
   70289     74820        22
   70535     75068        20
   70575     75110        21
   71012     75538        32
   71039     75566        31
   71558     76019        20
   71643     76092        70
   71735     76184        26
   71762     76211        26
   71789     76238        20
   71831     76280        32
   71873     76322        43
   71984     76433        32
   72017     76466        41
   72062     76511        29
   72092     76541        23
   72116     76565        20
   72137     76586        26
   72164     76613        20
   72266     76715        29
   72308     76757        26
   72354     76803        22
   72407     76856        20
   72440     76889        20
   72470     76919        41
   72583     77032        39
   72731     77180        20
   72752     77201        47
   72848     77297        35
   72893     77342        29
   72950     77399        71
   73025     77474        32
   73073     77522        47
   73121     77570        38
   73318     77808        24
   73343     77833        28
   73388     77878        22
   73516     78007        31
   73585     78076        23
   73632     78123        22
   73734     78225        31
   73774     78265        22
   73911     78402        31
   74099     78580        31
   74202     78683        22
   74253     78734        22
   74419     78921        24
   74543     79045        20
   74642     79144        20
   74827     79337        38
   74886     79395        25
   74939     79448        44
   74993     79502        26
   75050     79559        20
   75092     79601        20
   75113     79622        29
   75143     79652        38
   75323     79832        20
   75368     79877        24
   75443     79952        32
   75491     80000        38
   75578     80088        20
   75641     80153        31
   75729     80248        27
   75751     80272        23
   75791     80312        24
   75877     80398        26
   75927     80449        22
   76114     80627        26
   76414     80969        21
   76508     81063        37
   76546     81101        20
   76567     81122        23
   76669     81224        68
   76747     81302        32
   76801     81356        20
   76834     81389        26
   76894     81449        20
   76927     81482        21
   77010     81570        20
   77206     81768        53
   77276     81838        21
   77411     81973        24
   77449     82011        23
   77483     82045        28
   77583     82145        24
   77647     82209        29
   77832     82394        21
   77854     82416        24
   77899     82461        35
   77950     82512        35
   77986     82548        41
   78041     82603        26
   78088     82656        21
   78109     82676        26
   78205     82768        26
   78337     82900        26
   78364     82927        23
   78394     82957        26
   78469     83032        41
   78611     83184        31
   78708     83297        20
   78750     83339        29
   78783     83372        42
   79311     83857        27
   79441     83987        20
   79591     84137        24
   79647     84193        45
   79950     84425        23
   80016     84491        38
   80111     84586        45
   80181     84656        35
   80352     84827        20
   80451     84932        20
   80550     85031        20
   80619     85100        26
   80661     85142        20
   80691     85172        20
   80859     85335        24
   80887     85363        32
   81914     86420        27
   82083     86614        23
   82461     86992        41
   82647     87178        78
   82987     87539        30
   83068     87620        21
   83362     87945        28
   83420     88003        30
   83487     88070        32
   83635     88227        28
   83664     88256        29
   83712     88304        50
   83784     88376        26
   83829     88421        44
   83928     88520        33
   83982     88574        56
   84034     88630        82
   84171     88775        27
   84209     88813       146
   84357     88961       102
   84460     89064       170
   84631     89235        27
   84659     89263        20
   84678     89281       202
   84898     89501        89
   84988     89591        64
   85053     89656        64
   85118     89721        49
   85168     89771        22
   85211     89814       104
   85334     89937        27
   85367     89970        23
   85392     89995        20
   85413     90016        85
   85498     90098       134
   85633     90233       127
   85765     90365        73
   85839     90439        25
   85905     90505        45
   85951     90551        24
   85981     90581        34
   86033     90633        50
   86084     90684        58
   86143     90743        33
   86177     90777        37
   86215     90815        26
   86245     90845        42
   86290     90890        37
   86337     90937        54
   86405     91005        63
   86469     91069       165
   86636     91236        53
   86690     91290        33
   86724     91324        23
   86748     91348        35
   86798     91398        24
   86823     91423        29
   86853     91453        33
   86887     91487        27
   86928     91528        33
   86961     91555        50
   87012     91606        21
   87051     91645        26
   87080     91674        22
   87103     91697        28
   87132     91726        28
   87190     91784        22
   87213     91807        29
   87243     91837        20
   87264     91858        93
   87358     91952        45
   87404     91998        32
   87443     92031        66
   87549     92137        26
   87576     92164        42
   87631     92219        33
   87684     92272        37
   87725     92313        52
   87783     92371        43
   87833     92421        35
   87877     92465        33
   87922     92504        35
   87975     92557        75
   88051     92633        61
   88143     92725        85
   88238     92820        25
   88264     92846        37
   88305     92887        49
   88349     92907        30
   88380     92917        29
   88395     92953        46
   88442     93000        54
   88506     93064        59
   88569     93127        30
   88600     93158        41
   88642     93200        46
   88689     93247        25
   88735     93293        32
   88782     93340        25
   88808     93366        91
   88900     93458        36
   88937     93495        32
   88970     93528        32
   89003     93561        21
   89037     93595        26
   89064     93622        50
   89119     93677        69
   89201     93759        28
   89249     93807        20
   89270     93828        82
   89404     93962        44
   89449     94007        32
   89482     94040        63
   89564     94122        38
   89603     94161        46
   89650     94208        30
   89692     94250        41
   89734     94292        36
   89776     94334        41
   89818     94376        65
   89884     94442        97
   89982     94540        26
   90014     94572        23
   90035     94599        26
   90062     94626        40
   90118     94682        54
   90173     94737        96
   90270     94834        79
   90352     94916        95
   90448     95012        82
   90531     95095        79
   90611     95175        33
   90655     95219        31
   90719     95283        53
   90784     95348        47
   90849     95467        39
   90889     95507        56
   90946     95564        52
   91024     95642        21
   91055     95673        73
   91129     95747        31
   91171     95789        46
   91218     95836        52
   91292     95910        39
   91332     95950       142
   91504     96122        76
   91581     96199        23
   91605     96223        84
   91725     96343        26
   91762     96380        32
   91795     96413        32
   91843     96461        53
   91898     96516        51
   91950     96568        56
   92020     96638        31
   92052     96670        22
   92075     96693        43
   92119     96737        24
   92187     96805        24
   92212     96830        22
   92241     96859        53
   92295     96913        39
   92335     96953        79
   92424     97042        41
   92486     97098        47
   92546     97158        20
   92567     97179        33
   92626     97226        41
   92688     97287        30
   92766     97375        85
   92875     97488        25
   92918     97531        24
   92989     97610        47
   93042     97663        20
   93049     97681        42
   93085     97722        23
   93126     97763        28
   93155     97792        20
   93176     97813        25
   93202     97839        52
   93312     97945        27
   93350     97985        24
   93375     98010        24
   93436     98079        22
   93458     98095        27
   93498     98135        23
   93523     98173       115
   93668     98318        26
   93697     98347        45
   93800     98463        26
   93821     98488        21
   93868     98537        25
   93910     98579        39
   93950     98619        22
   93973     98642        42
   94019     98688        84
   94108     98777        22
   94131     98800        30
   94175     98839        31
   94204     98885        21
   94226     98907        90
   94323     99004        87
   94411     99092        78
   94490     99171        32
   94523     99204        41
   94565     99246        61
   94627     99308       228
   94856     99537        47
   94904     99585       138
   95084     99767        25
   95117     99800       110
   95228     99911       158
   95391    100070        54
   95446    100125        28
   95475    100154        53
   95529    100208        26
   95556    100235        73
   95630    100309        52
   95683    100362       109
   95793    100472        84
   95895    100574        23
   95919    100598        68
   95988    100667        52
   96041    100720        48
   96090    100769       107
   96216    100895       176
   96393    101072        59
   96473    101165        31
   96505    101197        31
   96550    101242        47
   96605    101297        25
   96651    101343        24
   96676    101368        22
   96716    101408       201
   96918    101610        32
   96951    101643       272
   97251    101943        40
   97292    101984        26
   97319    102011        28
   97378    102070        30
   97433    102124        78
   97512    102203        44
   97557    102248        72
   97646    102337        21
   97668    102359       113
   97779    102469       162
   97942    102632        40
   97986    102676       168
   98155    102845        22
   98192    102882        24
   98220    102910        32
   98325    103005        39
   98365    103045        32
   98419    103098        44
   98511    103195        22
   98534    103219        53
   98603    103283        27
   98750    103408        25
   98785    103443        82
   98868    103526        34
   98905    103563        48
   98954    103612        28
   98983    103641        28
   99062    103762        21
   99063    103783        25
   99094    103814        31
   99138    103869        22
   99169    103900        27
   99196    103930        25
   99271    104005        23
   99344    104073        54
   99402    104131        20
   99498    104227        31
   99530    104259        28
   99600    104329        37
   99671    104389        23
   99718    104436        46
   99765    104484        40
   99806    104525        36
   99851    104565        24
   99884    104593        24
   99923    104635        41
   99961    104678        85
  100046    104759        21
  100083    104794        54
  100140    104851        25
  100166    104877        31
  100240    104951       419
  100668    105379       201
  100870    105581       499
  101370    106081        89
  101460    106171       219
  101680    106391        99
  101802    106513        21
  101847    106548        66
  101914    106615        46
  101996    106697        35
  102031    106727        21
  102062    106758        85
  102148    106844        71
  102220    106916       107
  102340    107036        29
  102370    107066        45
  102416    107112        30
  102447    107143        49
  102497    107193        35
  102541    107238        21
  102568    107265        41
  102625    107322        75
  102701    107398        60
  102762    107459        63
  102841    107538        25
  102913    107620       159
  103073    107780        35
  103116    107823        38
  103150    107856       140
  103291    107997        39
  103331    108037        22
  103369    108075        54
  103448    108149       107
  103556    108257       121
  103678    108379        57
  103802    108505        21
  103843    108546        81
  103925    108628        34
  103970    108673        72
  104061    108764        25
  104100    108807        24
  104128    108840        35
  104159    108881       139
  104307    109029        25
  104333    109055        35
  104372    109094       120
  104516    109238       160
  104677    109399        55
  104733    109455       145
  104879    109601        58
  104938    109660       174
  105113    109835        21
  105154    109876       217
  105372    110094        42
  105432    110154       245
  105678    110400       387
  106066    110788       960
  107056    111778       148
  107205    111927        36
  107242    111964        26
  107272    111994        22
  107383    112113        22
  107412    112143        85
  107498    112229        23
  107535    112266        24
  107560    112291        46
  107629    112364        31
  107665    112400       135
  107810    112545       101
  108093    112825        68
  108192    112924        21
  108215    112947        26
  108342    113082        22
  108365    113105        66
  108432    113172        23
  108456    113196        21
  108478    113218        21
  108505    113245        25
  108531    113271        25
  108557    113297        56
  108614    113354        37
  108651    113390        55
  108713    113452        26
  108837    113576        27
  108865    113598        26
  110373    114377        20
  110735    114715        30
  110766    114746        20
  110805    114785        20
  110865    114845        20
  110886    114866        23
  111051    115031        40
  111092    115072        39
  111210    115190        25
  111252    115232        20
  111279    115259        20
  111312    115292        32
  111348    115328        29
  111534    115514        23
  111606    115586        28
  111954    115934        20
  112074    116054        28
  112939    117305        33
  113069    117435        22
  113630    118614        56
  113820    118800        29
  114058    119038        22
  114198    119181        55
  114488    119444        24
  114712    119668        22
  114744    119700        26
  115216    120267        32
  115278    120329        30
  115315    120366        29
  115441    120492        26
  115501    120552        20
  115622    120673        28
  115699    120750        20
  115726    120777        25
  115762    120813        23
  115834    120885        35
  116059    121110        20
  116083    121134        26
  116113    121164        26
  116221    121272        20
  116475    121526        51
  116655    121681        24
  116680    121706        41
  116737    121763        29
  116770    121796        47
  116848    121874        20
  116878    121904        29
  117185    122210        23
  117233    122258        20
  117297    122322        25
  117344    122369        23
  117368    122393        23
  117414    122439        27
  117771    122737        39
  117813    122779        21
  118037    123003        24
  118234    123200        26
  118261    123227        24
  118647    123704        21
  118669    123726        20
  118711    123768        26
  118752    123809        21
  118774    123831        26
  118804    123861        23
  118828    123885        39
  118915    123972        50
  119047    124104        20
  119229    124284        33
  119356    124411        41
  119518    124582        41
  119560    124624        26
  119587    124651        26
  119614    124678        34
  119665    124729        41
  119707    124771        24
  119921    124980        27
  120695    125724        21
  120819    125814        30
  120850    125845        30
  120887    125882        26
  120914    125909        20
  120935    125930        22
  120974    125969        31
  121223    126218        22
  121387    126382        22
  121425    126420        40
  121506    126501        20
  121617    126612        29
  121803    126774        23
  121929    126900        20
  121977    126948        32
  122010    126981        25
  122122    127093        48
  122180    127151        21
  122205    127176        29
  122247    127218        23
  122283    127254        23
  122427    127398        32
  122466    127437        21
  122724    127696        20
  122770    127742        20
  122800    127772        23
  122831    127803        40
  123001    127965        27
  123432    128377        20
  123453    128398        30
  123553    128498        21
  124330    129326        25
  125192    130332        33
  126207    131413        23
  126310    131516        28
  126867    132106        21
  127528    132767        26
  127965    133261        20
  128004    133300        32
  128106    133396        20
  128151    133441        44
  128196    133486        23
  128220    133510        58
  128279    133569        32
  128374    133664        53
  128428    133718        22
  128463    133753        20
  128515    133805        25
  128591    133881        32
  128697    133987        26
  128724    134008        27
  128849    134133        26
  128882    134166        92
  128975    134259        56
  129032    134316        25
  129058    134342        25
  129089    134373        21
  129111    134395        21
  129133    134417        23
  129157    134441        66
  129224    134508        22
  129347    134639        26
  129375    134667        21
  129427    134719        68
  129677    134966       101
  129788    135077       135
  129928    135217        31
  129982    135275        46
  130029    135322        24
  130067    135360        23
  130091    135384        85
  130183    135477        22
  130294    135596        22
  130320    135622        26
  130347    135649        36
  130384    135686       148
  130562    135864       960
  131523    136825       387
  131911    137213       245
  132174    137476        42
  132217    137519       217
  132454    137756        21
  132476    137778       174
  132651    137953        58
  132710    138012       145
  132856    138158        55
  132912    138214       160
  133096    138398       120
  133220    138522        35
  133256    138558        25
  133290    138592       139
  133425    138737        35
  133464    138781        24
  133502    138823        25
  133546    138867        72
  133629    138950        34
  133664    138985        81
  133765    139086        21
  133853    139176        57
  133911    139234       121
  134033    139356       107
  134165    139483        54
  134235    139553        22
  134258    139576        39
  134298    139616       140
  134434    139751        38
  134480    139797        35
  134516    139833       159
  134722    140049        25
  134763    140090        63
  134827    140154        60
  134888    140215        75
  134979    140306        41
  135026    140353        21
  135056    140384        35
  135092    140420        49
  135142    140470        30
  135173    140501        45
  135219    140547        29
  135261    140589       107
  135369    140697        71
  135441    140769        85
  135536    140864        21
  135557    140880        35
  135628    140951        46
  135675    140998        66
  135765    141078        21
  135809    141122        99
  135909    141222       219
  136129    141442        89
  136219    141532       499
  136719    142032       201
  136929    142242       419
  137391    142704        31
  137423    142736        25
  137451    142764        54
  137521    142832        21
  137542    142849        85
  137624    142936        41
  137680    142995        24
  137713    143023        24
  137746    143051        36
  137783    143088        40
  137824    143130        46
  137894    143200        23
  137951    143246        37
  138030    143325        28
  138059    143354        31
  138166    143461        20
  138190    143485        54
  138294    143584        23
  138367    143657        25
  138392    143685        27
  138428    143721        22
  138463    143767        31
  138500    143804        25
  138505    143829        21
  138577    143943        28
  138606    143972        28
  138635    144001        48
  138686    144052        34
  138721    144087        82
  138813    144179        25
  138958    144302        27
  139001    144340        53
  139055    144395        22
  139125    144470        44
  139191    144535        32
  139224    144568        39
  139336    144670        32
  139372    144706        24
  139411    144745        22
  139434    144768       168
  139606    144940        40
  139647    144981       162
  139807    145140       113
  139921    145254        21
  139959    145292        72
  140032    145365        44
  140077    145410        78
  140180    145512        30
  140241    145573        28
  140270    145602        26
  140297    145629        40
  140365    145697       272
  140638    145970        32
  140671    146003       201
  140890    146222        22
  140913    146245        24
  140958    146290        25
  140991    146323        47
  141052    146384        31
  141084    146416        31
  141136    146481        59
  141196    146541       176
  141391    146736       107
  141499    146844        48
  141548    146893        52
  141601    146946        68
  141670    147015        23
  141711    147056        84
  141796    147141       109
  141906    147251        52
  141959    147304        73
  142033    147378        26
  142060    147405        53
  142114    147459        28
  142143    147488        54
  142202    147543       158
  142361    147702       110
  142479    147820        25
  142546    147889       138
  142685    148028        47
  142733    148076       228
  142962    148305        61
  143024    148367        41
  143066    148409        32
  143099    148442        78
  143178    148521        87
  143272    148615        90
  143363    148706        21
  143382    148742        31
  143427    148782        30
  143458    148813        22
  143485    148840        84
  143573    148928        42
  143616    148971        22
  143639    148994        39
  143695    149050        25
  143746    149103        21
  143762    149123        26
  143846    149220        45
  143894    149268        26
  143950    149324       115
  144067    149454        23
  144103    149490        27
  144130    149511        22
  144189    149578        24
  144214    149603        24
  144249    149640        27
  144334    149721        52
  144387    149774        25
  144413    149800        20
  144434    149821        28
  144480    149867        23
  144497    149889        42
  144526    149929        20
  144552    149955        47
  144646    150057        24
  144688    150099        25
  144737    150152        85
  144870    150295        30
  144921    150345        41
  144988    150400        33
  145022    150434        20
  145055    150467        47
  145123    150529        41
  145174    150580        79
  145254    150660        39
  145294    150700        53
  145354    150760        22
  145377    150783        24
  145445    150851        24
  145470    150876        43
  145514    150920        22
  145537    150943        31
  145582    150988        56
  145639    151045        51
  145692    151098        53
  145761    151167        32
  145794    151200        32
  145837    151243        26
  145899    151305        84
  145984    151390        23
  146008    151414        76
  146114    151520       142
  146257    151663        39
  146318    151724        52
  146371    151777        46
  146428    151834        31
  146460    151866        73
  146543    151949        21
  146590    151996        52
  146643    152049        56
  146700    152106        39
  146757    152217        47
  146816    152276        53
  146902    152362        31
  146944    152404        33
  146978    152438        79
  147058    152518        82
  147141    152601        95
  147239    152699        79
  147319    152779        96
  147416    152876        54
  147486    152946        40
  147527    152987        26
  147551    153017        23
  147580    153046        26
  147607    153073        97
  147705    153171        65
  147771    153237        41
  147818    153284        36
  147855    153321        41
  147908    153374        30
  147939    153405        46
  147986    153452        38
  148043    153509        63
  148107    153573        32
  148140    153606        44
  148236    153702        82
  148319    153785        20
  148359    153825        28
  148400    153866        69
  148474    153940        50
  148525    153991        26
  148564    154030        21
  148586    154052        32
  148619    154085        32
  148652    154118        36
  148689    154155        91
  148781    154247        25
  148821    154287        32
  148874    154340        25
  148900    154366        46
  148947    154413        41
  148989    154455        30
  149023    154489        59
  149092    154558        54
  149147    154613        46
  149179    154666        29
  149209    154675        30
  149234    154676        49
  149287    154729        37
  149325    154767        25
  149360    154802        85
  149476    154918        61
  149538    154980        75
  149631    155073        35
  149678    155114        33
  149720    155156        35
  149762    155198        43
  149811    155247        52
  149867    155303        37
  149924    155360        33
  149970    155406        42
  150013    155449        26
  150079    155515        66
  150152    155582        32
  150185    155615        45
  150231    155661        93
  150325    155755        20
  150346    155776        29
  150376    155806        22
  150428    155858        28
  150457    155887        28
  150486    155916        22
  150511    155941        26
  150555    155985        21
  150577    156007        50
  150627    156051        33
  150674    156098        27
  150702    156126        33
  150736    156160        29
  150766    156190        24
  150805    156229        35
  150841    156265        23
  150865    156289        33
  150899    156323        53
  150954    156378       165
  151120    156544        63
  151197    156621        54
  151261    156685        37
  151301    156725        42
  151347    156771        26
  151374    156798        37
  151412    156836        33
  151446    156870        58
  151505    156929        50
  151573    156997        34
  151613    157037        24
  151638    157062        45
  151724    157148        25
  151750    157174        73
  151828    157252       127
  151956    157380       134
  152090    157511        85
  152176    157597        20
  152198    157619        23
  152227    157648        27
  152273    157694       104
  152398    157819        22
  152421    157842        49
  152471    157892        64
  152536    157957        64
  152601    158022        89
  152708    158129       202
  152909    158329        20
  152930    158350        27
  152958    158378       170
  153129    158549       102
  153233    158653       146
  153390    158810        27
  153472    158900        82
  153550    158982        56
  153627    159059        33
  153715    159147        44
  153778    159210        26
  153826    159258        50
  153895    159327        29
  153925    159357        28
