> gi|744674068|gb|KP006497.1|
      50       148        27
      78       175        21
     338       522        22
     361       545        41
     403       587        29
     571       755        23
     646       830        29
     676       860        35
     727       911        35
     778       962        23
     802       986        29
     832      1016        38
     928      1112        23
     952      1136        23
    1015      1199        32
    1105      1289        23
    1129      1313        23
    1159      1343        47
    1251      1435        90
    1342      1526        20
    2161      2288        23
    2838      2968        32
    3380      3525        21
    3726      3867        21
    3891      4011        21
    4114      4243        29
    4227      4357        47
    5121      5191        30
    6047      5228        42
    6697      7294        20
    7053      7645        20
    7495      8024        36
    7550      8079        20
    7715      8293        31
    8337      9109        44
    8643      9415        23
    8815      9586        26
    9000      9753        45
    9096      9847        51
    9317     10051        30
    9348     10082        47
    9907     10437        22
   10093     10623        20
   10454     10984        25
   10603     11133        47
   10696     11226        32
   10813     11343        20
   10981     11511        28
   11032     11562        23
   11176     11706        27
   11277     11808        28
   11741     12269        49
   12421     12972        31
   12478     13029        25
   12504     13055        27
   13031     13541        29
   13078     13588        30
   13115     13625        23
   13145     13655        32
   13193     13703        35
   13259     13769        22
   35017     72628        20
   43209    142335        27
   44307     51669        21
   45662     38786        54
   46539     39594        51
   46602     39657        40
   46649     39707        20
   46713     39773        36
   47019     40074        21
   47103     40158        34
   47330     40550        54
   47900     41194        39
   48018     41312        33
   48285     41579        23
   48610     41904        22
   48782     42076        38
   48941     42235        20
   49061     42355        20
   49305     42590        22
   49347     42632        44
   49392     42677        23
   50441     43707        41
   50519     43785        26
   50548     43812        31
   50677     43931        20
   50960     44210        20
   51082     44324        22
   51289     44551        23
   51313     44575        25
   51339     44601        32
   58850     67496        34
   58896     67542        23
   58920     67566        31
   58962     67608        21
   59034     67680        26
   59094     67740        20
   59197     67843        20
   60003     69071        20
   60240     69308        21
   60557     69625        25
   60811     69858        20
   60991     70032        74
   61144     70185        20
   61216     70257        22
   61342     70383        32
   61423     70464        26
   61645     70686        24
   61753     70794        29
   62773    146028        21
   68302    154852        23
   68400    154950        22
   68465    155014        24
   68576    155119        22
   68877    155358        24
   69412    157233        22
   69615    157409        25
   69827    157658        23
   71680    160323        31
   71714    160357        20
   71762    160405        59
   71831    160474        23
   71873    160516        22
   85981     94886        23
   86984     95214        24
   88051     96035        28
   89230     97079        21
   90196     99374        31
   90653     99822        20
   90684     99853        20
   90940    100235        29
   91186    100481        21
   91307    100605        24
   91500    100798        29
   91725    101023        24
   92482    101966        47
   92568    102052        23
   92775    102119        26
   92780     64455        26
   93383    102262        22
   93566    102527        53
   93699    102660        21
   98090    142326        20
  100003    147321        20
  100047    102969        21
  100140    103061        24
  100240    103161       130
  100371    103292        25
  100413    103333        61
  100517    103439        64
  100607    103529        25
  100670    103591        80
  100751    103672       118
  100870    103791        69
  100940    103861        23
  100995    103917        26
  101024    103945        28
  101068    103988       157
  101226    104146       121
  101356    104270       103
  101460    104374        29
  101501    104416        50
  101552    104467        48
  101601    104516        30
  101653    104568        26
  101691    104606        50
  101751    104666        28
  101882    104791        21
  101921    104830        31
  101996    104905        26
  102062    104966        24
  102084    104989        63
  102168    105073       128
  102311    105216        28
  102352    105257        47
  102416    105321        30
  102447    105352        20
  102468    105373        64
  102560    105468        34
  102595    105503        27
  102625    105533        29
  102655    105563        34
  102692    105598        69
  102762    105668        36
  102794    105703        39
  102924    105817       148
  103073    105966        23
  103116    106017        98
  103215    106116        44
  103260    106161        30
  103291    106192        39
  103340    106250        26
  103367    106277        60
  103452    106358        67
  103537    106439        27
  103565    106467        28
  103624    106526        29
  103678    106580        51
  103750    106656        50
  103802    106708        21
  103859    106768        62
  103925    106834        34
  103989    106899        61
  104100    107010        24
  104126    107036        34
  104164    107070       102
  104274    107180        32
  104308    107214        60
  104369    107275        94
  104464    107370        34
  104499    107405       176
  104676    107582        54
  104734    107640        65
  104808    107714        70
  104902    107808        35
  104938    107844       134
  105073    107979        39
  105113    108019        28
  105154    108060        85
  105240    108146       131
  105378    108284        24
  105436    108341        42
  105479    108384        23
  105503    108408        84
  105588    108493        67
  105678    108584        20
  105690    108602        27
  105772    108841       293
  106068    109136        85
  106154    109222        81
  106236    109304        57
  106294    109362        22
  106322    109390       187
  106510    109578        39
  106550    109618       178
  106729    109797       115
  106845    109913       139
  107084    110130        34
  107119    110165        56
  107176    110222        28
  107219    110265        22
  107272    110286        22
  107409    110424        21
  107431    110446        32
  107464    110479        27
  107498    110513        26
  107525    110540        33
  107629    110642        25
  107689    110702        22
  107778    110786        31
  107810    110818        40
  107851    110859        22
  108505    111126        74
  108586    111207        27
  110603    132998        24
  110735    133130        30
  110805    133200        20
  110886    133281        23
  111057    133452        26
  111092    133487        54
  111171    133566        29
  111766    134158        22
  112945    135332        27
  112979    135366        20
  113630    136142        32
  113663    136175        31
  113973    136470        26
  114010    136507        20
  114587    137048        24
  114712    137173        22
  115315    137851        23
  115342    137878        23
  115686    138222        30
  115831    138367        25
  116083    138619        26
  116200    138736        20
  116478    139014        45
  116657    139155        25
  116683    139181        26
  116716    139214        20
  116737    139235        23
  117297    139812        22
  117362    139877        29
  117414    139929        37
  117787    140225        23
  117826    140264        23
  118246    140684        29
  118774    141306        26
  118801    141333        20
  118828    141360        20
  118869    141401        27
  118927    141459        29
  119005    141537        26
  119047    141579        20
  119086    141618        24
  119234    141764        25
  119263    141793        28
  119321    141851        24
  119346    141876        24
  119371    141901        24
  119476    142015        20
  119518    142057        32
  119569    142108        20
  119590    142129        23
  119656    142195        40
  119776    142315        24
  120637    143123        25
  120857    143340        25
  120932    143415        20
  121119    143602        21
  121151    143634        26
  121443    143926        22
  121617    144100        37
  121755    144214        20
  121799    144258        27
  121879    144338        34
  121986    144445        20
  122039    144498        27
  122105    144564        32
  122138    144597        24
  122214    144673        23
  122276    144735        30
  122361    144820        23
  122417    144876        24
  122442    144901        23
  122750    145263        25
  122779    145292        20
  123443    147803        45
  124455    148785        22
  125012    149375        24
  125192    149561        24
  128975    160639        27
  129009    160673        74
  129715    160992        22
  129738    161015        40
  129779    161056        31
  129877    161149        22
  129934    161206        25
  130030    161300        33
  130064    161334        26
  130097    161367        27
  130125    161395        32
  130158    161428        21
  130294    161565        22
  130347    161586        22
  130384    161623        28
  130413    161652        56
  130470    161709        34
  130604    161821       139
  130744    161961       115
  130860    162077       178
  131039    162256        39
  131079    162296       187
  131272    162489        22
  131295    162512        57
  131353    162570        81
  131435    162652        85
  131523    162739       293
  131871    163244        27
  131890    163269        20
  131933    163313        67
  132001    163381        84
  132086    163466        23
  132110    163490        42
  132186    163565        24
  132217    163596       131
  132349    163728        85
  132447    163826        28
  132476    163855        39
  132516    163895       134
  132651    164030        35
  132710    164089        70
  132789    164168        65
  132858    164237        54
  132913    164292       176
  133090    164469        34
  133125    164504        94
  133220    164599        60
  133282    164661        32
  133322    164701       102
  133428    164803        34
  133464    164839        24
  133538    164913        61
  133629    165005        34
  133667    165043        62
  133765    165144        21
  133788    165167        50
  133859    165242        51
  133935    165318        29
  133995    165378        28
  134024    165407        27
  134069    165448        67
  134161    165536        60
  134222    165597        26
  134258    165642        39
  134298    165682        30
  134329    165713        44
  134374    165758        98
  134492    165884        23
  134516    165908       148
  134755    166131        39
  134790    166169        36
  134827    166206        69
  134899    166276        34
  134934    166311        29
  134966    166343        27
  134994    166371        34
  135056    166436        64
  135121    166501        20
  135142    166522        30
  135189    166569        47
  135249    166629        28
  135292    166672       128
  135441    166821        63
  135502    166883        24
  135566    166942        26
  135636    167012        31
  135685    167061        21
  135809    167179        28
  135847    167217        50
  135909    167279        26
  135957    167327        30
  135988    167358        48
  136037    167407        50
  136099    167470        29
  136129    167500       103
  136241    167606       121
  136363    167728       157
  136536    167900        28
  136567    167930        26
  136625    167989        23
  136649    168013        69
  136719    168083       118
  136838    168202        80
  136956    168319        25
  137007    168370        64
  137114    168479        61
  137192    168556        25
  137218    168582       130
  137424    168788        24
  137520    168883        21
  137565     29431        32
  137598     29464        27
  138635     89219        20
  138664     89248        20
  138695     89279        25
  138749     89333        29
  139131     89653        38
  139224     89745        39
  139313     89818        22
  139444     89949       103
  139552     90057        38
  139591     90096        38
  139644     90149        36
  139681     90186        58
  139743     90248        66
  139807     90311        34
  139842     90346        77
  139944     90448        20
  140049     90547        27
  140077     90580        33
  140111     90614        47
  140180     90682        30
  140235     90758        34
  140297     90820        23
  140344     90867        20
  140414     90937        53
  140468     90991        41
  140716     91239        38
  140780     91303        21
  140809     91332        24
  140991     91508        41
  141149     91609        43
  141210     91670        32
  141292     91752        44
  141397     91857        35
  141433     91893        23
  141473     91933        25
  141499     91959        32
  141559     92019        41
  141601     92061        53
  141670     92130        21
  141694     92154        39
  141734     92194        37
  141814     92274        40
  141868     92328        37
  141915     92375        24
  141996     92456        36
  142111     92564        20
  142167     92622        30
  142230     92681       119
  142398     92848        27
  142426     92876        28
  142484     92934        20
  142563     93012        65
  142629     93078        60
  142706     93155        24
  142733     93182        30
  142764     93213        61
  142863     93312        27
  142910     93359        51
  142964     93413        56
  143021     93470        29
  143057     93506        41
  143109     93558        22
  143132     93581        22
  143171     93620        49
  143221     93670        21
  143302     93751        82
  143427     93871        30
  143504     93963        42
  143868    169192        21
  143969    169293        53
  144786    147166        22
  152446     15120        34
  152487     15161        50
  152650     15303        35
  152708     15361        22
  152751     15404        27
  152779     15432       131
  152909     15561       152
  153078     15730        49
  153153     15805        37
  153191     15843        21
  153233     15884        29
  153263     15914        29
  153293     15944        53
  153473     16108        88
  153592     16227        45
  153728     16363        37
  153833     16468        43
  153925     16560        38
  153981     16616        34
  154016     16651        23
