> gi|442566562|gb|KC180774.1|
       2         1        25
      28        27        28
     409       584        50
     460       635        29
     490       665        32
     529       704        35
     628       803        20
     679       854        23
     742       917        52
     795       970        24
     820       995        74
     916      1091        23
     958      1133        80
    1039      1214        25
    1065      1240        24
    1123      1298        23
    1165      1340        20
    1186      1361        50
    1273      1448        20
    1294      1469        41
    1357      1532        72
    1707      1861        28
    1996      2104        20
    2260      2346        54
    2349      2435        21
    2873      2962        20
    3199      3309        21
    3389      3493        20
    3621      3727        32
    4201      4317        23
    4225      4341        22
    5150      5167        23
    5249      6139        35
    6658      8060        24
    6721      8123        23
    7114      8491        20
    7160      8542        28
    7402      8807        31
    7438      8843        53
    7838      9147        20
    8212      9685        26
    8302      9779        27
    8362      9839        30
    8516      9993        28
    8625     10116        23
    8666     10157        32
    8754     10259        21
    8843     10367        58
    8902     10426        26
    8929     10453        48
    9144     10751        45
    9190     10797        27
    9549     11318        51
    9784     11553        44
    9838     11607        23
    9910     11679        41
    9952     11721        26
   10084     11853        32
   10132     11901        29
   10249     12018        23
   10318     12087        37
   10405     12174        35
   10453     12222        20
   10492     12261        29
   10522     12291        20
   10567     12336        20
   10588     12357        32
   10645     12414        20
   10691     12460        22
   10714     12483        20
   10791     12560        21
   10876     12645        29
   11104     12851        22
   11357     13104        53
   11412     13159        34
   11659     13430        32
   12070     13872        20
   12101     13903        58
   12160     13962        26
   12187     13989        20
   12233     14035        38
   12793     14609        23
   12879     14695        21
   12919     14735        29
   12964     14780        26
   12994     14810        31
   13162     14974        20
   13637     15760        22
   13829     15956        26
   13856     15983        44
   13922     16049        29
   13970     16097        29
   14000     16127        29
   14051     16178        23
   14129     16256        23
   14183     16310        20
   14303     16430        26
   14330     16457        38
   14429     16556        29
   14774     16902        26
   14836     16955        20
   14940     17059        21
   15135     17254        22
   15172     17291        26
   15359     17478        20
   15499     17612        21
   15925     18034        20
   15985     18094        23
   16036     18145        20
   16186     18295        23
   16228     18337        32
   16301     18410        22
   16354     18463        33
   16422     18531        39
   17086     19189        20
   17436     19521        30
   17653     19738        20
   17791     19891        23
   17871     19971        21
   18601     20656        20
   18622     20677        20
   18646     20701        23
   18718     20773        25
   18792     20847        27
   18952     21007        26
   19006     21061        23
   19044     21099        20
   19084     21139        47
   19345     21400        29
   19386     21441        24
   19459     21514        47
   19624     21679        33
   19672     21727        23
   19735     21790        20
   19801     21856        20
   19861     21916        40
   19933     21988        20
   20014     22069        23
   20157     22232        22
   20233     22308        31
   20390     22465        46
   20620     22695        42
   20680     22755        30
   20762     22837        20
   20786     22861        22
   20963     23038        20
   21041     23116        20
   21062     23137        20
   21083     23158        26
   21110     23185        35
   21161     23236        26
   21188     23263        20
   21373     23451        21
   21742     23820        26
   22153     24220        24
   22203     24269        21
   22322     24381        24
   22369     24421        28
   22482     24535        35
   22550     24603        25
   22621     24673        20
   22758     24802        20
   22869     24913        33
   22914     24958        23
   23003     25038        35
   23051     25086        26
   23165     25200        38
   23213     25248        20
   23267     25302        20
   23312     25347        44
   23387     25422        62
   23457     25492        21
   23492     25527        23
   23542     25577        22
   23582     25617        32
   23660     25695        29
   23744     25779        21
   23822     25854        20
   24141     26179        25
   24179     26217        31
   24329     26367        49
   24494     26532        32
   24529     26567        21
   24593     26631        35
   24649     26687        21
   24671     26709        23
   24857     26901        20
   24890     26934        20
   25082     27126        21
   25208     27252        86
   25322     27366        29
   25442     27486        23
   25514     27558        34
   25589     27633        44
   25634     27678        38
   25715     27759        29
   25799     27843        22
   25854     27898        34
   25923     27964        43
   27467     29495        35
   27719     30383        23
   27798     30467        35
   27843     30512        26
   28688     31565        27
   28752     31624        34
   28793     31665        31
   28841     31713        22
   29591     32723        26
   29618     32750        23
   29986     33203        85
   30097     33314        27
   30125     33342        83
   30238     33465        21
   31725     39927        24
   31756     39958        42
   35761     54737        25
   36609     40176        62
   36684     40177        66
   36803     40296        27
   36831     40324        22
   36962     40437        32
   37088     40563        27
   37154     40629        32
   37194     40669        25
   37270     40744        20
   37380     40853        20
   37425     40898        32
   37473     40946        20
   37512     40985        23
   37536     41009        23
   37587     41060        44
   37632     41105        32
   37704     41177        65
   37803     41276        50
   37935     41408        35
   37971     41444        29
   38031     41504        47
   38115     41588        23
   38175     41648        29
   38226     41699        35
   38364     41837        26
   38412     41885        23
   38490     41963        50
   38541     42014        44
   38646     42119        35
   38682     42155        37
   38723     44420        41
   38759     42232        33
   38793     42266        23
   38910     42383        20
   38952     42425        29
   38982     42455        23
   39024     42497        44
   39165     42638        22
   39189     42662        20
   39234     42707        29
   39272     42745        36
   39324     42797        47
   39411     42884        38
   39489     42962        32
   39579     43052        78
   39658     43131        89
   39748     43221        80
   39850     43323        29
   39889     43362        38
   39928     43401        20
   40000     43473        26
   40075     43548        44
   40141     43614        32
   40174     43647        25
   40216     43689        23
   40258     43731        23
   40381     43854        29
   40419     43892        33
   40459     43932        38
   40570     44043        35
   40658     44131        28
   40687     44160        38
   40792     44265        29
   40897     44370        32
   40939     44412        26
   40993     44466        20
   41014     44487        47
   41065     44538        62
   41128     44601       104
   41233     44706        53
   41299     44772        53
   41353     44826        29
   41383     44856        56
   41488     44961        20
   41545     45018        44
   41635     45108        27
   41683     45156        44
   41764     45237        25
   41791     45264        88
   41957     45440        27
   41999     45482        32
   42622     46112        50
   42682     46172        23
   42712     46202        37
   42753     46243        30
   42784     46274        21
   43056     46487        31
   43165     46565        38
   43348     46736        26
   43430     46823        24
   43540     46937        20
   43561     46958        47
   43621     47018        38
   43660     47057        29
   43690     47087        32
   43765     47162        42
   43953     47338        35
   44097     47481        28
   44325     47708        25
   44375     47754        36
   44466     47841        20
   44536     47946        28
   44577     47987        26
   44610     48020        40
   44676     48086        27
   45414     48906        53
   45470     48962        35
   45784     49284        25
   46002     49490        26
   46065     49553        26
   46119     49607        35
   46173     49661        35
   46212     49700        23
   46236     49724        24
   46368     49868        20
   46608     50070        34
   46643     50105        44
   47679     51446        21
   47701     51468        24
   47748     51515        29
   47784     51551        34
   47879     51650        21
   48178     51928        40
   48226     51976        33
   48619     52168        20
   48640     52189        31
   49119     53009        20
   49143     53033        36
   49253     53143        26
   49323     53213        29
   49404     53294        29
   49434     53324        23
   49458     53348        29
   49488     53378        38
   49575     53465        21
   49729     53591        25
   49793     53655        21
   49915     53771        27
   50009     53865        20
   50051     53907        32
   50105     53961        20
   50140     53996        23
   50237     54093        23
   50297     54153        24
   50444     54292        22
   50496     54344        20
   50559     54407        51
   50611     54459        23
   50653     54501        20
   50728     54576        28
   50788     54636        25
   50984     54827        20
   51389     55175        51
   51681     55457        22
   51730     55502        25
   51827     55597        29
   52018     55793        55
   52248     56021        72
   52684     56494        21
   52766     56576        20
   52889     56699        34
   52948     56758        23
   52990     56800        23
   53014     56824        26
   53149     56959        65
   53236     57046        38
   53332     57142        35
   53385     57195        21
   53410     57220        23
   53455     57265        23
   53479     57289        20
   53509     57319        25
   53535     57345        21
   53575     57385        29
   53620     57430        28
   53674     57484        38
   53737     57547        23
   53779     57589        20
   53816     57626        28
   53896     57706        52
   53989     57799        46
   54044     57854        22
   54136     57946        26
   54172     57982        20
   54193     58003        35
   54259     58069        23
   54618     58419        20
   55006     58863        20
   55027     58884        23
   55240     59075        42
   55340     59175        31
   55409     59244        38
   55448     59283        20
   55511     59346        26
   55540     59375        63
   55604     59439        29
   55643     59478        27
   55703     59538        32
   55745     59580        26
   55844     59679        23
   55874     59709        46
   55962     59797        22
   56027     59862        26
   56082     59917        25
   56108     59943        50
   56189     60024        38
   56234     60069        20
   56271     60106        22
   56315     60150        23
   56339     60174        20
   56381     60216        26
   56432     60267        20
   56453     60288        32
   56489     60324        23
   56559     60394        23
   56609     60444        38
   56654     60489        22
   56724     60546        40
   66189    139430        42
   67004     73215        20
   67175     73349        27
   67442     73610        20
   67645     73802        20
   67810     73960        26
   68157     74284        21
   70081     75050        26
   70340     75340        25
   70421     75419        28
   71376     76886        27
   71565     77073        30
   71614     77122        32
   71651     77159        22
   71758     77266        29
   71827     77335        23
   71851     77359        38
   71897     77405        26
   72028     77536        32
   72064     77572        21
   72163     77671        23
   72239     77747        22
   72262     77770        54
   72317     77825        40
   72373     77881        32
   72406     77914        29
   72446     77954        26
   72511     78019        26
   72562     78070        20
   72621     78129        24
   72751     78259        23
   72838     78346        20
   72922     78430        23
   72946     78454        50
   73350     78701        40
   73567     78912        36
   73604     78949        23
   73628     78973        45
   73709     79054        53
   73878     79220        27
   74122     79464        25
   74203     79543        31
   74524     79829        23
   74564     79869        20
   74856     80128        22
   74906     80177        33
   74978     80242        31
   75019     80283        20
   75097     80361        38
   75334     80598        35
   75370     80634        33
   75418     80682        35
   75493     80757        29
   75529     80793        32
   75727     80971        25
   75843     81081        37
   75999     81234        20
   76219     81461        20
   76512     81785        23
   76537     81810        25
   76578     81851        29
   76614     81887        35
   76656     81929        23
   76752     82025        23
   76788     82061        74
   76863     82136        35
   76904     82177        24
   77004     82277        32
   77037     82310        35
   77073     82346        20
   77641     82923        23
   77665     82947        23
   77708     82996        22
   77739     83027        32
   78000     83279        32
   78037     83316        20
   78121     83400        33
   78216     83495        21
   78974     84241        24
   79044     84310        27
   79500     84755        27
   79561     84816        41
   79714     84969        20
   80181     85457        26
   80244     85520        20
   80343     85619        22
   81160     85854        23
   81198     85892        24
   81229     85923        22
   81256     85950        29
   81420     86114        27
   81843     87555        23
   81873     87585        28
   82338     88038        47
   82751     88433        26
   83351     88939        34
   83479     89067        35
   83517     89105        21
   83596     89184        31
   83667     89255        24
   83696     89284        31
   83755     89343        20
   83784     89372        24
   83820     89404        41
   83914     89577        43
   83958     89621        20
   83979     89642        43
   84042     89714        58
   84176     89849        23
   84233     89906        34
   84282     89955        56
   84339     90012        58
   84431     90104        62
   84494     90167        29
   84553     90226        26
   84616     90286        31
   84684     90354        49
   84734     90404        25
   84786     90455        83
   84891     90560        32
   84924     90593        33
   84962     90631        59
   85036     90705        22
   85125     90793        31
   85180     90848        36
   85221     90889       100
   86335     92076        33
   86414     92155        22
   86438     92179        23
   86672     92498        29
   86706     92532        21
   86810     92630        32
   86926     92747        26
   87053     92874        25
   87113     92934        31
   87182     98701        24
   87253     98802        20
   87379     98857        86
   87466     98944        39
   87584     99062        30
   87758     99224        27
   87848     99314        21
   87946     99414        48
   88018     99486        27
   88103     99566        98
   88202     99665        64
   88274     99737        26
   88302     99765        61
   88364     99827        53
   88424     99887        29
   88469     99932        26
   88505     99968        26
   88532     99995        53
   88586    100049       116
   88703    100166        28
   88739    100202        35
   88775    100238       138
   88914    100377        53
   88968    100431        21
   88990    100453        39
   89097    100563        53
   89151    100617        33
   89193    100659        50
   89260    100726        41
   89313    100779        33
   89348    100814        26
   89408    100874        29
   89439    100905        39
   89479    100945        53
   89533    100999        36
   89581    101047        61
   89680    101146        50
   89731    101197        22
   89754    101220       118
   89897    101363       108
   90032    101498        57
   90102    101568       151
   90281    101747        20
   90309    101769        32
   90351    101811        33
   90400    101854        21
   90451    101963        49
   90559    102073        27
   90590    102104        26
   90633    102147        47
   90698    102212        23
   90735    102249        29
   90786    102300        23
   90906    102420        46
   91006    102520        21
   91038    102552        84
   91116    102634        61
   91197    102715        25
   91224    102742        22
   91253    102771        72
   91320    102844        65
   91386    102910        25
   91421    102945        21
   91461    102984        25
   91487    103010        99
   91586    103112        55
   91664    103190        22
   91693    103219        59
   91793    103319        58
   91852    103378        83
   91936    103462        27
   91975    103500        39
   92029    103561        30
   92101    104045        34
   92172    104122        40
   92280    104222        23
   92304    104246        38
   92378    104313        43
   92423    104364        21
   92445    104386        22
   92515    104456        20
   92658    104612        42
   92750    104704        29
   92796    104755        22
   92829    104798        83
   92996    104956        21
   93321    105284        44
   93437    105253        46
   93752    105483        25
   93778    105509        49
   93837    105568        28
   93871    105602        22
   93894    105625        27
   93922    105653        65
   93988    105719        27
   94028    105759        42
   94073    105804        79
   94153    105884        38
   94192    105923        27
   94223    105954        30
   94254    105985        49
   94304    106035        47
   94416    106147        74
   94503    106234        29
   94533    106264        67
   94640    106371        95
   94736    106467        40
   94805    106533        60
   94866    106594        40
   94955    106684        26
   94982    106711        20
   95003    106732        50
   95054    106783        52
   95108    106837        45
   95156    106885        33
   95251    106978        47
   95299    107026        27
   95457    107178        34
   95607    107328       175
   95813    107521        41
   95882    107590        30
   95913    107621        40
   95954    107662        30
   95985    107693        21
   96003    107715       102
   96098    107812        26
   96125    107839        22
   96158    107872        42
   96203    107917        42
   96284    108009        37
   96331    108056        54
   96390    108119        41
   96479    108201       114
   96594    108316        65
   96677    108425        61
   96739    108487        25
   96765    108513        34
   96804    108552        24
   96829    108577        64
   96925    108673        20
   96975    108723        57
   97092    108840        47
   97140    108888        25
   97246    108994        36
   97323    109074        26
   97384    109135        91
   97499    109251        57
   98339    109383        24
   98364    109408        20
   98425    109469        78
   98504    109548        32
   98547    109591        31
   98580    109624       153
   98752    109796        56
   98826    109870        46
   98873    109917        41
   98917    109961        53
   98975    110022        63
   99039    110086        33
   99073    110120        60
   99150    110197       113
   99275    110322        35
   99372    110420        33
   99410    110458        67
   99481    110529        36
   99525    110573        25
   99551    110599        62
   99621    110664        27
   99671    110714        74
   99746    110789       145
  100021    111047       165
  100189    111218       106
  100296    111325        86
  100390    111419        61
  100453    111482        70
  100604    111634        23
  100641    111671       109
  100769    111799       153
  100923    111953        51
  100985    112015       115
  101117    112147        64
  101192    112222        21
  101214    112244        32
  101284    112318        37
  101322    112356        35
  101358    112392       107
  101622    112674        39
  101693    112745        43
  101737    112789        30
  101862    112921        23
  101903    112962        29
  102012    113080        38
  102051    113119        22
  102369    113774        36
  102406    113811        31
  102438    113843        28
  102468    113873        21
  102494    113899        47
  102586    113991        29
  102616    114021        29
  103032    115531        20
  103665    116179        20
  103686    116200        20
  103707    116221        35
  103761    116275        29
  103809    116323        22
  103875    116389        26
  103953    116467        20
  103974    116488        32
  104025    116539        25
  104091    116605        29
  104277    116791        20
  104541    117055        29
  104571    117085        26
  104775    117289        23
  104799    117313        30
  105930    118585        20
