> gi|171854887|dbj|AP009377.1|
      22     40725        24
      86     40789        59
     146     40849        28
     253     40956        27
     281     40984        35
     317     41020        20
     338     41041        26
     380     41083        20
     431     41134        20
     452     41155        20
     512     41215        41
     584     41287        20
     623     41326       104
     737     41440        20
     761     41464        26
     797     41500        23
     830     41533        35
     869     41572        23
     914     41617        20
     962     41665        29
    1029     41732        21
    1685     42297        31
    1924     42529        24
    2035     42628        36
    2135     42728        22
    2163     42756        39
    2489     43082        24
    2898     43494        25
    3198     43794        22
    3542     44094        34
    3584     44137        23
    3615     44169        21
    3652     44207        23
    4159     44672        46
    4812     46187        21
    5153     46500        30
    5184     46531        31
    5300     46647        35
    5366     46713        20
    5487     46834        25
    5552     46899        26
    5579     46926        20
    5705     47049        20
    5783     47127        53
    5855     47199        24
    6077     47421        20
    6167     47511        32
    6255     47599        34
    6416     47760        23
    6627     48019        41
    9879     18070        23
    9978     18169        22
   10095     18275        51
   10165     18345        39
   10294     18475        20
   10464     18631        21
   10560     18753        20
   10741     18940        32
   10868     19067        25
   10977     19176        25
   11440     19535        28
   11783     19976        28
   11903     20096        22
   12709     20889        26
   12736     20916        52
   12949     21111        20
   13000     21162        29
   13153     21289        22
   13212     21348        26
   13487     21574        24
   14720     22730        35
   14810     22816        27
   14840     22846        24
   14882     22888        47
   14969     22975        41
   15092     23101        47
   15146     23155        23
   15219     23233        21
   15242     23256        34
   15292     23306        32
   15470     23459        26
   16645        18        34
   16773       146        35
   16827       200        32
   17001       374        35
   17111       484        35
   17154       527        23
   17262       635        21
   17295       668        20
   17466       839        26
   17830      1155        20
   17903      1228        34
   17991      1316        43
   18084      1409        20
   18373      1698        34
   19149      2576        34
   19306      2733        29
   19357      2784        27
   19421      2848        22
   19562      2989        34
   20981     26029        20
   21161     26209        23
   21298     26346        21
   22382     28759        27
   22488     28865        43
   22548     28925        29
   22617     28994        56
   22791     29168        26
   22850     29227        21
   22872     29249        26
   22914     29291        23
   22944     29321        20
   22989     29366        20
   23043     29420        40
   23100     29477        20
   23148     29525        20
   23190     29567        20
   23259     29636        20
   23280     29657        23
   23418     29795        26
   23456     29833        21
   23499     29876        31
   23559     29936        41
   23628     30005        20
   23700     30077        20
   23721     30098        53
   23965     30362        22
   24509      3153        20
   25205     90017        20
   26563     32769        75
   26849     33024        38
   26967     33125        21
   27089     33248        23
   27190     33348        28
   27220     33378        20
   27313     33471        30
   27346     33505        20
   27398     33557        36
   28245     15468        20
   31328     62937        37
   31442     63046        23
   31466     63070        21
   31496     63100        30
   31791     63347        77
   33866     65676        20
   33923     65733        20
   34727     66657        20
   34921     66851        21
   34964     66894        21
   35599     67532        26
   35685     67618        27
   35830     67769        22
   35866     67805        27
   36085     68024        22
   36139     68078        26
   36286     68219        22
   36374     68307        38
   36464     68397        27
   36721     68660        32
   36763     68702        21
   36862     68801        27
   36929     68868        28
   37198     69149        43
   37303     69254        53
   37474     69425        23
   37504     69455        26
   37552     69503        25
   37690     69641        33
   37727     69678        22
   37853     69804        21
   37883     69834        29
   38004     69959        21
   38271     70235        37
   38408     70372        24
   38712     70684        31
   39005     71008        33
   39289     71271        27
   39494     71500        28
   39748     71760        21
   39865     71877        20
   39898     71910        24
   40063     72075        30
   40165     72177        23
   40283     72295        22
   40963     72977        23
   41030     73044        35
   41132     73146        22
   41212     73226        20
   41296     73310        38
   41392     73406        23
   41425     73439        24
   41453     73467        37
   41630     73638        20
   41724     73732        24
   41771     73779        27
   41818     73826        20
   41872     73880        32
   41920     73928        26
   43764     75628        48
   44173     76067        24
   44275     76169        29
   44980     76895        23
   45243     77158        25
   45269     77184        29
   45299     77214        23
   45791     77640        56
   45852     77701        31
   46100     77949        23
   46199     78048        50
   46280     78129        29
   46358     78207        20
   46409     78258        32
   46442     78291        24
   47166     78904        35
   47262     79000        23
   47307     79045        48
   47622     79431        22
   47713     79513        35
   47853     79646        22
   47903     79700        32
   48022     79808        26
   48083     79869        34
   48510     80226        27
   48553     80269        58
   48916     80632        23
   49136     80863        30
   49167     80894        20
   49235     80962        47
   49478     81205        23
   49688     81415        35
   49829     81556        41
   49988     81715        20
   50112     81839        25
   50438     82165        28
   50647     82326        29
   50677     82356        44
   50926     82575        60
   51000     82645        22
   51263     82894        22
   51311     82946        39
   51745     83398        38
   52685     84233        20
   52743     84291        27
   53158      3967        28
   53199      4008        25
   53270      4079        24
   53355      4164        31
   53387      4196        23
   53468      4277        26
   53531      4340        32
   53618      4427        28
   53669      4478        23
   53699      4508        41
   53748      4557       133
   53924      4733        30
   54017      4826        47
   54101      4910        23
   54131      4940        20
   54185      4994        26
   54212      5021        26
   54258      5067        49
   54335      5144        23
   54371      5180        46
   54455      5264        20
   54476      5285        20
   54542      5351        23
   54623      5432        20
   54759      5634        20
   54792      5668        39
   54856      5732        26
   55037      5919        41
   55082      5964        20
   55103      5985        24
   55204      6085        35
   55369      6250        28
   55545      6417        24
   55983      6847        36
   56070      6932        26
   56287      7130        24
   56325      7168        23
   56349      7192        76
   56515      7358        24
   56613      7456        29
   56741      7584        20
   56762      7605        38
   56847      7690        30
   56878      7721        24
   56903      7746        44
   56959      7802        21
   57215      8010        30
   57300      8094        22
   57392      8182        21
   57601      8376        22
   57857      8591        22
   57880      8614        27
   57915      8653        32
   57950      8688        35
   57986      8724        20
   58031      8769        20
   58088      8826        29
   58118      8856        26
   58151      8889        26
   58178      8916        23
   58202      8940        26
   58265      9003        20
   58286      9024        34
   58343      9081        21
   58392      9130        21
   59006      9697        20
   59253      9974        22
   59417     10138        20
   59475     10196        35
   59820     10539        22
   59968     10690        20
   60441     11286        31
   61441     12485        39
   61912     12944        24
   62006     13044        38
   62083     13121        27
   62293     13335        22
   62541     13564        35
   62682     13711        24
   62771     13789        24
   63089     14110        27
   63396     14410        21
   63823     14879        26
   63931     15057        34
   64437     15615        27
   64895     16075        25
   64924     16104        22
   65089     16264        58
   65244     16462        20
   65271     16493        37
   65602     16792        26
   65646     16836        22
   65711     16901        24
   65779     16969        20
   66625    113238        25
   66672    113284        25
   67125     35699        41
   69133     48221        28
   69177     48265        33
   69488     48597        21
   69686     48801        23
   69719     48834        23
   70398     49445        33
   70432     49479        44
   71216     50204        23
   71240     50228        20
   71267     50255        20
   71327     50315        41
   71470     50460        20
   71700     50681        24
   71935     20695        20
   71991     50956        22
   72017     50982        36
   72088     51053        41
   72214     51179        35
   72259     51224        58
   72364     51326        24
   72502     51472        28
   72533     51499        30
   72920     51868        75
   73005     51953        29
   73069     52017        21
   73139     52087        32
   73597     52531        27
   73779     52697        31
   73831     52749        23
   73919     52837        28
   74017     52935        25
   74056     52974        21
   74271     53189        48
   74331     53249        33
   74365     53283        26
   74464     53382        26
   74515     53433        20
   74538     53456        27
   74614     53532        35
   74743     53661        23
   74785     53703        20
   74806     53724        21
   74848     53766        26
   74944     53862        21
   74966     53884        28
   74995     53913        23
   75130     54048        23
   75181     54099        42
   75280     54198        20
   75379     54297        29
   75448     54366        35
   75505     54423        38
   75559     54477        32
   75619     54537        41
   75664     54582        24
   75895     54813        20
   75937     54855        65
   76003     54921        26
   76031     54949        89
   76145     55063        26
   76223     55141        29
   76310     55228        38
   76353     55271        25
   76388     55306        44
   76463     55381        21
   76733     55651        44
   76791     55709        37
   76874     55792        26
   76910     53604        23
   76916     55834        23
   77021     55939        23
   77084     56002        35
   77210     56128        20
   77258     56176        35
   77345     56263        26
   77435     56353        38
   77600     56518        50
   77696     56614        50
   77762     56680        23
   77786     56704        23
   77810     56728        38
   77873     56791        50
   77924     56842        20
   77945     56863        20
   77966     56884        20
   78008     56926        35
   78113     57031        20
   78137     57055        29
   78167     57085        26
   78556     57459        23
   78851     57758        28
   79111     57993        24
   79563     58435        24
   79811     58693        30
   79865     58747        35
   80139     59003        20
   80160     59024        26
   80289     59153        27
   80317     59181        34
   80394     59258        20
   80424     59288        20
   80445     59309        32
   80508     59372        20
   80529     59393        56
   80715     59579        20
   80775     59639        38
   80923     59787        40
   81019     59883        25
   81045     59909        20
   81090     59954        32
   81198     60062        50
   81249     60113        41
   81336     60200        32
   81390     60254        26
   81417     60281        29
   81467     60331        31
   81499     60363        38
   81538     60402        34
   81649     60513        20
   81670     60534        38
   81709     60573        59
   81859     60723        32
   81892     60756        89
   81985     60849        26
   82099     60963        20
   82120     60984        29
   82172     61036        25
   82200     61064        42
   82243     61107        22
   82375     61239        20
   82453     61317        30
   82510     61374        28
   82611     61488        21
   82843     61722        22
   92713     99228        39
  110380    109018        20
  110474    109112        29
  110504    109142        21
  110530    109168        69
  110679    109317        33
  110787    109421        27
  111015    109648        27
  111159    109791        27
  111187    109819        27
  111215    109847        33
  111364    109992        29
  112350    111013        21
  112754    111399        24
  113105    112001        20
  120778     40129        36
  120817     40169        21
  121148     40475        25
  121195     40521        27
