> gi|442566992|gb|KC180779.1|
     119       639        20
     167       687        26
     413       933        23
     437       957        23
     578      1098        44
     623      1143        20
     827      1347        23
     869      1389        23
     965      1485        32
    1610      1852        25
    1687      1923        26
    4163      4407        26
    4726      6087        24
    6609      7530        23
    7163      8123        44
    7715      8572        23
    7881     38527        25
    7885      8818        26
    8873      9692        35
   27665     32108        21
   28244      7882        22
   30889     32109        23
   52744     48997        24
   53203     77020        21
   53324     77141        20
   53354     77171        32
   53528     77345        23
   53711     77528        23
   53765     77582        35
   53801     77618        22
   54026     77843        20
   54263     78080        23
   54362     78179        26
   54389     78206        26
   54476     78293        36
   54515     78332        23
   54539     78356        30
   54626     78443        23
   54674     78491        21
   54804     78661        27
   55289     79155        39
   55340     79206        35
   56350     80200        21
   56390     80240        23
   56426     80276        26
   56486     80336        23
   56552     80402        21
   56615     80465        26
   56783     80633        20
   56828     80678        20
   56855     80705        22
   56897     80747        29
   57215     81043        36
   58025     81922        44
   58082     81979        35
   58122     82019        22
   58178     82075        23
   58286     82183        23
   59755     83625        23
   59998     83868        35
   61408     85381        33
   61902     85893        34
   61947     85938        24
   62279     86266        20
   62852     75064        20
   63088     87218        27
   63829     88023        20
   64768     89046        21
   64990     89268        20
   65096     89375        21
   66651     90899        47
   70400      8812        30
   79813     48939        20
   84256    105478        38
   84295    105517       147
   84443    105665        31
   84475    105697        23
   84531    105753       126
   84662    105884        30
   84695    105917        24
   84720    105942        41
   84762    105984        59
   84822    106044       107
   84930    106152        60
   85008    106230        48
   85078    106300       107
   85197    106419        33
   85252    106474       107
   85362    106584        79
   85442    106664        47
   85522    106744        83
   85606    106828        54
   85671    106893        30
   85702    106924        88
   85905    107144        26
   86144    107287        38
   86183    107326        23
   86232    107375        23
   86264    107407        31
   86334    107472        37
   86444    107573        44
   86531    107664        21
   86553    107686        28
   86600    107729        28
   87020    108140        32
   87059    108175        38
   87157    108264        41
   87276    108379        70
   87502    108605        24
   87560    108663        57
   87618    108721        20
   87669    108771        33
   87726    108828        20
   87779    108877        26
   87816    108916        22
   87845    108964        22
   87974    109107        26
   88001    109134        51
   88073    109205        51
   88194    109332        33
   88279    109422        44
   88324    109467        33
   88362    109505        25
   88397    109540        70
   88468    109611        77
   88588    109729        31
   88644    109785        80
   88725    109866        25
   88751    109892        68
   88828    109971        38
   88867    110010        44
   88926    110069       103
   89046    110189        82
   89128    110270        27
   89156    110298        48
   89230    110376        41
   89281    110427        38
   89338    110484        32
   89371    110517        59
   89431    110577        60
   89518    110664       248
   89774    110919        33
   89838    110983        56
   89895    111040        29
   89925    111070        93
   90021    111170       103
   90125    111274        23
   90158    111307       122
   90281    111430        89
   90385    111534        30
   90440    111589        41
   90488    111637       101
   90593    111742       214
   90815    111964        86
   90902    112051        53
   90956    112105        35
   91012    112161        23
   91044    112193        33
   91177    112320        20
   91198    112341        69
   91273    112416        28
   91543    112660        22
   91566    112683        52
   91642    112759        21
   91870    113021        77
   92687    113734        22
   92710    113757        42
  108801    143607        49
  108851    143657        29
  109529    144301        25
  109676    144448        24
  110461    145544        98
  110612    145695        49
  110672    145755        32
  110854    145935        27
  110964    146050        20
  111224    146309        21
  111341    146427        22
  111609    146695        24
  111718    146804        38
  112230    147426        23
  112274    147470        21
  112537    147723        22
  112974    148101        22
  113090    148506        28
  113266    149999        40
  113307    150040        40
  113508    150125        27
  114164    151056        29
  114204    151096        23
  115874    152628        37
  117520    154403        20
  120762         1        26
  120789        28        26
  121147    157938        47
