> gi|442567508|gb|KC180785.1|
     119       653        20
     167       701        26
     413       947        23
     437       971        23
     578      1112        44
     623      1157        20
     827      1361        23
     869      1403        23
     965      1499        32
    1610      1866        25
    1693      1943        20
    4163      4446        26
    4726      6058        24
    6609      7524        23
    7163      8088        44
    7881     38523        25
    7885      8813        26
    8873      9688        35
   52744     48964        24
   53203     77145        21
   53324     77266        20
   53354     77296        32
   53528     77470        23
   53711     77653        23
   53765     77707        35
   53801     77743        22
   54026     77968        20
   54263     78205        23
   54362     78304        26
   54389     78331        23
   54476     78418        36
   54515     78457        23
   54539     78481        30
   54626     78568        23
   54674     78616        21
   54804     78786        27
   55289     79280        39
   55340     79331        35
   56350     80317        21
   56390     80357        23
   56426     80393        26
   56486     80453        23
   56552     80519        21
   56615     80582        26
   56783     80750        20
   56828     80795        20
   56855     80822        22
   56897     80864        29
   57215     81160        36
   58025     82039        44
   58082     82096        35
   58122     82136        22
   58178     82192        23
   58286     82300        23
   59755     83738        23
   59998     83981        35
   61408     85494        33
   61902     86005        34
   61947     86050        24
   62279     86378        20
   62337     50741        20
   63088     87301        27
   63829     88105        20
   64768     89144        21
   64990     89366        20
   65096     89473        21
   66651     90997        47
   70400      8807        30
   79813     48906        20
   84256    105594        38
   84295    105633       147
   84443    105781        31
   84475    105813        23
   84531    105869       126
   84662    106000        30
   84695    106033        24
   84720    106058        41
   84762    106100        59
   84822    106160       107
   84930    106268        60
   85008    106346        48
   85078    106416       107
   85197    106535        33
   85252    106590       107
   85362    106700        79
   85442    106780        47
   85522    106860        83
   85606    106944        54
   85661    106999        40
   85702    107040        88
   85905    107260        26
   86144    107403        38
   86183    107442        23
   86232    107491        23
   86264    107523        31
   86334    107588        37
   86444    107689        44
   86531    107780        21
   86553    107802        28
   86600    107845        28
   87020    108256        32
   87059    108291        38
   87157    108380        41
   87276    108495        70
   87502    108721        24
   87560    108779        57
   87618    108837        20
   87669    108887        33
   87726    108944        20
   87779    108993        26
   87816    109032        22
   87845    109080        22
   87974    109223        26
   88001    109250        51
   88073    109321        51
   88194    109448        33
   88279    109538        44
   88324    109583        33
   88362    109621        25
   88397    109656        70
   88468    109727        77
   88588    109845        31
   88644    109901        80
   88725    109982        25
   88751    110008        68
   88828    110087        38
   88867    110126        44
   88926    110185       103
   89046    110305        82
   89128    110386        27
   89156    110414        48
   89230    110492        41
   89281    110543        38
   89338    110600        32
   89371    110633        59
   89431    110693        60
   89518    110780       248
   89774    111035        33
   89838    111099        56
   89895    111156        29
   89925    111186        93
   90021    111286       103
   90125    111390        23
   90158    111423       122
   90281    111546        89
   90385    111650        30
   90440    111705        41
   90488    111753       101
   90593    111858       214
   90815    112080        86
   90902    112167        53
   90956    112221        35
   91012    112277        23
   91044    112309        33
   91177    112436        20
   91198    112457        69
   91273    112532        28
   91543    112776        22
   91566    112799        52
   91642    112875        21
   91870    113137        77
   92687    113850        22
   92710    113873        42
  108801    143821        49
  108851    143871        29
  109529    144520        25
  109676    144667        24
  110461    145762        98
  110612    145913        49
  110672    145973        32
  110854    146153        27
  110964    146268        20
  111224    146527        21
  111341    146645        22
  111609    146913        24
  111718    147022        38
  112230    147644        23
  112274    147688        21
  112537    147941        22
  112974    148319        22
  113090    148725        28
  113266    150218        40
  113307    150259        40
  113508    150344        27
  114164    151288        29
  114204    151328        23
  115874    152860        37
  117520    154635        20
  120760         1        28
  120789        30        26
  121147    158170        47
