> gi|88656873|gb|DQ383815.1|
       2         1        77
     534       453        30
     594       513        47
     693       612        41
     735       654        56
     807       726        50
     858       777       116
     975       894        34
    1010       929        21
    1032       951        68
    1119      1038        26
    1146      1065        41
    1188      1107        23
    1212      1131        56
    1284      1203        26
    1311      1230        20
    1341      1260        29
    1389      1308        68
    1458      1377        47
    1506      1425        35
    1542      1461        81
    1701      1607        22
    1890      1777        46
    1962      1845        36
    2212      2095        23
    2388      2271        34
    2450      2333        21
    3486      3378        20
    3536      3428        26
    3577      3469        25
    3749      3612        38
    3919      3789        32
    4149      4000        22
    4368      4229        24
    4450      4311        47
    5193      5341        44
    5244      5392        23
    5687      5827        29
    5975      6108        22
    6064      6206        32
    6131      6275        39
    6171      6315        29
    7593      7307        56
    7813      7556        25
    8016      7732        31
    8110      7820        24
    8167      7877        37
    8506      8233        21
    8587      8321        24
    8636      8370        32
    8669      8403        38
    8866      8564        49
    8916      8614        26
    8950      8648        32
   29033      8966        22
   29560      9436        49
   30526     10308        35
   30562     10344        32
   31589     10906        22
   31648     10965        20
   31669     10986        25
   31708     11026        37
   31789     11106        26
   31842     11159        27
   32652    115817        20
   32655    120978        20
   32656     64946        20
   32785     11647        31
   32819     11681        24
   33301     11838        38
   33340     11877        30
   34428     31234        22
   34829     31569        20
   35743     32356        21
   35852     32450        20
   35873     32471        21
   35898     32496        44
   35943     32541        29
   35973     32571        20
   36009     32607        24
   36051     32649        59
   36144     32742        26
   36171     32769        71
   36243     32841        47
   36291     32889        62
   36354     32952        86
   36471     33069        54
   36528     33126        56
   36585     33183        59
   36645     33243        86
   36732     33330        38
   36772     33370        28
   36816     33414        20
   36837     33435       189
   37030     33628        23
   37057     33655        53
   37111     33709        20
   37147     33745        29
   37181     33779        28
   37240     33838        20
   37282     33880        27
   37324     33922        23
   37348     33946        41
   37415     34013        40
   37531     34129        23
   37567     34165        20
   37588     34186        20
   37621     34219        26
   37654     34252        20
   37750     34348        20
   37771     34369        20
   37825     34423        20
   37846     34444        35
   37966     34564        21
   37993     34591        35
   38062     34660        62
   38137     34735        29
   38167     34765        23
   38191     34789        23
   38248     34846        29
   38278     34876        41
   38564     35172        34
   38609     35207        24
   38649     35247        23
   39015     35608        42
   39074     35667        26
   39110     35703        23
   39134     35727        70
   39971     36114        73
   40225     36392        47
   40375     36536        20
   40467     36628        32
   40557     36718        20
   40667     36828        30
   40722     36883        20
   40777     36938        36
   40927     37094        20
   40948     37115        38
   41023     37190       110
   41152     37319        20
   41230     37397        38
   41293     37460        26
   41320     37487        20
   41341     37508        29
   41371     37538        26
   41425     37592        26
   41470     37637        20
   41491     37658        26
   41548     37715        34
   41658     37825        45
   41704     37871        26
   41749     37916        29
   41824     37991        20
   41845     38012        50
   41929     38096        74
   42016     38183        29
   42067     38234        38
   42228     38395        21
   42289     38456        20
   42336     38503        28
   42382     38549        32
   42547     38714        23
   42571     38738        56
   42673     38840        20
   42703     38870        44
   42755     38922        22
   42787     38954        53
   42858     39025        30
   42916     39083        89
   43006     39173       204
   43226     39393        71
   43309     39476        57
   43367     39534        29
   43397     39564        47
   43448     39615        38
   43508     39675        47
   43658     39825        29
   43688     39855        29
   43733     39900        41
   43775     39942        23
   43847     40014        26
   43898     40065        41
   43970     40137        69
   44040     40207        28
   44081     40248        38
   44153     40320        20
   44207     40374        38
   44254     40421        72
   44345     40512        23
   44369     40536        20
   44408     40575        38
   44456     40623        26
   44464     38407        24
   44552     40719        23
   44582     40749        77
   44663     40830        38
   44702     40869        35
   44738     40905        23
   44762     40929        35
   44804     40971        20
   44834     41001        23
   44870     41037        35
   44942     41109        26
   44984     41151        26
   45011     41178        23
   45053     41220        35
   45089     41256        26
   45143     41310        36
   45180     41347        58
   45248     41415        30
   45309     41476        22
   45332     41499        64
   45484     41666        27
   45512     41694        56
   46180     42301        26
   46216     42337        23
   46255     42376        20
   46288     42409        24
   46313     42434        50
   46481     42638        39
   46627     42786        27
   46655     42814        24
   46737     42892        28
   46775     42929        22
   46798     42952        21
   46919     43069        22
   46957     43092        21
   46998     43130        47
   47046     43178        26
   47094     43226        26
   47121     43253        26
   47148     43280        20
   47175     43307        77
   47405     43529        37
   47560     43683        51
   47781     43895        21
   47809     43928        23
   47833     43952        24
   48003     44078        98
   48102     44177        25
   48214     44289        21
   48947     45030        26
   48986     45069        32
   49019     45102        29
   49324     45447        34
   49359     45482        23
   49401     45524        29
   49542     45665        34
   49584     45707        32
   49668     45791        41
   49716     45839        79
   49827     45950        20
   49899     46022        20
   49920     46043        28
   50133     46417        63
   51311     46813        26
   51496     47019        68
   51576     47099        32
   51610     47136        22
   51975     47424        28
   52039     47488        21
   52072     47521        27
   52283     47913        54
   52338     47968        22
   53108     48199        37
   53149     48240        20
   53186     48277        22
   53231     48322        41
   53286     48377        20
   53315     48406        34
   53377     48468        23
   53440     48531        51
   53500     48591        23
   53709     48811        35
   53775     48877        32
   53817     48919        32
   53891     48993        35
   53967     49069        23
   54006     49108        74
   54105     49207        20
   54150     49252        23
   54174     49276        29
   54212     49314        36
   54249     49351        23
   54273     49375        60
   54391     49491        24
   54416     49516        21
   54438     49538        31
   54513     49613        44
   54558     49658        20
   54627     49727        26
   54750     49850        34
   55294     50796        52
   55400     50901        26
   55469     50975        21
   55540     51045        23
   55620     51123        36
   55712     51209        24
   55804     51293        21
   55927     51405        22
   55992     51465        28
   56132     51611        23
   56156     51635        73
   56235     51715        20
   56603     52016        21
   56711     52124        42
   56769     52182        30
   56800     52213        43
   56859     52272        29
   56924     52337        35
   56966     52379        29
   57050     52463        23
   57080     52493        23
   57170     52583        35
   57208     52621        21
   57251     52664        50
   57322     52735        33
   57398     52811        20
   57422     52835        31
   57454     52867        39
   57572     52985        74
   57686     53099        26
   57713     53126        47
   57818     53231        32
   57887     53300        35
   57923     53336        32
   58031     53444        20
   58127     53540        20
   58163     53576        39
   58237     53650        21
   58283     53696        20
   58445     53858        31
   58498     53911        23
   58526     53937        22
   58670     54065        37
   58837     54220        27
   58958     54327        20
   58979     54348        32
   59114     54494        54
   59171     54551        65
   59269     54649        23
   59293     54673        26
   59350     54730        29
   59485     54865        32
   59536     54916        29
   59680     55060        41
   59739     55119        21
   59773     55153        23
   59797     55177        47
   59860     55240        44
   59944     55324        36
   59989     55369        24
   60019     55399        35
   60163     55543        20
   60196     55576        23
   60220     55600        24
   60268     55648        32
   60310     55690        32
   60433     55813        20
   60454     55834        23
   60489     55869        29
   60519     55899        42
   60641     56039        40
   60799     56175        23
   60942     56367        22
   61607     56871        22
   61985     57216        51
   62066     57297        36
   62138     57369        20
   62171     57402        23
   62213     57444        32
   62297     57528        41
   62441     57672        30
   62472     57703        22
   62496     57727        20
   62517     57748        22
   62615     57846        24
   62707     57938        24
   63524     58703        24
   63589     58765        20
   63627     58803        25
   64059     59212        37
   64138     59291        20
   64293     59446        20
   64314     59467        20
   64374     59527        32
   64575     59728        20
   65670     60662        20
   65725     60717        42
   65776     60768        28
   66039     61031        42
   66082     61074        31
   66114     61106        21
   66276     61268        36
   66495     61483        46
   66618     61606        65
   66699     61687        23
   66726     61714        32
   66759     61747        40
   66807     61795        25
   66833     61821        36
   66934     61922        26
   66991     61979        20
   67012     62000        37
   67131     62119        29
   67235     62223        21
   67263     62251        20
   67359     62347        23
   67389     62377        20
   67414     62402        34
   67467     62455        26
   67734     62737        21
   68563     63350        27
   68591     63378        23
   68757     63544        32
   68790     63577        35
   68826     63613        32
   68862     63649        26
   68908     63695        26
   68935     63722        26
   68974     63761        46
   69023     63810        42
   69082     63869        21
   69127     63914        20
   69160     63947        47
   69226     64013        80
   69407     64194        29
   70552     65333        27
   70620     65401        28
   70804     65577        34
   70842     65615        23
   70866     65639        35
   71050     65826        50
   71101     65877        26
   71314     66044        84
   71814     66446        57
   72333     66993        31
   72433     67093        25
   72504     67164        42
   72773     67411        28
   72802     67440        41
   72844     67482        36
   72881     67519        20
   72920     67558        91
   73246     67923        22
   73341     68003        27
   73369     68031        40
   73474     68136        36
   73594     68256        55
   73671     68333        22
   73708     68370        27
   73761    148430        20
   73926     68574        31
   74068     68715        23
   74092     68739        33
   74417     69051        52
   74521     69155        20
   74570     69200        47
   74725     69354        23
   74759     69388        23
   74812     69441        27
   74933     69562        21
   75190     69812        28
   75331     69981        21
   75432     70059        20
   75476     70102        29
   75506     70132        27
   75555     70183        41
   75603     70231        33
   75663     70291        28
   75705     70333        41
   75822     70450        42
   75931     70552        28
   76151     70768        30
   76204     70819        23
   76658     71160        24
   76692     71193        23
   76716     71217        24
   76754     71255        26
   76781     71282        26
   77002     71558        25
   77039     71595        26
   77217     71778        33
   77284     71845        47
   77335     71896        23
   77368     71929        23
   77392     71953        41
   77476     72037        26
   77542     72103        23
   77713     72274        23
   77782     72343        47
   77905     72466        20
   77944     72505        32
   77977     72538        32
   78028     72589        32
   78098     72659        21
   78120     72681        27
   78235     72796        21
   78271     72832        29
   78301     72862        20
   78322     72883        27
   78358     72919        23
   78403     72964        23
   78430     72991        31
   78499     73060        35
   78535     73096        53
   78596     73157        35
   78688     73249        49
   78818     73459        27
   78858     73499        27
   78886     73527        42
   78986     73632        24
   79096     73742        39
   79136     73782        49
   79186     73832        32
   79222     73868        22
   79352     73996        20
   79400     74044        20
   79445     74089        21
   79472     74116        20
   79622     74253        32
   79940     74591        26
   80023     74683        36
   80326     74974        20
   80446     75086        35
   80482     75122        20
   80503     75143        32
   80584     75224        38
   80638     75278        50
   80731     75371        44
   80782     75422        20
   80809     75449        26
   80860     75500        20
   80899     75539        65
   81132     75779        29
   81213     75855        50
   81301     75949        34
   81541     76152        24
   81602     76208        25
   81680     76280        25
   81927     76510        46
   81978     76561        50
   82029     76612        35
   82065     76648        20
   82089     76672        35
   82149     76732        47
   82206     76789        71
   82317     76900        20
   82362     76945        32
   82415     76998        24
   82440     77023        74
   82840     77409        20
   83061     77630        29
   83091     77660        20
   83140     77703        48
   83189     77752        28
   83427     77990        47
   83544     78107        35
   83626     78189        20
   83648     78211        40
   83693     78256        32
   83763     78358        28
   83795     78390        35
   83906     78501        40
   83963     78558        20
   84050     78645        29
   84217     78806        33
   84304     78883        25
   84372     78951        29
   84585     79168        29
   84898     79472        31
   84993     79567        28
   85094     79668        41
   85257     79831        35
   85507     80099        20
   85534     80126        35
   85570     80162        47
   85618     80210        53
   85846     80438        23
   86014     80598        21
   86111     80695        23
   86249     80833        53
   86323     80907        21
   86345     80929        23
   86412     80996        27
   86727     81359        28
   86874     81505        22
   87121     81740        20
   87207     81829        20
   87236     81858        21
   87565     82194        23
   87609     82238        24
   87718     82347        23
   87802     82431        34
   87909     82538        22
   88086     82715        24
   88144     82773        37
   88182     82811        21
   88365     82988        24
   88463     83086        27
   88590     83213        38
   88733     83353        21
   88809     83429        39
   88849     83469        25
   88887     83507        20
   88963     83583        34
   89065     83684        43
   89128     83747        30
   89159     83778        24
   89184     83803        20
   89205     83824        23
   89302     83921        91
   89394     84013       127
   89522     84141        64
   89591     84210        25
   89662     84281        44
   89718     84337        58
   89795     84414        33
   89840     84459        57
   89936     84556       301
   90238     84858        34
   90323     84943        43
   90367     84987        76
   90449     85069        30
   90480     85100        26
   90507     85127        38
   90563     85177        94
   90719     85333        71
   90791     85405        55
   90848     85462        23
   90930     85540        43
   91015     85625        63
   91079     85689        33
   91225     85858        53
   91297     85930        50
   91355     85988        27
   91383     86016        49
   91457     86090        51
   91509     86142        60
   91571     86204        40
   91612     86245        25
   91655     86288        34
   91701     86334        37
   91759     86392        47
   91998     86631        39
   92053     86686        34
   92090     86723        22
   92563     86749        27
   92606     86792        47
   92658     86844        88
   92804     86984        54
   92864     87044        30
   92914     87094        24
   92939     87119        22
   92962     87142        20
   92983     87163        35
   93019     87199        21
   93060     87240        25
   93197     87377        46
   93245     87425        34
   93280     87460        64
   93345     87525        25
   93402     87582        67
   93497     87677        54
   93611     87791        24
   93646     87826        33
   93706     87886        22
   93729     87909        49
   93826     87985        32
   93879     88038        22
   93949     88099        40
   94039     88189        32
   94072     88222        62
   94135     88285        34
   94181     88331        23
   94205     88355        21
   94251     88401        71
   94351     88501        55
   94451     88601        37
   94491     88641        23
   94518     88668        25
   94564     88714       257
   94857     89007        54
   94940     89090        46
   94987     89137        55
   95043     89193        66
   95110     89260        62
   95186     89330        23
   95210     89354        26
   95249     89393        21
   95382     89526        37
   95484     89604        22
   95549     89678        35
   95608     89737        59
   95680     89809        29
   95713     89842        21
   95738     89867        22
   95761     89890        21
   95807     89936        77
   95885     90014        51
   95940     90069        57
   96026     90155        31
   96070     90199        44
   96115     90244        22
   96163     90292        27
   96352     90514        83
   96501     90654        78
   96580     90733        53
   96634     90787        35
   96670     90823        46
   96717     90870        51
   96822     90975        30
   96853     91006        41
   96911     91064        40
   96991     91144        75
   97078     91231        34
   97121     91274        27
   97174     91327        23
   97231     91375        23
   97259     91403        31
   97307     91451        26
   97399     91537        78
   97499     91637        35
   97543     91681        42
   97587     91725        40
   97628     91766        60
   97689     91827        36
   97726     91864        36
   97787     91925        25
   97813     91951        30
   97844     91982        26
   97908     92046        39
   97957     92095        21
   97979     92117        38
   98631     92226        31
   98697     92292        61
   98822     92405        37
   98863     92446        24
   98900     92490        22
   98924     92514        21
   98970     92614       154
   99134     92768        29
   99188     92822        33
   99251     92880        24
   99276     92905        21
   99350     92979        32
   99520     93141        34
   99564     93185        73
   99646     93267        36
   99683     93304       107
   99791     93412        64
   99890     93511        34
   99925     93546        42
   99968     93589        74
  100043     93664        26
  100070     93691        62
  100143     93764        46
  100190     93811       214
  100405     94026        65
  100471     94092        32
  100506     94127        66
  100573     94194        62
  100651     94269        28
  100688     94297       130
  100819     94428        32
  100852     94461        41
  100894     94503        27
  100939     94548        31
  100971     94580        32
  101004     94613        25
  101030     94639        94
  101125     94734        36
  101173     94782       172
  101352     94961        97
  101484     95093       113
  101619     95228        62
  101682     95291        86
  101769     95378        64
  101834     95443        38
  101944     95545        40
  102013     95614        31
  102068     95669        47
  102116     95717        22
  102175     95748        23
  102199     95772        42
  102242     95815        94
  102338     95911        73
  102412     95985        27
  102475     96048        40
  102516     96089       151
  102668     96241        38
  102723     96296        39
  102760     96329        52
  102832     96401        34
  102867     96436        23
  102891     96460        78
  102986     96549        35
  103030     96592        51
  103110     96672       125
  103242     96804       128
  103371     96933        50
  103422     96984       175
  103637     97199        44
  103686     97248        30
  103780     97323        38
  103819     97362        24
  103844     97387        36
  103888     97431        32
  103925     97489        21
  103989     97515        27
  104032     97558        27
  104174     97689        23
  104241     97756        76
  104318     97833        69
  104388     97903        32
  104422     97937        42
  104556     98104        27
  104737     66896        25
  104797     98341        23
  104821     98375        33
  104856     98410        21
  104874     98423        38
  104917     98466        42
  104960     98509        24
  105069     98626        23
  105093     98650        55
  105165     98722        22
  105280     98841        21
  105310     98863        48
  105366     98919        81
  105492     99044        43
  105536     99088        31
  105568     99120        25
  105599     99151        28
  105628     99180       275
  105904     99456       339
  106244     99796        76
  106321     99873        61
  106383     99935       260
  106644    100196       107
  106754    100306       243
  106998    100550       205
  107279    100831        33
  107314    100866        27
  107400    100950        24
  107449    101000       107
  107557    101108        51
  107640    101192        58
  107699    101251        36
  107740    101292       115
  107856    101408        28
  107885    101437        30
  107916    101468        34
  108144    101527        43
  108188    101571        50
  108238    101617        37
  108276    101655        36
  108318    101696       172
  108522    101895       109
  108632    102005       117
  108738    102120        27
  108766    102148        46
  108841    102223        80
  108960    102342        26
  108987    102369        31
  109036    102418        37
  109081    102463        45
  109147    102528        82
  109254    102645        67
  109314    102706        44
  109369    102761        21
  109391    102783        93
  109502    102893        25
  109566    102957       108
  109675    103066        25
  109710    103101       183
  109894    103285        20
  109918    103309       117
  110036    103427        95
  110141    103529       383
  110532    103920       280
  110834    104222       241
  111083    104471        39
  111123    104511        74
  111198    104586       401
  111601    104989        70
  111672    105060        77
  111750    105139        59
  111810    105199       261
  112072    105461       323
  112406    105795       104
  112511    105900       112
  112629    106018        30
  112643    106064        30
  112669    106089        56
  112741    106162        21
  112787    106198       158
  113047    106473        27
  113103    106540        25
  113164    106599        24
  113192    106627        78
  113305    106739        30
  113339    106773        35
  113472    106902        23
  113549    106975        32
  113628    107074        35
  113891    107183        36
  113931    107223        67
  114038    107330        36
  114080    107372        60
  114141    107433        22
  114235    107531        26
  114297    107587        27
  114368    107658        43
  114418    107708        22
  114446    107736        20
  114467    107757        25
  114517    107807        39
  114557    107847        61
  114640    107930        38
  114679    107969        44
  114727    108017        29
  114800    108090        29
  115001    108291        29
  134381    126517        29
  134454    126590        29
  134487    126623        44
  134532    126668        38
  134592    126728        61
  134654    126790        39
  134718    126854        25
  134744    126880        20
  134770    126906        22
  134799    126935        43
  134886    127022        27
  134949    127079        26
  135047    127181        22
  135070    127204        60
  135136    127270        36
  135212    127346        67
  135283    127417        36
  135547    127527        35
  135629    127629        32
  135715    127711        23
  135836    127828        35
  135875    127867        30
  135940    127931        78
  136022    128013        24
  136082    128071        25
  136136    128136        27
  136265    128280       158
  136448    128453        21
  136485    128491        56
  136537    128542        30
  136551    128588        30
  136587    128624       112
  136700    128737       104
  136815    128852       323
  137139    129176       261
  137401    129438        59
  137461    129499        77
  137539    129577        70
  137611    129649       401
  138013    130051        74
  138088    130126        39
  138135    130173       241
  138398    130436       280
  138686    130724       383
  139079    131114        95
  139175    131210       117
  139296    131331        20
  139317    131352       183
  139510    131545        25
  139536    131571       108
  139683    131718        25
  139726    131760        93
  139820    131854        21
  139852    131886        44
  139889    131924        67
  139981    132026        82
  140084    132128        45
  140137    132181        37
  140192    132236        31
  140224    132268        26
  140289    132333        80
  140398    132442        46
  140445    132489        27
  140461    132514       117
  140579    132632       109
  140720    132768       172
  140898    132945        36
  140935    132982        37
  140972    133015        50
  141023    133066        43
  141260    133134        34
  141295    133169        30
  141326    133200        28
  141355    133229       115
  141475    133349        36
  141512    133386        58
  141602    133477        51
  141654    133529       107
  141786    133662        24
  141869    133743        27
  141898    133772        33
  142007    133881       205
  142213    134087       243
  142459    134333       107
  142567    134441       260
  142828    134702        61
  142890    134764        76
  142967    134841       339
  143307    135181       275
  143583    135457        28
  143617    135491        25
  143643    135517        31
  143675    135549        43
  143763    135636        81
  143852    135725        48
  143909    135774        21
  144023    135892        22
  144062    135931        55
  144118    135987        23
  144226    136103        24
  144251    136128        42
  144298    136175        38
  144333    136205        21
  144356    136228        33
  144390    136272        23
  144627    136505        27
  144746    136657        42
  144790    136701        32
  144823    136734        69
  144893    136804        76
  145013    136924        23
  145151    137051        27
  145194    137094        27
  145264    137126        21
  145290    137173        32
  145330    137213        36
  145367    137250        24
  145392    137275        38
  145494    137358        30
  145529    137393        44
  145613    137477       175
  145789    137653        50
  145840    137704       128
  145975    137839       125
  146129    137993        51
  146189    138052        35
  146241    138098        78
  146320    138177        23
  146344    138201        34
  146398    138255        52
  146448    138301        39
  146504    138357        38
  146543    138396       151
  146695    138548        40
  146771    138624        27
  146799    138652        73
  146874    138727        94
  146969    138822        42
  147012    138865        23
  147072    138897        22
  147095    138920        47
  147166    138991        31
  147226    139051        40
  147338    139155        38
  147377    139194        64
  147442    139259        86
  147529    139346        62
  147613    139430       113
  147761    139578        97
  147865    139682       172
  148049    139866        36
  148086    139903        94
  148181    139998        25
  148207    140024        32
  148240    140057        31
  148289    140106        27
  148317    140134        41
  148359    140176        32
  148392    140209       130
  148531    140339        28
  148575    140380        62
  148638    140443        66
  148707    140512        32
  148740    140545        65
  148806    140611       214
  149021    140826        46
  149078    140883        62
  149141    140946        26
  149168    140973        74
  149243    141048        42
  149286    141091        34
  149355    141160        64
  149420    141225       107
  149528    141333        36
  149573    141378        73
  149656    141461        34
  149828    141625        32
  149913    141710        21
  149935    141732        24
  149989    141781        33
  150047    141839        29
  150086    141868       154
  150265    142101        21
  150288    142124        22
  150323    142166        24
  150351    142194        37
  150452    142283        61
  150548    142379        31
  151193    142481        38
  151232    142520        21
  151263    142551        39
  151340    142628        26
  151367    142655        30
  151398    142686        25
  151448    142736        36
  151485    142773        36
  151522    142810        60
  151583    142871        40
  151625    142913        42
  151676    142964        35
  151733    143021        78
  151877    143159        26
  151920    143202        31
  151956    143238        23
  152013    143286        23
  152062    143335        27
  152098    143371        34
  152144    143417        75
  152259    143532        40
  152316    143589        41
  152358    143631        30
  152442    143715        51
  152494    143767        46
  152541    143814        35
  152577    143850        53
  152631    143904        78
  152775    144039        83
  153020    144317        27
  153073    144370        22
  153096    144393        44
  153153    144450        31
  153213    144510        57
  153274    144571        51
  153326    144623        77
  153428    144725        21
  153450    144747        22
  153476    144773        21
  153501    144798        29
  153543    144840        59
  153626    144923        35
  153704    145010        22
  153791    145073        37
  153940    145222        21
  153974    145256        26
  154001    145283        23
  154038    145314        62
  154101    145377        66
  154168    145444        55
  154224    145500        46
  154299    145575        54
  154389    145665       257
  154667    145943        25
  154696    145972        23
  154722    145998        37
  154804    146080        55
  154888    146164        71
  154984    146260        21
  155006    146282        23
  155041    146317        34
  155076    146352        62
  155139    146415        32
  155221    146497        40
  155309    146576        22
  155352    146619        32
  155432    146678        49
  155482    146728        22
  155531    146777        33
  155575    146821        24
  155659    146905        54
  155741    146987        67
  155840    147086        25
  155866    147112        64
  155931    147177        34
  155967    147213        46
  156125    147371        25
  156170    147416        21
  156192    147438        35
  156228    147474        20
  156249    147495        22
  156272    147518        24
  156316    147562        30
  156352    147598        54
  156464    147704        88
  156557    147797        47
  156620    147860        27
  157098    147891        22
  157123    147916        34
  157173    147966        39
  157404    148197        47
  157472    148265        37
  157521    148314        34
  157573    148366        25
  157599    148392        40
  157641    148434        60
  157702    148495        51
  157778    148571        49
  157828    148621        27
  157863    148656        50
  157932    148725        53
  158098    148914        33
  158132    148948        63
  158237    149053        43
  158339    149151        23
  158364    149176        55
  158420    149232        71
  158553    149365        94
  158665    149471        38
  158704    149510        26
  158731    149537        30
  158767    149573        76
  158844    149650        43
  158938    149744        34
  158973    149779       301
  159313    150120        57
  159382    150189        33
  159434    150241        58
  159504    150311        44
  159594    150401        25
  159624    150431        64
  159689    150496       127
  159817    150624        91
  159982    150789        23
  160006    150813        20
  160027    150834        24
  160052    150859        30
  160102    150909        43
