> gi|326457106|gb|JF317352.1|
       4         1        74
     526       429        28
     562       465        69
     632       535        59
     704       607        23
     740       643        34
     782       685       227
    1031       934        32
    1091       994        23
    1133      1036        35
    1169      1072        44
    1214      1117        34
    1249      1152        24
    1274      1177        35
    1322      1225        38
    1379      1282        68
    1448      1351        59
    1526      1429       112
    1679      1571        22
    1856      1801        56
    1930      1894        50
    2251      2228        20
    2293      2276        28
    2346      2329        36
    2432      2415        34
    2984      2964        32
    3039      3019        38
    3146      3123        26
    3260      3237        26
    3355      3332        33
    3493      3470        20
    3554      3534        20
    3575      3555        26
    3734      3701        38
    3773      3740        29
    3904      3866        36
    4345      4285        39
    4433      4373        53
    4488      4428        25
    4863      4675        20
    5012      5143        20
    5158      5285        35
    5209      5336        57
    5537      5672        24
    5651      5784        43
    5892      6021        25
    5924      6057        21
    6104      6228        83
    7548      6873        26
    7575      6900        48
    7750      7082        21
    7772      7104        21
    7794      7126        22
    7834      7166        26
    7970      7288        22
    8066      7384        41
    8123      7441        43
    8405      7757        21
    8528      7891        27
    8586      7949        20
    8607      7970        20
    8802      8088        37
    8847      8133        47
    9678      9046        42
    9779      9147        47
    9839      9207        21
    9925      9335        22
    9990      9400        26
   10157      9545        32
   10359      9768        31
   10391      9800        28
   10428      9837        71
   10749     10107        80
   11303     10361        33
   11337     10395        38
   11499     10557        23
   11613     10671        44
   11658     10716        32
   11748     10806        23
   11782     10840        25
   11808     10866        35
   11853     10911        44
   11904     10962        20
   11964     11022        29
   11994     11052        23
   12064     11122        64
   12147     11205        35
   12183     11241        65
   12267     11325        26
   12357     11415        41
   12415     11473        85
   12516     11574        29
   12546     11604        22
   12569     11627        21
   12609     11667        21
   12631     11689        55
   12724     11780        21
   12752     11830        22
   12807     11885        20
   12832     11910        31
   12888     11966        20
   12930     12008        26
   12958     12036        21
   13008     12086        20
   13100     12178        35
   13136     12214        21
   13158     12236        33
   13204     12292        24
   13235     12323        26
   13432     12613        26
   13498     12670        26
   13756     12888        30
   13814     12934        33
   13861     12979        21
   13903     13021       105
   14025     13143        48
   14609     13792        20
   14683     13866        42
   14735     13918        41
   14777     13960        29
   14807     13990        56
   15759     15046        23
   15780     15072        20
   15887     15168        20
   15956     15253        26
   15998     15295        29
   16028     15325        38
   16074     15371        40
   16127     15424        26
   16202     15499        23
   16250     15547        41
   16292     15589        35
   16430     15727        26
   16457     15754        20
   16478     15775        22
   16508     15805        26
   16540     15837        45
   16611     15908        37
   16695     15983        35
   16882     16175        57
   16957     16250        24
   16982     16275        44
   17041     16334        51
   17093     16386        20
   17146     16439        37
   17184     16477        28
   17255     16548        26
   17306     16599        20
   17327     16620        20
   17348     16641        20
   17424     16717        49
   17483     16776        20
   17534     16827        41
   18031     17297        26
   18094     17360        23
   18136     17402        29
   18295     17561        26
   18406     17672        26
   18435     17701        21
   18471     17737        25
   18508     17774        20
   18529     17795        29
   18559     17825        53
   18613     17879        32
   18646     17912        32
   18792     18058        27
   18878     18144        21
   19122     18391        20
   19143     18412        22
   19189     18458        25
   19417     18689        32
   19643     18915        24
   19705     18977        20
   19726     18998        36
   19804     19076        23
   19873     19145        29
   19915     19187        31
   19971     19243        21
   20126     19398        20
   20155     19427        26
   20585     19860        22
   20608     19883        20
   20629     19904        26
   20701     19976        38
   20740     20015        23
   20764     20039        34
   20809     20084        29
   20998     20273        38
   21061     20336        32
   21139     20414        29
   21169     20444        31
   21226     20501        29
   21280     20555        26
   21400     20675        50
   21472     20747        38
   21511     20786        35
   21568     20843        32
   21601     20876        20
   21628     20903        23
   21664     20939        48
   21730     21005        20
   21767     21042        46
   21856     21131        43
   21916     21191        50
   21969     21244        21
   22068     21343        32
   22232     21512        31
   22354     21634        31
   22438     21718        35
   22489     21769        26
   22576     21850        23
   22615     21889        23
   22663     21937        77
   22747     22021        20
   22768     22042        23
   22809     22083        24
   22870     22144        38
   22919     22193        31
   22957     22231        37
   22995     22269        21
   23038     22312        20
   23152     22426        32
   23185     22459        29
   23215     22489        20
   23236     22510        44
   23284     22558        23
   23308     22582        38
   23350     22624        38
   23451     22725        41
   23493     22767        57
   23551     22825        24
   23638     22912        20
   23713     22987        20
   23770     23044        32
   23803     23077        23
   23847     23119        20
   23881     23153        31
   24065     23323        40
   24136     23397        26
   24240     23511        28
   24426     23713        27
   24498     23785        20
   24536     23823        34
   24574     23861        20
   24607     23894        32
   24667     23954        44
   24712     23999        23
   24757     24044        23
   24781     24068        20
   24802     24089        20
   24823     24110        65
   24937     24224        38
   24979     24266        20
   25004     24291        71
   25098     24385        31
   25215     24502        26
   25248     24535        35
   25308     24595        38
   25350     24637        44
   25395     24682        20
   25426     24713        34
   25521     24808        29
   25569     24856        26
   25631     24918        21
   25668     24955        26
   25695     24982        38
   25743     25030        20
   25898     25185        36
   25947     25234        20
   25968     25255        21
   26031     25318        44
   26094     25381        20
   26124     25411        35
   26160     25447        35
   26196     25483        20
   26223     25510        25
   26271     25558        23
   26325     25612        21
   26359     25646        54
   26515     25802        40
   26565     25852        23
   26613     25900        26
   26664     25951        22
   26961     26242        29
   27039     26320        29
   27090     26371        20
   27111     26392        20
   27132     26413        26
   27159     26440        50
   27228     26509       110
   27358     26639        43
   27432     26713        41
   27474      7712        21
   27504     26785        23
   27542     26823        54
   27607     26888        25
   27633     26914        83
   27717     26998        25
   27765     27046        23
   27792     27073        23
   27846     27127        56
   27909     27190        28
   27958     27239        22
   27981     27262        50
   28053     27334        44
   28110     27391        36
   28160     27441        27
   28188     27469        21
   28219     27500        25
   28323     27610        26
   28510     27825        28
   29051     28437        25
   29495     28735        35
   29533     28774        34
   30379     29303        27
   30422     29363        23
   30447     29388        55
   30503     29444        29
   30577     29519        33
   31489     30337        25
   31515     30363        29
   31569     30417        35
   31622     30472        33
   31706     30556        32
   31758     30608        43
   32691     30954        58
   32750     31013        20
   33197     31535       104
   33317     31655        69
   33399     31737        24
   33465     31793        32
   33807     32110        26
   34065     32404        36
   34292     32595        75
   34701     33012        23
   34782     33100        26
   35376     33709        34
   35738     34057        33
   35773     34092        34
   35808     34127        41
   35850     34169        29
   35886     34205        23
   35925     34244        23
   35994     34313        23
   36021     34340        92
   36120     34439        32
   36153     34472        23
   36177     34496        26
   36204     34523       113
   36339     34658        59
   36405     34724        29
   36435     34754        92
   36528     34847       155
   36714     35033        23
   36738     35057       117
   36856     35175        47
   36907     35226        23
   36931     35250        80
   37030     35349        27
   37093     35412        23
   37117     35436        29
   37159     35478        32
   37198     35517        23
   37225     35544        56
   37286     35605        46
   37342     35661        50
   37393     35712        38
   37450     35769        41
   37492     35811        27
   37525     35844        41
   37588     35907        25
   37624     35943        59
   37702     36021        20
   37723     36042        59
   37843     36162        50
   38014     36333        20
   38050     36369        41
   38101     36420        23
   38155     36474        20
   38328     36656        23
   38441     36773        35
   38484     36816        29
   38574     36907        33
   38871     37213        29
   38901     37243        32
   38936     37278        21
   38958     37300        20
   39045     37387        20
   39923     38079        80
   40194     38330        34
   40331     38457        22
   40395     38529        33
   40477     38611        41
   40519     38653        20
   40555     38689       106
   40662     38796        21
   40727     38861        37
   40856     38991        23
   40883     39018        20
   40904     39039        23
   40937     39072        86
   41063     39198        41
   41105     39240        23
   41138     39273        25
   41164     39299        57
   41222     39357        53
   41276     39411        26
   41303     39438        20
   41351     39486        44
   41432     39567        41
   41474     39609        29
   41504     39639        26
   41593     39728        30
   41624     39759        20
   41678     39813        20
   41699     39834        26
   41750     39885       107
   41885     40020        35
   41921     40056        83
   42023     40158        56
   42104     40239        41
   42152     40287        20
   42218     40353        47
   42266     40401        54
   42338     40473        22
   42382     40517        21
   42433     40568        21
   42488     40623        41
   42542     40677        41
   42599     40734        29
   42629     40764        26
   42659     40794        29
   42740     40875        41
   42800     40935        26
   42827     40962        35
   42863     40998        83
   42962     41097        32
   43007     41142        90
   43098     41233        41
   43140     41275       113
   43254     41389        49
   43323     41458        29
   43362     41497        20
   43462     41597        37
   43539     41674        32
   43596     41731        20
   43617     41752        26
   43650     41785        35
   43731     41866        23
   43770     41905        20
   43853     41988        54
   43926     42061       152
   44133     42268       152
   44319     42454        25
   44487     42622        98
   44586     42721        20
   44607     42742        20
   44658     42793        38
   44709     42844        50
   44775     42910        23
   44835     42970        38
   44874     43009        56
   44949     43084        35
   44985     43120        20
   45012     43147        32
   45114     43249        21
   45141     43276        23
   45165     43300        32
   45201     43336        26
   45237     43372        25
   45263     43398        24
   45288     43423        64
   45440     43595        27
   45468     43623        44
   45942     44020        23
   46100     44387        47
   46148     44435        41
   46190     44477        29
   46243     44530        52
   46418     44732        28
   46487     44807        24
   46572     44893        34
   46747     45067        32
   46827     45141        34
   46860     45175        22
   46939     45279        66
   47006     45346        20
   47063     45403        29
   47102     45442        53
   47159     45499        45
   47241     45582        28
   47270     45611        22
   47345     45688        28
   47599     45936        26
   47702     46037        25
   47754     46089        34
   47933     46279        29
   47963     46309        96
   48902     46700        57
   48963     46761        34
   49264     47066        45
   49310     47112        23
   49349     47151        29
   49420     47222        26
   49490     47292        30
   49526     47328        35
   49562     47364        35
   49616     47418        44
   49673     47475        35
   49709     47511        44
   49775     47577        53
   49841     47643        38
   50073     48167        80
   51441     49547        73
   51515     49621        29
   51549     49655        24
   51623     49745        26
   51874     50066        36
   51920     50118        25
   51946     50144        60
   52188     50618        57
   52246     50676        24
   52297     50709        22
   52983     51375        25
   53009     51401        20
   53170     51562        20
   53222     51614        56
   53309     51701        44
   53354     51746        53
   53408     51800        29
   53457     51849        25
   53563     51989        27
   53604     52030        20
   53699     52125        29
   53771     52197        42
   53925     52351        20
   53952     52378        29
   53985     52411        20
   54021     52447        56
   54078     52504        29
   54108     52534        38
   54153     52579        60
   54280     52712        56
   54386     52818        98
   54485     52917        36
   54576     53008        27
   54604     53036        58
   55175     53945        47
   55223     53993        25
   55273     54043        33
   55417     54209        28
   55457     54249        24
   55505     54296        21
   55683     54467        32
   55789     54568        40
   55830     54608        24
   55855     54633        59
   55932     54721        41
   56013     54812        22
   56036     54835        74
   56384     55143        26
   56411     55170        32
   56494     55253        21
   56534     55293        20
   56561     55320        35
   56597     55356        92
   56691     55450        58
   56756     55515        28
   56785     55544        38
   56824     55583        26
   56866     55625        29
   56896     55655        32
   56971     55730        23
   56995     55754        29
   57028     55787        50
   57103     55862        26
   57130     55889        20
   57193     55952        26
   57271     56030        44
   57316     56075        50
   57385     56144        23
   57451     56210        65
   57517     56276        20
   57541     56300        25
   57588     56347        21
   57610     56369        41
   57697     56456        41
   57799     56558        44
   57949     56708        28
   57985     56744        24
   58027     56786        56
   58135     56894        38
   58338     57093        28
   58464     57203        20
   58570     57293        26
   58740     57492        28
   58866     57864        24
   58896     57894        35
   59022     58008        20
   59043     58029        92
   59171     58157        24
   59196     58182        20
   59244     58230        38
   59283     58269        35
   59362     58348        61
   59424     58410        59
   59589     58575        68
   59718     58704        37
   59756     58742        63
   59820     58806        20
   59850     58836        29
   59898     58884        65
   59973     58959        20
   60030     59016        30
   60069     59055        26
   60102     59088        56
   60159     59145        26
   60192     59178        23
   60216     59202        30
   60247     59233        40
   60288     59274        60
   60360     59346        26
   60396     59382        20
   60417     59403        50
   60474     59516        37
   60546     59583        39
   60738     59749        20
   60848     59891        21
   61156     60180        29
   61274     60298        20
   61899     60923        20
   61911     60941        20
   61976     61006        26
   62013     61043        25
   62107     61137        20
   62128     61158        24
   62207     61237        26
   62234     61264        44
   62306     61336        29
   62351     61381        30
   62384     61414        20
   62432     61462        23
   62579     61609        26
   62612     61642        29
   62925     61904        21
   63410     62448        27
   63482     62520        54
   63578     62622        33
   63889     62912        35
   63962     62983        26
   64045     63070        29
   64204     63229        29
   64258     63283        20
   64309     63334        35
   64347     63372        22
   64375     63400        49
   64429     63454        20
   64450     63475        26
   65512     64522        22
   65589     64599        52
   65667     64677        27
   65695     64705        28
   65753     64763        43
   65816     64826        24
   65841     64851        24
   65944     64954        32
   65987     64997        35
   66053     65063        22
   66078     65088        25
   66152     65162        26
   66215     65225        24
   66410     65433        58
   66548     65571        29
   66587     65610        20
   66614     65637        29
   66650     65673        20
   66671     65694        32
   66711     65734        20
   66734     65757        23
   66821     65844        52
   66890     65913        27
   66939     65962        22
   66989     66012        20
   67103     66126        26
   67249     66272        27
   67322     66345        21
   67379     66402        21
   67401     66424        22
   67753     66763        22
   68428     67576        32
   68482     67630        61
   68564     67706        22
   68672     67811       104
   68806     67949        43
   68850     67993        29
   68889     68032        47
   68937     68080        43
   68982     68125        50
   69033     68176        41
   69075     68218        23
   69099     68242        32
   69132     68275        64
   69197     68340        20
   69290     68423        21
   69322     68455        29
   69352     68485        22
   70350     69081        20
   70454     69188        25
   70488     69222        21
   70527     69261        20
   70710     69448        34
   70745     69483        26
   70953     69729        35
   70989     69765        52
   71212     69987        96
   71326     70101        20
   71651     70437        31
   71683     70469        20
   71728     70514        20
   72172     71051        21
   72194     71073        20
   72337     71210        29
   72367     71240        24
   72603     71575       140
   72759     71731        58
   72825     71797        20
   72846     71818        23
   73206     72097        27
   73236     72127        29
   73298     72189        24
   73329     72220        20
   73350     72241        26
   73467     72358        22
   73579     72464        21
   73614     72491        36
   73651     72528        25
   73802     72694        20
   73824     72716        21
   74293     73181        32
   74326     73214        23
   74350     73238        20
   74386     73274        29
   74441     73325        22
   74603     73527        44
   74657     73581        47
   74741     73665        20
   74762     73686        23
   75055     73996        28
   75103     74042        33
   75196     74171        20
   75297     74256        25
   75326     74297        37
   75370     74342        27
   75430     74410        30
   75500     74480        26
   75527     74507        41
   75569     74549        41
   75615     74595        49
   75665     74645        71
   75763     74742        40
   75804     74781        20
   76015     75009        39
   76068     75072        29
   76327     75341        30
   76511     75520        38
   76586     75595        28
   76647     75656        23
   76851     75882        23
   76886     75917        24
   76949     75978        30
   77018     76033        54
   77073     76088        30
   77159     76174        22
   77182     76197        20
   77218     76233        38
   77257     76272        47
   77338     76353        20
   77368     76383        53
   77455     76470        26
   77485     76500        23
   77509     76524        20
   77530     76545        50
   77602     76617        20
   77635     76650        20
   77656     76671        35
   77770     76785        29
   77800     76815        32
   77833     76848        32
   77884     76899        20
   77905     76920        29
   77954     76969        61
   78040     77055        44
   78124     77139        26
   78151     77166        54
   78259     77274        23
   78301     77316        44
   78352     77367        62
   78415     77430        20
   78457     77472        36
   78526     77541        76
   78693     77784        45
   78742     77833        41
   78833     77919        24
   78858     77944        21
   78895     77981       100
   78996     78082        33
   79073     78159        22
   79124     78210        29
   79232     78318        27
   79319     78405        29
   79452     78533        45
   79498     78579        22
   79602     78694        25
   79763     78885        34
   79799     78921        23
   79821     78944        22
   79869     78992        20
   79975     79093        52
   80128     79252        22
   80176     79296        34
   80237     79356        36
   80289     79408        50
   80340     79459        44
   80403     79522        20
   80433     79552        62
   80496     79615        36
   80533     79652        28
   80562     79681        50
   80668     79787        31
   80760     79879        32
   80793     79912        32
   80859     79978        20
   80886     80005        22
   80943     80069        46
   80990     80117        26
   81072     80205        59
   81153     80282        33
   81231     80358        24
   81290     80411        25
   81406     80535        23
   81458     80583        29
   81735     80824        20
   81795     80914        37
   81865     80984        21
   81890     81009        23
   81962     81081        30
   82016     81135        20
   82037     81156        20
   82058     81177        32
   82109     81228        29
   82139     81258        35
   82175     81294        20
   82220     81339        32
   82277     81396        32
   82310     81429        38
   82608     81671        23
   82753     81816        23
   82845     81908        23
   82871     81934        27
   82908     81971        23
   83002     82065        61
   83106     82169        28
   83169     82232        22
   83192     82255        28
   83273     82336        39
   83313     82376        35
   83400     82463        35
   83463     82526        23
   83501     82564        25
   83545     82614        20
   83571     82645        23
   83595     82669        23
   83651     82725        35
   83687     82761        40
   83728     82802        30
   83768     82842        23
   83804     82878        35
   83894     82968        29
   83924     82998        41
   84073     83147        39
   84156     83257        32
   84231     83332        29
   84261     83362        20
   84308     83408        29
   84753     83820        29
   84825     83892        41
   84954     84021        45
   85040     84107        24
   85110     84177        42
   85355     84395        41
   85420     84460        30
   85466     84506        20
   85513     84553        24
   85541     84581        20
   85570     84610        26
   85604     84644        25
   85652     84692        23
   85758     84786        27
   85878     84919        38
   85950     84991        23
   85989     85030        20
   86028     85069        44
   86100     85141        20
   86121     85162        20
   86169     85210        20
   86193     85234        23
   86260     85304        22
   86283     85327        24
   86519     85574        22
   86598     85662        24
   87117     86248        21
   87248     86377        34
   87515     86662        29
   87627     86774        20
   87699     86846        26
   87731     86878        35
   88034     87181        53
   88209     87377        25
   88345     87513        27
   88430     87598        31
   88463     87631        24
   88745     87936        20
   88787     87978        29
   88856     88047        29
   88953     88158        29
   88983     88188        71
   89058     88263        44
   89103     88308        56
   89190     88395        80
   89289     88494        33
   89323     88528        76
   89395     88604        65
   89461     88670        24
   89513     88746        22
   89549     88782       119
   89669     88902        31
   89714     88947        85
   89810     89044       164
   89975     89209        27
   90003     89237       163
   90167     89401        29
   90197     89431        31
   90241     89475        40
   90282     89516        35
   90318     89552        35
   90354     89588        41
   90396     89630        41
   90437     89665        29
   90467     89695        49
   90517     89745        22
   90540     89768        27
   90568     89796        24
   90593     89821        71
   90683     89911        27
   90716     89944        24
   90741     89969        36
   90793     90017        31
   90848     90072        40
   90889     90113       150
   91040     90264        20
   91061     90285       109
   91171     90395       314
   91486     90710        77
   91564     90788        27
   91592     90816       149
   91748     90972        22
   91774     90998        23
   91823     91047        22
   91846     91070       115
   91964     91188        20
   91987     91211        86
   92076     91300        57
   92155     91379        47
   92203     91427        33
   92237     91461        36
   92274     91498       120
   92437     91670        27
   92473     91706        58
   92548     91781        29
   92578     91811       193
   92786     92013        26
   92813     92040        22
   92855     92082        78
   92954     92181        22
   92988     92215        68
   93085     92312       126
   93219     92446        56
   93278    154968        20
   93299     92526        56
   93370     92597        22
   93393     92620        40
   93434     92661        22
   93470     92697        61
   93532     92759        21
   93554     92781        25
   93580     92807        84
   93665     92892        34
   93706     92933        46
   93779     93006        31
   93811     93038        52
   93905     93132        40
   93947     93174        72
   94020     93247       162
   94225     93452        56
   94336     93569        21
   94363     93596        28
   94392     93625        21
   94414     93647        47
   94462     93695        85
   94574     93807        77
   94652     93885        43
   94698     93931        49
   94748     93981        37
   94786     94019        25
   94812     94045       104
   94936     94169        54
   94991     94224        55
   95070     94303        40
   95117     94350        75
   95193     94426        21
   95215     94448        26
   95242     94475        57
   95308     94541        31
   95340     94573        40
   95381     94614        30
   95423     94665        35
   95482     94724        59
   95566     94808        68
   95635     94877        45
   95681     94923        62
   95744     94986        66
   95827     95069        44
   95907     95149        33
   95944     95186        35
   95996     95238        72
   96069     95311        33
   96132     95410        41
   96203     95481        22
   96242     95520        65
   96308     95586        42
   96351     95629        22
   96375     95653        49
   96436     95714        20
   96457     95735        50
   96508     95786        35
   96544     95822        33
   96591     95869        51
   96656     95934       114
   96771     96049        28
   96800     96078        76
   96877     96155        63
   96941     96219        45
   97004     96282        67
   97091     96369        38
   97151     96429        41
   97194     96472        51
   97246     96524        26
   97273     96551        29
   97303     96581        44
   97376     96654        40
   97417     96695        22
   97440     96718        31
   97472     96750        58
   97537     96815        53
   97591     96869        57
   97651     96929        59
   97711     96989       110
   97822     97100        74
   97913     97191        29
   97952     97230        24
   98021     97299        20
   98044     97322        23
   98068     97346        65
   98147     97425        67
   98220     97498        59
   98279     97551        33
   98313     97585        27
   98353     97625        20
   98360     97643        40
   98401     97689        33
   98445     97733        20
   98572     97860        23
   98596     97884        36
   98666     97950        26
   98709     97997        24
   98774     98061        23
   98806     98093        37
   98844     98131       207
   99062     98349        23
   99128     98425        21
   99234     98541        22
   99257     98564        39
   99297     98604        40
   99354     98661        74
   99429     98736        57
   99493     98801        31
   99520     98844       144
   99665     98989        64
   99730     99054        33
   99764     99088        77
   99857     99181        29
   99887     99211       335
  100223     99547       144
  100389     99716        33
  100446     99773        62
  100511     99836       279
  100791    100116        21
  100813    100138        24
  100856    100187        47
  100904    100235        94
  100999    100330        36
  101047    100378       146
  101194    100525        25
  101220    100551       119
  101358    100689       120
  101479    100810        76
  101556    100887       151
  101708    101039        38
  101747    101078        20
  101769    101101        21
  101811    101144        75
  101887    101220        38
  101942    101275        70
  102049    101380        23
  102073    101404       137
  102211    101542       137
  102349    101680        40
  102390    101721       151
  102554    101885        82
  102634    101961        46
  102706    102033        34
  102741    102068       102
  102844    102165        33
  102895    102216       214
  103110    102431       209
  103320    102641       208
  103561    102881        35
  103655    102974        38
  103696    103015        22
  103719    103038        36
  103756    103075        38
  103847    103164        22
  103870    103187        22
  103933    103257        22
  103979    103298        38
  104018    103337        24
  104095    103409        24
  104120    103434        78
  104237    103551        65
  104303    103617        39
  104336    103686        20
  104357    103727        51
  104437    103818        45
  104611    103988        82
  104736    104113        25
  104798    104170        28
  104827    104199        64
  104907    104279        42
  104957    104329        23
  104986    104358        36
  105023    104395        22
  105069    104442        29
  105112    104485        36
  105157    104530        26
  105214    104582        32
  105247    104615        81
  105378    104745        96
  105475    104842        31
  105509    104876       754
  106264    105631       260
  106525    105892       128
  106654    106021        89
  106744    106111       199
  106944    106311       140
  107156    106523        21
  107178    106545        48
  107281    106646        24
  107320    106686       187
  107521    106888        75
  107617    106984        21
  107639    107006       179
  107811    107177        27
  107839    107205       121
  107972    107338       124
  108167    107539       214
  108378    107745        41
  108430    107796        64
  108513    107879       120
  108649    108015        44
  108717    108082        98
  108832    108197        55
  108888    108253        28
  108962    108327        67
  109074    108435        55
  109135    108496       104
  109250    108610        75
  109344    108704        25
  109383    108747        33
  109449    108828       166
  109616    108995        38
  109655    109034        91
  109747    109126        24
  109799    109178       117
  109917    109296        42
  109960    109339        52
  110022    109398       383
  110421    109797       242
  110664    110040        27
  110718    110094        70
  110789    110165       264
  111054    110430       239
  111294    110670       186
  111482    110858        39
  111522    110898        30
  111553    110929        26
  111580    110956       372
  111953    111329       323
  112287    111663        25
  112346    111722        45
  112392    111768       117
  112510    111886        37
  112524    111932        64
  112603    112011        40
  112674    112088        51
  112726    112140        57
  112797    112211        55
  112928    112341        30
  112979    112392        55
  113047    112458        22
  113073    112484        78
  113186    112596        33
  113335    112760        45
  113448    112874        40
  113507    112933        38
  113607    113030        25
  113633    113056        57
  113727    113156        21
  113782    113195        51
  113834    113247        28
  113863    113276        31
  113910    113323        20
  113931    113344        23
  113960    113373        56
  114114    113526        27
  114148    113549        26
  114235    113636        21
  115530    113935        37
  115633    114038        22
  116179    114551        20
  116279    114651        37
  116317    114689        39
  116416    114788        29
  116488    114860        74
  116596    114968        20
  116746    115118        20
  116779    115151        29
  116879    115251        28
  116965    115337        28
  117037    115409       104
  117154    115526        34
  117189    115561        29
  117244    115616        20
  117313    115685        30
  117385    115757        20
  117433    115805        20
  118597    117262        20
  119220    118442        81
  119431    118648        20
  119554    118777        44
  119611    118834        23
  119726    118955        22
  119845    119074        44
  119971    119191        37
  120070    119290        23
  120094    119314        23
  120157    119377        35
  120286    119506        32
  120337    119557        22
  120534    119722        20
  120632    119842        20
  120872    120076        21
  120910    120114        37
  120948    120152        28
  120983    120187        24
  121113    120317        26
  121145    120349        30
  121221    120425        23
  121254    120458        26
  121281    120485        29
  121365    120569        20
  121398    120602        26
  121428    120632        50
  121512    120716        21
  121544    120748        26
  121596    120800        20
  121692    120896        26
  121722    120926        26
  121751    120955        27
  121779    120983        59
  121908    121112        20
  121944    121148        46
  122174    121378        34
  122209    121413        22
  122375    121557        41
  122432    121614        23
  122480    121662        32
  122902    122062        22
  122958    122118        26
  123027    122187        32
  123063    122223        56
  123126    122286        31
  123426    122587        34
  123469    122630        21
  123496    122657        29
  123619    122780        26
  123680    122841        38
  123785    122946        41
  123827    122988        41
  123890    123051        26
  123917    123078        24
  124401    123569        24
  124426    123594        21
  124457    123625        26
  124487    123655        59
  124562    123730        35
  124655    123823        56
  124733    123901        32
  124802    123970        20
  124844    124012        37
  124885    124053        41
  124989    124139        59
  125118    124268        29
  125180    124330        24
  125241    124391        31
  125273    124423        24
  125340    124490        20
  125376    124526        26
  125436    124586        35
  125478    124628        39
  125518    124668        24
  125740    124843        24
  125819    124930        20
  125871    124981        20
  126029    125190        29
  126207    125366        37
  126290    125467        28
  126563    125728        28
  126598    125763        38
  126658    125823        20
  126679    125844        22
  126715    125880        22
  126916    126081        20
  126940    126105        23
  126964    126129        20
  126994    126159        41
  127139    126304        35
  127187    126352        53
  127301    126466        20
  127361    126526        47
  127532    126697        29
  127652    126817        27
  127700    126865        51
  127758    126923        43
  127823    126988        89
  127925    127090        26
  127967    127132        26
  128042    127207        35
  128141    127306        53
  128200    127365        23
  128231    127396        32
  128453    127610        22
  128561    127718        21
  128583    127740        25
  128628    127785        22
  128659    127816        36
  129174    128305        23
  129198    128329        21
  129220    128351        42
  129454    128588        20
  129781    128915        41
  129877    129011        20
  129927    129061        20
  130008    129142        31
  130242    129370        20
  130351    129470        26
  130923    130069        20
  131109    130273        23
  131758    130928        20
  131970    131140        30
  132083    131256        37
  132127    131300        20
  132148    131321        20
  132169    131342        22
  132223    131396        24
  132823    131990        23
  132876    132043        43
  133472    132699        21
  133947    133186        48
  133996    133235        24
  134092    133331        20
  134137    133376        44
  134182    133421        23
  134206    133445        58
  134278    133517        46
  134346    133585        67
  134449    133688        20
  134501    133740        30
  134577    133816        45
  134683    133922        26
  134716    133944        27
  134841    134068        56
  134903    134130        23
  134927    134154        20
  134963    134190        31
  134995    134222        28
  135024    134251        51
  135109    134320        21
  135167    134384        57
  135225    134442        25
  135312    134526        38
  135369    134583        40
  135477    134692        45
  135638    134868        33
  135706    134935        78
  135788    135017        22
  135823    135050        55
  135899    135126        30
  136005    135231        55
  136074    135300        57
  136132    135358        51
  136214    135446        40
  136269    135501        64
  136310    135574        37
  136348    135612       117
  136466    135730        45
  136545    135809        25
  136581    135845       323
  136905    136169       372
  137278    136542        26
  137305    136569        30
  137336    136600        39
  137377    136641       186
  137564    136828       239
  137804    137068       264
  138069    137333        70
  138166    137430        27
  138194    137458       242
  138452    137716       383
  138845    138106        52
  138898    138159        42
  138941    138202       117
  139086    138347        24
  139111    138372        91
  139203    138464        38
  139242    138503       166
  139441    138717        33
  139488    138768        25
  139532    138812        75
  139618    138897       104
  139728    139007        55
  139828    139103        67
  139941    139216        28
  139970    139245        55
  140042    139317        98
  140164    139438        44
  140224    139498       120
  140363    139637        64
  140438    139711        41
  140476    139744       214
  140761    140035       124
  140897    140171       121
  141019    140293        27
  141039    140312       179
  141219    140492        21
  141261    140534        75
  141350    140624       187
  141552    140827        24
  141631    140904        48
  141680    140953        21
  141773    141046       140
  141914    141187       199
  142114    141387        89
  142204    141477       128
  142333    141606       260
  142594    141867       754
  143351    142624        31
  143383    142656        96
  143529    142801        81
  143611    142883        32
  143674    142941        26
  143709    142976        36
  143759    143026        29
  143812    143080        22
  143835    143103        36
  143877    143145        23
  143908    143176        42
  143966    143234        64
  144031    143299        28
  144096    143359        25
  144164    143427        82
  144375    143634        45
  144449    143719        51
  144501    143791        20
  144515    143841        39
  144555    143881        65
  144659    143985        78
  144738    144064        24
  144815    144136        24
  144840    144161        38
  144902    144218        22
  144965    144288        22
  144988    144311        22
  145063    144384        38
  145102    144423        36
  145139    144460        22
  145164    144485        38
  145261    144581        35
  145329    144648       208
  145538    144857       209
  145748    145067       214
  145980    145299        33
  146014    145327       102
  146117    145430        34
  146177    145490        46
  146221    145530        82
  146316    145625       151
  146468    145777        40
  146509    145818       137
  146647    145956       137
  146785    146094        23
  146845    146152        70
  146932    146239        38
  146971    146278        75
  147067    146375        21
  147090    146399        20
  147111    146420        38
  147150    146459       151
  147302    146611        76
  147379    146688       120
  147518    146827       119
  147638    146947        25
  147664    146973       146
  147822    147131        36
  147859    147168        94
  147954    147263        47
  148020    147335        24
  148045    147360        21
  148067    147382       279
  148349    147662        62
  148435    147748        33
  148490    147806       144
  148635    147951       335
  148971    148287        29
  149016    148332        77
  149094    148410        33
  149128    148444        64
  149193    148509       144
  149333    148665        31
  149371    148704        57
  149429    148762        74
  149520    148853        40
  149561    148894        39
  149601    148934        22
  149708    149051        21
  149772    149125        23
  149806    149159       207
  150014    149367        37
  150060    149413        23
  150124    149476        24
  150165    149521        26
  150225    149577        36
  150262    149614        23
  150392    149744        20
  150423    149775        33
  150457    149814        40
  150484    149852        20
  150517    149885        27
  150545    149913        33
  150578    149940        59
  150643    150005        67
  150724    150086        65
  150790    150152        23
  150816    150178        20
  150881    150243        24
  150915    150277        29
  150961    150323        74
  151036    150398       110
  151147    150509        59
  151209    150571        57
  151267    150629        53
  151327    150689        58
  151386    150748        31
  151418    150780        22
  151441    150803        40
  151510    150872        44
  151555    150917        29
  151585    150947        26
  151612    150974        51
  151665    151027        41
  151728    151090        38
  151786    151148        67
  151871    151233        45
  151917    151279        63
  151981    151343        76
  152058    151420        28
  152087    151449       114
  152215    151577        51
  152280    151642        33
  152314    151676        35
  152350    151712        50
  152401    151763        20
  152433    151795        49
  152484    151846        22
  152507    151869        42
  152550    151912        65
  152632    151994        22
  152684    152046        41
  152755    152153        33
  152789    152187        72
  152878    152276        35
  152917    152315        33
  152986    152384        44
  153047    152445        66
  153114    152512        62
  153177    152575        45
  153223    152621        68
  153316    152714        59
  153399    152797        35
  153446    152853        30
  153477    152884        40
  153518    152925        31
  153558    152965        57
  153616    153023        26
  153643    153050        21
  153665    153072        75
  153747    153154        40
  153811    153218        55
  153867    153274        54
  153941    153348       104
  154046    153453        25
  154072    153479        37
  154110    153517        49
  154162    153569        43
  154206    153613        77
  154310    153717        85
  154396    153803        47
  154444    153851        21
  154466    153873        28
  154500    153907        21
  154576    153989        56
  154675    154088       162
  154838    154251        72
  154912    154325        40
  154994    154407        52
  155047    154460        31
  155105    154518        46
  155158    154571        34
  155193    154606        84
  155278    154691        25
  155304    154717        21
  155326    154739        61
  155401    154814        22
  155424    154837        40
  155465    154878        22
  155502    154915        56
  155559     92509        20
  155582    154995        56
  155646    155059       126
  155801    155214        68
  155881    155294        22
  155924    155337        78
  156022    155435        22
  156045    155458        26
  156086    155493       193
  156280    155687        29
  156326    155733        58
  156393    155800        27
  156463    155879       120
  156584    156000        36
  156621    156037        33
  156655    156071        47
  156724    156140        57
  156784    156200        86
  156873    156289        20
  156896    156312       115
  157012    156428        22
  157060    156476        23
  157087    156503        22
  157116    156532       149
  157266    156682        27
  157294    156710        77
  157372    156788       314
  157687    157103       109
  157797    157213        20
  157818    157234       150
  157969    157385        40
  158033    157449        31
  158080    157492        36
  158117    157529        24
  158147    157559        27
  158193    157605        71
  158265    157677        24
  158290    157702        27
  158318    157730        22
  158341    157753        49
  158391    157803        29
  158420    157826        41
  158462    157868        41
  158504    157910        35
  158540    157946        35
  158576    157982        40
  158629    158035        31
  158661    158067        29
  158691    158097       163
  158855    158261        27
  158883    158289       164
  159058    158465        85
  159157    158564        31
  159189    158596       119
  159322    158729        22
  159372    158803        24
  159397    158828        65
  159458    158893        76
  159535    158970        33
  159587    159022        80
  159698    159133        56
  159755    159190        44
  159803    159238        71
  159875    159310        29
