> gi|817161721|gb|KP189362.1|
       1         6        35
      37        42        39
     565       491        63
     629       555        20
     683       609        56
     740       666        29
     782       708        71
     872       798        21
     938       864        35
     974       900        38
    1115      1041        62
    1189      1115        24
    1214      1140        34
    1274      1200        20
    1334      1260        26
    1364      1290        68
    1448      1374        29
    1478      1404        26
    1505      1431        35
    1541      1467        60
    1672      1590        29
    1858      1786        54
    1930      1860        35
    2306      2224        20
    2346      2264        45
    2408      2326        23
    2975      2890        21
    3043      2958        21
    3146      3067        21
    3250      3171        36
    3352      3273        29
    3610      3531        21
    3729      3648        33
    3809      3730        27
    3911      3829        24
    3998      3920        20
    4319      4213        21
    4404      4298        28
    4433      4327        42
    5218      5180        31
    7548      6273        73
    7661      6387        20
    7768      6490        22
    7794      6516        24
    7970      6704        28
    8048      6782        29
    8118      6852        31
    8527      7372        34
    8586      7431        20
    8607      7452        26
    8807      7735        32
    8854      7782        40
    9683      8771        37
    9735      8823        22
    9779      8862        33
    9958      9043        21
    9993      9078        23
   10159      9240        30
   10363      9497        23
   10401      9535        22
   10427      9557        75
   10753     10038        72
   11376     10579        20
   11479     10682        25
   11508     10711        23
   11607     10810        23
   11667     10870        44
   11748     10951        24
   11782     10985        22
   11805     11008        38
   11844     11047        87
   12084     11287        43
   12165     11368        38
   12219     11422        26
   12276     11479        20
   12336     11539        20
   12357     11560        41
   12399     11602        35
   12460     11663        40
   12510     11713        56
   12610     11813        20
   12642     11845        40
   12722     11936        24
   12799     12013        26
   12832     12046        23
   12863     12077        24
   12930     12144        23
   12994     12208        21
   13064     12278        21
   13100     12314        57
   13289     12487        25
   13647     12827        20
   13753     12932        33
   13825     12991        22
   13947     13097        20
   13968     13118        41
   14048     13198        25
   14615     13567        23
   14666     13618        23
   14765     13717        32
   14825     13777        31
   14865     13824        23
   15613      8427        22
   15619       171        20
   15761     14791        41
   15794     14831        20
   15956     14991        74
   16031     15066        38
   16070     15105        32
   16148     15183        26
   16187     15222        40
   16228     15263        21
   16250     15285        20
   16292     15327        20
   16370     15405        26
   16430     15465        26
   16457     15492        26
   16506     15541        30
   16552     15587        24
   16733     15768        24
   16895     15964        44
   16940     16009        62
   17027     16096        23
   17148     16217        21
   17267     16336        38
   17327     16396        20
   17366     16435        24
   17424     16493        43
   17468     16537        44
   17537     16606        29
   17689     16765        20
   18032     17073        28
   18097     17138        20
   18136     17177        56
   18286     17327        32
   18385     17426        47
   18433     17474        23
   18562     17603        29
   18592     17633        20
   18619     17660        26
   19000     18053        24
   19140     18199        25
   19710     18763        24
   19735     18788        25
   19849     18902        29
   19924     18977        23
   19971     19024        21
   20092     19145        20
   20598     19648        22
   20740     19790        23
   20767     19817        31
   20860     19910        20
   20914     19964        23
   20992     20042        31
   21046     20096        41
   21094     20144        23
   21149     20199        27
   21194     20244        25
   21262     20312        44
   21400     20450        38
   21439     20489        41
   21511     20561        50
   21568     20618        53
   21622     20672        33
   21670     20720        23
   21754     20804        20
   21829     20879        25
   21856     20906        20
   21895     20945        20
   21931     20981        35
   22228     21274        20
   22354     21400        31
   22706     21752        40
   22759     21805        44
   22819     21865        32
   22869     21915        21
   22909     21955        20
   22965     22011        51
   23038     22084        23
   23095     22141        20
   23128     22174        35
   23164     22210        20
   23185     22231        50
   23239     22285        20
   23263     22309        44
   23316     22362        20
   23350     22396        23
   23451     22497        54
   23515     22561        25
   23617     22663        20
   23668     22714        38
   23713     22759        32
   23746     22792        21
   23773     22819        26
   23800     22846        26
   23827     22873        23
   23855     22901        57
   24165     23249        21
   24219     23342        20
   24383     23512        22
   24536     23680        34
   24614     23758        40
   24712     23856        20
   24761     23905        49
   24850     23994        38
   24916     24060        41
   24958     24102        41
   25010     24154        42
   25080     24224        47
   25158     24302        27
   25197     24341        25
   25248     24392        25
   25284     24428        50
   25368     24512        44
   25431     24575        29
   25503     24647        28
   25572     24716        23
   25620     24764        29
   25691     24835        33
   25779     24923        29
   25896     25040        24
   25926     25070        28
   26048     25192        24
   26073     25217        49
   26144     25288        43
   26357     25501        27
   26470     25614        20
   26589     25733        23
   26613     25757        23
   26640     25784        26
   26709     25853        41
   26787     25931        24
   26934     26078        26
   26967     26111        23
   27099     26243        23
   27123     26267        20
   27172     26316        25
   27198     26342        20
   27258     26402        23
   27285     26429        20
   27432     26576        73
   27542     26686        24
   27609     26753        23
   27667     26811        31
   27717     26861        25
   27759     26903        27
   27789     26933        30
   27871     27015        25
   27951     27095        28
   27984     27128        28
   28016     27160        30
   28110     27254        26
   28167     27311        39
   29488     28381        79
   30406     29323        22
   30467     29390        35
   30503     29426        35
   31398     30217        23
   31515     30351        20
   31542     30378        20
   31563     30399        29
   31622     30470        33
   31716     30525        24
   31770     30579        22
   32691     30896        58
   33197     31420       101
   33341     31571        76
   33465     31685        24
   34296     32219        71
   35387     33381        23
   35733     33718        39
   35773     33758        34
   35814     33799        30
   35850     33835        35
   35886     33871        29
   35916     33901        50
   35967     33952        20
   36036     34021        26
   36099     34084        20
   36147     34132        62
   36250     34235        31
   36288     34273        29
   36339     34324        38
   36384     34369        20
   36432     34417        44
   36477     34462        41
   36540     34525        83
   36645     34630        32
   36684     34669        20
   36714     34699        23
   36738     34723       134
   36880     34865        23
   37024     35009        33
   37058     35043        28
   37150     35135        41
   37201     35186        56
   37258     35243        33
   37333     35318        26
   37360     35345        32
   37441     35426        32
   37502     35487        22
   37525     35510        41
   37588     35573        95
   37723     35708        50
   37774     35759        29
   37843     35828        21
   37876     35861        23
   37906     35891        26
   37990     35975        20
   38044     36029        47
   38095     36080        35
   38441     36431        35
   38485     36475        23
   38514     36504        23
   38901     36915        29
   38931     36945        47
   38979     36993        32
   39021     37035        26
   39048     37062        27
   39933     37804        66
   40168     38027        47
   40216     38075        35
   40395     38256        44
   40476     38337        24
   40510     38371        29
   40604     38465        20
   40635     38496        26
   40733     38600        39
   40856     38718        23
   40880     38742        23
   40904     38766        26
   40931     38793        47
   40979     38841        44
   41024     38886        26
   41063     38925        41
   41108     38970        20
   41129     38991        34
   41164     39026        45
   41231     39093        44
   41276     39138        20
   41327     39189        20
   41381     39243        26
   41408     39270        20
   41429     39291        44
   41474     39336        26
   41516     39378        35
   41588     39450        20
   41612     39474        29
   41642     39504        32
   41678     39540        56
   41750     39612        86
   41837     39699        20
   41885     39747        44
   41930     39792        23
   41969     39831        44
   42023     39885        28
   42059     39921        20
   42115     39977        57
   42266     40128        23
   42488     40350        53
   42548     40410        26
   42599     40461        23
   42662     40524        23
   42719     40581        20
   42758     40620        38
   42815     40677        47
   42897     40759        28
   42926     40788        20
   42962     40824        44
   43007     40869        56
   43064     40926        69
   43140     41002        41
   43182     41044        71
   43254     41116        41
   43296     41158        34
   43331     41193        21
   43353     41215        29
   43413     41275        32
   43454     41316        45
   43506     41368        31
   43539     41401        23
   43572     41434        20
   43605     41467        55
   43689     41551        41
   43790     41652        26
   43848     41710        35
   43929     41791        23
   43962     41824        22
   43985     41847        39
   44025     41887        53
   44109     41971        23
   44136     41998        29
   44166     42028       134
   44508     42370        23
   44562     42424        50
   44613     42475        26
   44673     42535        37
   44718     42580        26
   44760     42622        60
   44829     42691        44
   44874     42736        47
   44940     42802        35
   45012     42874        32
   45090     42952        44
   45137     42999        27
   45165     43027        35
   45207     43069        20
   45235     43097       105
   45468     43326        34
   46127     43912        32
   46163     43948        38
   46247     44032        48
   46418     44182        37
   46487     44270        24
   46572     44388        36
   46732     44548        30
   46826     44639        23
   46888     44698        23
   46951     44752        27
   46979     44780        20
   47000     44801        26
   47027     44828        47
   47081     44882        20
   47102     44903       102
   47212     45013        32
   47253     45054        40
   47300     45101        20
   47330     45131        62
   47482     45282        22
   47702     45514        22
   47733     45545        54
   47794     45605        20
   47936     45735       124
   48204     46004        36
   48405     46178        21
   48430     46203        35
   48891     46762        22
   48908     46787        89
   49285     47158        23
   49338     47211        22
   49381     47254        40
   49422     47295        24
   49496     47369        20
   49526     47399        44
   49577     47450        20
   49598     47471        43
   49655     47528        77
   49733     47606        35
   49808     47681        20
   49844     47717        35
   50018     48134        20
   50072     48187        31
   50104     48219        28
   51454     49351        42
   51515     49412        33
   51549     49446        24
   51624     49513        25
   51650     49539        23
   51890     49845        20
   51946     49901        26
   51973     49928        36
   52167     50373        85
   52746     50941        22
   52997     51303        32
   53030     51336        23
   53204     51510        40
   53257     51563        33
   53309     51615        66
   53378     51684        29
   53408     51714        29
   53471     51777        23
   53645     51998        37
   53771     52124        24
   53850     52203        35
   53946     52299        20
   54003     52356        20
   54054     52407        23
   54084     52437        35
   54153     52506        24
   54321     52700        20
   54366     52745        23
   54417     52796        31
   54485     52864        36
   54573     52952        26
   54612     52991        22
   55175     53465        47
   55273     53565        33
   55353     53669        29
   55395     53711        26
   55462     53778        22
   55501     53828        35
   55592     53921        34
   55677     54001        23
   55787     54111        33
   55821     54145        29
   56020     54350        73
   56149     54521        32
   56399     54737        23
   56423     54761        20
   56612     54950        31
   56663     55001        27
   56707     55045        26
   56750     55088        34
   56814     55152        36
   56862     55200        57
   56986     55324        29
   57043     55381        23
   57067     55405        26
   57142     55480        35
   57289     55627        20
   57315     55653        29
   57424     55762        83
   57514     55852        23
   57577     55915        32
   57610     55948        35
   57697     56035        26
   57730     56068        32
   57796     56134        32
   57838     56176        23
   57875     56213        25
   57956     56294        28
   58003     56341        38
   58051     56389        23
   58135     56473        25
   58341     56677        25
   58452     56787        21
   58863     57149        37
   59020     57309        42
   59063     57352        30
   59163     57452        53
   59244     57533        62
   59403     57692        20
   59424     57713        26
   59457     57746        33
   59541     57830        29
   59583     57872        32
   59634     57923        23
   59703     57992        47
   59761     58050        28
   59790     58079        20
   59811     58100        38
   59865     58154        26
   59892     58181        68
   59961     58250        51
   60108     58397        41
   60150     58439        44
   60216     58505        47
   60264     58553        23
   60330     58619        29
   60360     58649        38
   60417     58706        50
   60487     58776        21
   60546     58842        20
   60562     58861        33
   60813     58981        20
   60882     59070        22
   61209     59425        20
   61913     60177        23
   61987     60251        25
   62046     60310        26
   62096     60360        29
   62126     60390        29
   62196     60460        23
   62264     60528        27
   62351     60615        30
   62420     60684        32
   62564     60828        57
   62635     60899        28
   63415     61125        29
   63507     61217        42
   64157     61931        34
   64216     61990        20
   64279     62053        23
   64303     62077        26
   64381     62155        43
   64450     62224        23
   64498     62272        20
   65589     62946        25
   65647     63004        27
   65954     63311        32
   66002     63359        32
   66053     63410        20
   66078     63435        20
   66152     63509        29
   66215     63572        24
   66407     63768        32
   66546     63907        61
   66626     63987        20
   66647     64008        23
   66686     64047        21
   66734     64095        20
   66776     64137        38
   66857     64218        23
   66888     64249        22
   66918     64279        20
   66939     64300        22
   66993     64354        31
   67025     64386        20
   67046     64407        41
   67280     64641        23
   67379     64740        23
   67403     64764        20
   68428     65710       105
   68684     65963        92
   68777     66056        20
   68826     66111        23
   68889     66174        47
   68982     66267        38
   69072     66357        50
   69132     66417        64
   69197     66482        24
   69252     66536        24
   69291     66576        25
   69322     66607        29
   69352     66637        22
   70458     67675        29
   70715     67910        29
   70751     67946        20
   70784     67979        20
   70960     68154        79
   71224     68418        23
   71248     68442        24
   71647     68873        29
   71755     68981        38
   71807     69050        21
   72278     69247        22
   72320     69289        45
   72642     69656        21
   72683     69697        59
   72759     69773        20
   72795     69809        44
   73099     70102        30
   73248     70242        29
   73353     70347        24
   73440     70434        38
   73507     70501        28
   73964     70938        26
   74283     71292        26
   74343     71352        25
   74453     71469        22
   74598     71642        44
   74677     71721        27
   74705     71749        20
   75103     72149        30
   75275     72302        21
   75340     72390        21
   75411     72460        36
   75476     72525        31
   75531     72580        24
   75698     72747        38
   75899     72940        23
   75990     73028        23
   76060     73096        37
   76334     73360        23
   76555     73577        23
   76580     73602        23
   76651     73673        23
   76858     73904        27
   76899     73945        23
   77073     74126        39
   77176     74229        44
   77233     74286        35
   77269     74322        21
   77332     74385        26
   77368     74421        20
   77389     74442        42
   77509     74562        32
   77572     74625        26
   77612     74665        22
   77655     74708        36
   77713     74766        26
   77770     74823        47
   77818     74871        44
   77881     74934        29
   77911     74964        28
   77971     75024        44
   78142     75195        32
   78214     75267        23
   78259     75312        23
   78325     75378        20
   78361     75414        47
   78409     75462        35
   78445     75498        20
   78494     75547        28
   78544     75597        23
   78705     75811        48
   78754     75860        51
   78866     75967        28
   78922     76023        26
   78949     76050        33
   79004     76105        20
   79072     76191        47
   79178     76297        20
   79199     76318        38
   79316     76435        24
   79458     76567        31
   79602     76721        29
   79757     76848        23
   79978     77055        41
   80181     77283        23
   80242     77344        31
   80286     77388        38
   80325     77427        30
   80367     77469        26
   80394     77496        29
   80433     77535        44
   80496     77598        47
   80652     77754        29
   80706     77808        38
   80757     77859        20
   80778     77880        62
   80868     77970        29
   80970     78078        44
   81075     78188        38
   81171     78280        23
   81462     78586        25
   81800     78865        24
   81857     78922        29
   81903     78968        55
   81962     79027        26
   82061     79126        26
   82091     79156        44
   82151     79216        55
   82207     79272        21
   82229     79294        32
   82271     79336        51
   82668     79725        26
   82696     79753        25
   82845     79902        23
   82908     79965        38
   82947     80004        31
   83021     80078        27
   83079     80136        20
   83273     80330        32
   83400     80457        20
   83436     80493        20
   83505     80562        26
   83657     80714        20
   83702     80759        40
   83759     80816        26
   83918     80975        47
   84218     81317        39
   84443     81552        27
   84747     81868        35
   84783     81904        53
   84855     81976        21
   84961     82073        29
   85149     82261        25
   85360     82478        36
   85430     82548        20
   85466     82584        20
   85520     82638        20
   85562     82680        34
   85619     82737        22
   85854     83003        23
   85989     83138        20
   86045     83194        21
   86127     83276        27
   86170     83319        46
   86276     83425        36
   86819     83992        20
   87519     84795        25
   87555     84831        22
   87585     84861        31
   87793     85069        22
   87864     85140        21
   87960     85236        29
   88044     85320        48
   88349     85691        23
   88437     85779        25
   88468     85810        21
   88612     85954        27
   88798     86140        33
   88844     86186        43
   88939     86296        34
   88983     86340        41
   89032     86389        25
   89058     86415        44
   89130     86487        21
   89187     86544       110
   89298     86655       111
   89410     86767        50
   89461     86818        35
   89513     86892        37
   89551     86930        40
   89592     86971        84
   89677     87056        23
   89714     87093        53
   89768     87147        31
   89813     87187       123
   89952     87326        97
   90050     87424       116
   90167     87541        29
   90197     87571        28
   90246     87620        71
   90318     87692       119
   90437     87805       100
   90540     87908        31
   90601     87969        63
   90665     88033        75
   90793     88157        31
   90825     88189        21
   90848     88209        29
   90889     88250       143
   91040     88401        20
   91085     88446        85
   91171     88532        29
   91201     88562        27
   91239     88600        37
   91277     88638        31
   91328     88689        20
   91354     88715        20
   91375     88736        20
   91396     88757        32
   91431     88792        43
   91486     88847        33
   91520     88881        43
   91564     88925        30
   91595     88956       104
   91700     89061        47
   91846     89207        20
   91867     89228        86
   91964     89325        41
   92006     89367        58
   92076     89437        49
   92126     89487        76
   92203     89564        25
   92229     89590       114
   92344     89705        46
   92417     89778        23
   92450     89820        22
   92473     89843        58
   92532     89902        63
   92604     89974        84
   92689     90059        40
   92730     90100        20
   92751     90121        25
   92786     90156        26
   92836     90206        29
   92866     90236        44
   92911     90281        22
   92934     90304        31
   92988     90358        33
   93030     90391        40
   93071     90432        52
   93124     90485        36
   93168     90529        36
   93219     90580        56
   93276     90637        25
   93302     90663        21
   93324     90685        31
   93370     90731        22
   93393     90754        40
   93448     90809        21
   93470     90831        45
   93516     90877        31
   93567     90934        97
   93685     91052        20
   93706     91073        46
   93753     91120        25
   93779     91146        23
   93803     91170        67
   93874     91241        38
   93913     91280        32
   93946     91313        54
   94018     91385        46
   94065     91432        23
   94089     91456        51
   94158     91525        24
   94225     91592        52
   94297     91664        72
   94392     91759        25
   94438     91805        41
   94494     91861        20
   94515     91882        46
   94574     91941       121
   94696     92063        63
   94760     92127        25
   94815     92182        68
   94885     92252        31
   94937     92304        28
   94966     92333        30
   95012     92379        34
   95077     92444        33
   95138     92505        54
   95193     92560        21
   95215     92582        26
   95250     92608        49
   95300     92658        80
   95381     92739        30
   95412     92770        46
   95482     92840        59
   95542     92900        29
   95593     92951        41
   95635     92993        45
   95681     93039        58
   95740     93098        51
   95831     93189        39
   95900     93258        43
   95952     93310        58
   96012     93370        60
   96139     93482        64
   96205     93548        20
   96226     93569        69
   96298     93641        75
   96377     93720        32
   96410     93753        97
   96521     93864        22
   96544     93887        32
   96589     93932        53
   96669     94012        78
   96748     94091        29
   96802     94145        50
   96853     94196        87
   96941     94284        45
   96996     94339        75
   97096     94439        36
   97133     94476        96
   97230     94573        32
   97273     94616        39
   97369     94712        20
   97390     94733        21
   97417     94760        42
   97492     94835        44
   97537     94880       104
   97654     94997       127
   97782     95125        39
   97830     95173        25
   97856     95199        40
   97943     95286        44
   98068     95412        57
   98243     95580        36
   98313     95644        27
   98353     95684        37
   98401     95732        27
   98512     95835        24
   98572     95895        60
   98693     96003        40
   98744     96054        22
   98774     96084        23
   98798     96108        33
   98844     96223        39
   98884     96263       131
   99017     96388        22
   99062     96433        28
   99150     96510        21
   99219     96586        37
   99267     96634        29
   99297     96664        39
   99362     96729        47
   99408     96768        23
   99450     96810        39
   99490     96850        29
   99493     96879        52
   99548     96934       116
   99665     97051        56
   99731     97117        32
   99764     97150       177
   99942     97328        64
  100007     97393       224
  100232     97618       191
  100423     97808        23
  100441     97830        59
  100542     97929        98
  100641     98028        36
  100678     98065        59
  100738     98125        31
  100770     98157        42
  100813     98200        24
  100859     98249        44
  100904     98294        91
  100996     98386        39
  101047     98437        85
  101133     98523        86
  101220     98610       119
  101358     98748       113
  101479     98869        37
  101517     98907        38
  101556     98946        86
  101643     99033        64
  101708     99098        38
  101769     99159        20
  101790     99183        20
  101823     99216        47
  101892     99285        38
  101942     99335        23
  101968     99361        24
  102049     99440        23
  102073     99464        80
  102163     99554        47
  102211     99602       137
  102349     99740        52
  102402     99793        54
  102457     99848        84
  102554     99946        25
  102580     99972        56
  102634    100022        35
  102670    100058        24
  102706    100094        31
  102741    100129        23
  102765    100153        75
  102862    100249        34
  102898    100288        39
  102956    100346        27
  102984    100374        91
  103085    100475        24
  103110    100500        83
  103212    100602        80
  103293    100683       158
  103452    100842        35
  103496    100886        43
  103561    100950        30
  103597    100986        23
  103655    101044        21
  103696    101076        22
  103719    101099        35
  103765    101145        22
  103802    101187        20
  103856    101228        50
  103907    101279        27
  103979    101362        27
  104071    101454        48
  104120    101503        44
  104165    101548        33
  104218    101601        72
  104303    101686        46
  104368    101773        39
  104437    101841        22
  104460    101864        22
  104609    102009        36
  104659    102068        42
  104707    102116        28
  104764    102182        29
  104798    102216        49
  104848    102266        47
  104907    102325        39
  104950    102377        58
  105048    102476        20
  105069    102497        29
  105117    102545        31
  105251    102681        76
  105336    102766        20
  105371    102804        64
  105448    102881        20
  105488    102921        20
  105509    102942       117
  105627    103060       315
  105944    103377       319
  106273    103706        38
  106312    103745        24
  106337    103770        33
  106371    103804       149
  106525    103958       108
  106654    104087        89
  106744    104177       199
  106964    104397        87
  107055    104488        29
  107185    104618        42
  107281    104715        24
  107320    104754       187
  107521    104956        95
  107617    105052       202
  107810    105247        38
  107849    105286        22
  107876    105313        70
  107961    105398        95
  108070    105507        36
  108119    105552        21
  108136    105568        36
  108173    105616        21
  108200    105644       181
  108378    105817        41
  108420    105859        92
  108513    105952        60
  108590    106029        56
  108647    106086        46
  108706    106145        23
  108730    106169        64
  108795    106234        20
  108816    106255       100
  108917    106356        37
  108962    106401        23
  109003    106442        23
  109059    106498        70
  109137    106573        76
  109214    106650        22
  109257    106692        80
  109338    106773        44
  109383    106818        45
  109449    106884       146
  109602    107037        49
  109652    107087       119
  109778    107213        20
  109799    107234        26
  109826    107261        22
  109849    107284        67
  109917    107352        95
  110022    107454       315
  110338    107770        67
  110413    107845        20
  110434    107866        20
  110455    107887       152
  110608    108040        54
  110664    108096        30
  110707    108139       256
  110977    108409        26
  111011    108443       186
  111198    108630       266
  111482    108914        70
  111553    108985        49
  111603    109035       145
  111749    109181        56
  111806    109238       146
  111953    109385       300
  112254    109686        21
  112287    109719        52
  112335    109769        56
  112392    109826       127
  112514    109953        42
  112557    109996        86
  112670    110109       157
  112828    110267        24
  112932    110368        26
  112983    110411        53
  113026    110456        20
  113047    110477        25
  113073    110503        78
  113186    110615        33
  113220    110649        35
  113354    110806        26
  113445    110885        25
  113500    110940        51
  113611    111049        21
  113645    111083        36
  113785    111205        77
  113868    111288        26
  113916    111337        29
  113970    111391        50
  114021    111442        23
  114053    111479        32
  114093    111519        20
  114262    111688        20
  114292    111718        33
  114326    111752        46
  114383    111809        44
  114439    111865        29
  114469    111895        70
  114540    111966        95
  114636    112062        90
  114748    112174        23
  114805    112231        47
  114853    112279        26
  114880    112306        27
  114961    112387        34
  115006    112432        22
  115029    112455        22
  115627    113010        28
  116179    113555        20
  116200    113576        26
  116317    113693        28
  116389    113765        29
  116440    113816        23
  116497    113873        30
  116560    113936        31
  116596    113972        40
  116707    114083        20
  116958    114334        30
  117046    114422        32
  117085    114461        26
  117142    114518        21
  117164    114540        46
  117247    114623        20
  117286    114662        26
  118597    115983        23
  119220    116532        73
  119431    116721        21
  119672    116962        20
  119729    117019        25
  119857    117147        26
  120115    117411        20
  120136    117432        20
  120168    117464        37
  120509    117760        21
  120945    118151        22
  121074    118280        22
  121145    118351        20
  121284    118490        34
  121398    118604        53
  121452    118658        23
  121500    118706        38
  121544    118750        26
  121754    118960        54
  121874    119080        20
  121895    119101        21
  121941    119147        42
  122200    119412        22
  122363    119561        32
  122411    119609        23
  122459    119657        47
  122513    119711        23
  122564    119762        32
  122902    120077        25
  122961    120136        20
  123063    120238        23
  123130    120305        27
  123461    120649        39
  123682    120870        35
  123902    121090        22
  124457    121639        41
  124502    121684        44
  124645    121827        27
  124685    121867        26
  124727    121909        23
  124901    122083        25
  125070    122226        41
  125112    122268        23
  125241    122397        23
  125280    122436        26
  125307    122463        35
  125432    122588        21
  125478    122634        24
  125734    122843        25
  125778    122899        26
  126067    123269        20
  126136    123338        21
  126334    123544        34
  126439    123666        22
  126569    123831        28
  126598    123860        26
  126625    123887        74
  126715    123977        26
  126832    124094        20
  126966    124228        27
  127187    124449        44
  127259    124521        20
  127291    124553        24
  127369    124631        36
  127433    124695        29
  127585    124847        24
  127631    124893        20
  127652    124914        23
  127700    124962        38
  127821    125083        20
  127865    125127        32
  127898    125160        20
  127931    125193        20
  127952    125214        41
  128066    125328        20
  128087    125349        29
  128141    125403        20
  128162    125424        32
  128195    125457        28
  128231    125493        23
  128264    125526        25
  128477    125743        27
  128562    125828        20
  128654    125926        23
  129118    126376        20
  129160    126418        21
  129198    126456        21
  129702    126984        20
  130925    128156        20
  131109    128361        21
  132160    129397        30
  132850    130102        23
  132876    130128        21
  133306    130603        20
  133546    130843        20
  133806    131103        22
  133829    131126        22
  133862    131159        34
  133950    131247        27
  133978    131275        26
  134005    131302        47
  134086    131383        23
  134131    131428        90
  134222    131519        95
  134318    131615        70
  134389    131686        29
  134430    131727        44
  134485    131782        46
  134532    131829        33
  134575    131872        20
  134744    132041        20
  134772    132069        32
  134813    132115        23
  134837    132139        50
  134912    132214        29
  134963    132266        26
  134995    132298        77
  135176    132461        36
  135225    132510        21
  135306    132589        51
  135387    132670        25
  135477    132748        26
  135602    132896        35
  135638    132932        33
  135706    132999        78
  135785    133078        25
  135811    133104        20
  135821    133116        53
  135899    133186        26
  136005    133289        24
  136030    133314       157
  136214    133498        86
  136301    133585        42
  136338    133627       127
  136466    133755        56
  136518    133809        52
  136582    133873        21
  136604    133895       300
  136905    134196       146
  137052    134343        56
  137109    134400       145
  137255    134546        49
  137305    134596        70
  137393    134684       266
  137660    134951       186
  137854    135145        26
  137894    135185       256
  138163    135454        30
  138195    135486        54
  138250    135541       152
  138403    135694        20
  138424    135715        20
  138452    135743        67
  138520    135811       315
  138845    136133        95
  138941    136229        67
  139009    136297        22
  139032    136320        26
  139059    136347        20
  139086    136374       119
  139206    136494        49
  139262    136550       146
  139429    136717        45
  139475    136763        44
  139520    136808        80
  139621    136908        22
  139644    136931        76
  139728    137012        70
  139831    137115        23
  139872    137156        23
  139903    137187        37
  139941    137225       100
  140042    137326        20
  140063    137347        64
  140128    137412        23
  140164    137448        46
  140211    137495        56
  140284    137568        60
  140345    137629        92
  140438    137722        41
  140476    137755       181
  140663    137943        21
  140685    137976        36
  140717    138007        21
  140751    138037        36
  140801    138087        95
  140911    138197        70
  140986    138272        22
  141009    138295        38
  141038    138326       202
  141241    138529        95
  141350    138639       187
  141552    138841        24
  141630    138920        42
  141773    139063        29
  141806    139096        87
  141914    139204       199
  142114    139404        89
  142224    139514       108
  142337    139627       149
  142487    139777        33
  142521    139811        24
  142546    139836        38
  142594    139884       319
  142915    140205       315
  143231    140521       117
  143349    140639        20
  143389    140679        20
  143422    140712        64
  143501    140794        20
  143530    140823        76
  143709    141004        31
  143759    141054        29
  143789    141084        20
  143849    141145        58
  143911    141216        39
  143962    141267        47
  144010    141315        49
  144064    141369        29
  144122    141436        28
  144156    141470        42
  144212    141535        36
  144375    141694        22
  144398    141717        22
  144450    141768        39
  144508    141848        46
  144567    141907        72
  144659    141999        33
  144693    142033        44
  144738    142078        48
  144851    142191        27
  144923    142274        27
  144951    142302        50
  145035    142373        20
  145070    142413        22
  145103    142446        35
  145139    142482        22
  145181    142515        21
  145237    142571        23
  145266    142600        30
  145318    142651        43
  145370    142703        35
  145406    142739       158
  145565    142898        80
  145664    142997        83
  145748    143081        24
  145782    143115        91
  145874    143207        27
  145920    143253        39
  145961    143297        34
  146017    143352        75
  146093    143428        23
  146120    143455        31
  146163    143498        24
  146188    143523        35
  146221    143552        56
  146278    143609        25
  146316    143648        84
  146401    143733        54
  146456    143788        52
  146509    143841       137
  146647    143979        47
  146704    144036        80
  146785    144117        23
  146865    144195        24
  146892    144222        23
  146927    144257        38
  146987    144317        47
  147047    144377        20
  147068    144401        20
  147111    144444        38
  147150    144483        64
  147215    144548        86
  147302    144635        38
  147341    144674        37
  147386    144719       113
  147518    144851       119
  147638    144971        86
  147725    145058        85
  147822    145155        39
  147862    145195        91
  147954    145287        44
  148020    145356        24
  148045    145381        42
  148088    145424        31
  148120    145456        59
  148180    145516        36
  148217    145553        98
  148357    145691        59
  148411    145749        23
  148434    145771       191
  148626    145963       224
  148851    146188        64
  148916    146253       177
  149094    146431        32
  149136    146473        56
  149193    146530       116
  149312    146649        52
  149338    146701        29
  149368    146731        39
  149426    146789        23
  149448    146804        47
  149521    146877        39
  149561    146917        29
  149601    146957        37
  149686    147049        21
  149767    147119        28
  149818    147170        22
  149842    147186       131
  149974    147318        39
  150026    147439        33
  150060    147473        23
  150091    147504        22
  150124    147537        40
  150225    147625        60
  150321    147721        24
  150429    147821        27
  150467    147859        37
  150517    147909        27
  150578    147964        36
  150732    148111        57
  150870    148250        44
  150961    148341        40
  151002    148382        25
  151036    148416        39
  151076    148456       127
  151216    148596       104
  151321    148701        44
  151398    148778        42
  151446    148826        21
  151468    148848        20
  151545    148925        39
  151595    148975        32
  151628    149008        96
  151725    149105        36
  151786    149166        75
  151871    149251        45
  151917    149297        87
  152005    149385        50
  152080    149460        29
  152110    149490        78
  152215    149595        53
  152281    149661        32
  152314    149694        22
  152350    149730        97
  152448    149828        32
  152484    149864        75
  152562    149942        69
  152632    150012        20
  152654    150034        64
  152785    150150        60
  152847    150212        58
  152914    150279        43
  152987    150352        39
  153066    150431        51
  153118    150483        58
  153177    150542        45
  153223    150588        41
  153286    150651        29
  153316    150681        59
  153399    150764        46
  153446    150811        30
  153477    150842        80
  153558    150923        49
  153616    150972        26
  153643    150999        21
  153665    151021        54
  153747    151103        33
  153811    151167        34
  153861    151217        30
  153892    151248        28
  153941    151297        31
  153974    151330        68
  154072    151428        25
  154098    151454        63
  154162    151518       121
  154296    151652        46
  154343    151699        20
  154378    151734        41
  154440    151796        25
  154488    151844        72
  154580    151936        52
  154675    152031        24
  154717    152073        51
  154769    152125        23
  154793    152149        46
  154857    152213        54
  154912    152268        32
  154945    152301        38
  154987    152343        67
  155055    152411        23
  155079    152435        25
  155105    152461        46
  155152    152508        20
  155193    152549        97
  155310    152672        31
  155342    152704        45
  155388    152750        21
  155424    152786        40
  155465    152827        22
  155502    152864        31
  155534    152896        21
  155556    152918        25
  155582    152944        56
  155653    153015        36
  155697    153059        36
  155734    153096        52
  155787    153149        40
  155836    153189        33
  155892    153245        31
  155924    153277        22
  155947    153300        44
  155992    153345        29
  156045    153398        26
  156081    153434        25
  156107    153460        20
  156128    153481        40
  156169    153522        84
  156262    153615        63
  156326    153679        58
  156385    153738        22
  156417    153779        23
  156467    153829        46
  156514    153876       114
  156629    153991        25
  156655    154017        76
  156732    154094        49
  156793    154155        58
  156852    154214        41
  156904    154266        86
  156991    154353        20
  157110    154472        47
  157158    154520       104
  157263    154625        30
  157294    154656        43
  157338    154700        33
  157383    154745        43
  157429    154791        32
  157462    154824        20
  157483    154845        20
  157509    154871        20
  157549    154911        31
  157581    154943        37
  157629    154991        27
  157657    155019        29
  157687    155049        85
  157797    155159        20
  157825    155187       143
  157980    155342        29
  158011    155370        21
  158033    155392        31
  158117    155472        75
  158193    155548        63
  158286    155641        31
  158320    155675       100
  158420    155769       119
  158540    155889        71
  158632    155981        28
  158661    156010        29
  158691    156040       116
  158808    156157        97
  158921    156270       123
  159058    156402        31
  159090    156434        53
  159157    156501        23
  159181    156525        84
  159266    156610        40
  159307    156651        37
  159361    156727        35
  159397    156763        50
  159448    156814       111
  159560    156926       110
  159706    157072        21
  159755    157121        44
  159800    157166        25
  159833    157199        41
  159884    157250        34
