> gi|702068505|emb|HG530134.1|
       7         1        23
     571       432        60
     638       499        44
     683       544        25
     716       577        23
     761       622        26
     797       658        83
     881       742        53
     938       799        56
     995       856        71
    1109       970        20
    1154      1015        23
    1178      1039        23
    1214      1075        43
    1331      1192        29
    1361      1222        83
    1445      1306        35
    1481      1342        23
    1526      1387        23
    1563      1424        34
    1613      1474        31
    1679      1546        26
    1885      1702        44
    1948      1770        41
    3920      3746        23
    4193      3999        27
    4426      4214        42
    4842      4674        31
    6103      6188        64
    7533      7010        63
    7757      7251        21
    8115      7575        34
    8509      7977        28
    8583      8051        26
    8781      8229        34
    8816      8264        63
    9652      8888        41
   10133      9366        21
   10351      9584        40
   10425      9658        45
   10726      9856        79
   11204     10095        21
   11294     10185        35
   11410     10301        36
   11471     10362        23
   11537     10428        26
   11579     10470        26
   11723     10614        21
   11771     10662        29
   11822     10713        29
   11864     10755        26
   11936     10827        29
   11990     10881        26
   12038     10929        29
   12068     10959        35
   12119     11010        32
   12158     11049        29
   12269     11160        29
   12367     11258        45
   12431     11322        41
   12541     11432        27
   12629     11520        25
   12773     11660        38
   12929     11816        22
   13109     11996        20
   13174     12061        26
   13207     12094        30
   13875     12685        20
   13896     12706        22
   13953     12763        43
   14015     12825        29
   14633     13238        20
   14738     13343        56
   14804     13409        20
   14825     13430        22
   14974     13594        25
   15761     14360        39
   15975     14583        20
   15996     14604        44
   16072     14680        40
   16128     14736        23
   16224     14832        38
   16395     15003        26
   16608     15216        38
   16733     15333        20
   16953     15574        23
   16988     15609        42
   17034     15655        21
   17160     15781        21
   17274     15895        20
   17361     15982        27
   17476     16097        25
   18297     16804        22
   18323     16830        26
   18392     16899        20
   18611     17118        23
   18695     17202        20
   18724     17231        20
   18947     17427        23
   18968     17451        32
   19703     18192        20
   19844     18333        22
   20595     19093        24
   20939     19437        23
   21008     19506        22
   21119     19617        28
   21422     19920        26
   21470     19968        38
   21509     20007        44
   21566     20064        29
   21662     20160        47
   21722     20220        26
   21830     20328        23
   21920     20418        20
   22016     20514        21
   22576     21059        22
   22658     21141        26
   22697     21180        29
   22751     21234        35
   22807     21290        20
   22853     21336        21
   22976     21459        29
   23036     21519        20
   23060     21543        20
   23120     21603        29
   23159     21642        23
   23234     21717        38
   23306     21789        53
   23360     21843        34
   23402     21885        25
   23473     21956        44
   23518     22001        26
   23855     22355        21
   24085     22535        20
   24132     22653        27
   24491     22995        25
   24540     23044        28
   24577     23081        23
   24629     23133        20
   24671     23175        20
   24710     23214        20
   24754     23258        39
   24800     23304        30
   24831     23335        60
   24959     23463        20
   25020     23524        21
   25078     23582        20
   25195     23699        28
   25246     23750        23
   25288     23792        35
   25351     23855        56
   25435     23939        23
   25459     23963        23
   25504     24008        20
   26128     24632        20
   26203     24707        21
   26225     24729        21
   26278     24782        20
   26346     24850        60
   26638     25142        26
   26710     25214        20
   26790     25294        20
   26920     25418        20
   27006     25504        23
   27043     25541        26
   27124     25622        35
   27160     25658        20
   27250     25748        20
   27292     25790        34
   27430     25928        50
   27484     25982        21
   27535     26033        44
   27643     26141        21
   27665     26163        31
   27718     26216        22
   27801     26299        25
   27852     26350        21
   27874     26372        26
   27936     26434        84
   29521     27848        55
   30440     28355        21
   30462     28377        70
   31519     29338        22
   31578     29397        20
   31599     29418        20
   32716     29976        65
   33190     30258        65
   33256     30324        29
   33310     30378        38
   33363     30431        23
   33387     30455        20
   34301     31060        46
   35385     32011        20
   35759     32345        50
   35816     32402        32
   35930     32516        35
   35967     32553        22
   36026     32612        20
   36047     32633        29
   36077     32663        44
   36159     32745        46
   36206     32792        26
   36290     32876        29
   36357     32943        22
   36407     32993        68
   36476     33062        23
   36530     33116        86
   36617     33203        23
   36653     33239        26
   36716     33302        23
   36740     33326        80
   36821     33407        31
   36853     33439        31
   36939     33525        65
   37026     33612        20
   37060     33646        25
   37119     33705        20
   37170     33756        20
   37206     33792        20
   37227     33813        41
   37314     33900        20
   37368     33954        23
   37410     33996        32
   37494     34080        27
   37629     34215        20
   37650     34236        20
   37725     34311        41
   37770     34356        35
   37842     34428        26
   37869     34455        21
   37899     34485        24
   37977     34563        35
   38037     34623        35
   38112     34698        44
   38160     34746        38
   38443     34972        35
   38488     35017        27
   38528     35057        23
   38903     35434        36
   38984     35515        23
   39008     35539        20
   39050     35581        22
   39879     35901        52
   39932     35954        26
   40139     36144        47
   40570     36560        32
   40628     36618        47
   40856     36848        32
   40952     36944        20
   40973     36965        20
   41003     36995        53
   41066     37058        20
   41087     37079        34
   41144     37136        32
   41177     37169        29
   41207     37199        26
   41261     37253        20
   41345     37337        20
   41399     37391        32
   41489     37481        20
   41648     37640        50
   41753     37745        32
   41828     37820        26
   41867     37859        20
   41888     37880        32
   41936     37928        26
   42116     38108        20
   42164     38156        38
   42203     38195        20
   42296     38288        32
   42356     38348        23
   42413     38405        22
   42473     38465        32
   42506     38498        22
   42560     38552        20
   42581     38573        26
   42701     38693        26
   42779     38771        41
   42821     38813        20
   42842     38834        59
   42920     38912        44
   42965     38957       144
   43110     39102        22
   43134     39126        74
   43212     39204        47
   43260     39252        29
   43290     39282        47
   43422     39414        35
   43497     39489        23
   43521     39513        29
   43563     39555        20
   43602     39594        20
   43647     39639        20
   43818     39810        20
   43893     39885        47
   43954     39946        34
   43989     39981        23
   44013     40005        23
   44109     40101        20
   44130     40122        50
   44187     40179        23
   44211     40203        47
   44321     40313        39
   44373     40365        23
   44379     38147        34
   44457     40449        41
   44499     40491        20
   44574     40566        41
   44616     40608        23
   44676     40668        35
   44748     40740        35
   44784     40776        71
   44898     40890        35
   44964     40956        38
   45123     41115        35
   45165     41157        52
   45246     41238        68
   45426     41416        28
   46192     42405        28
   46221     42434        24
   46897     43088        27
   46925     43116        26
   46973     43164        35
   47072     43263        77
   47199     43390        29
   47303     43496        25
   47712     43903        24
   47892     44036        28
   47921     44065        27
   47953     44097        24
   48383     44450        34
   48845     44737        25
   48871     44763        30
   48902     44794        42
   49232     45132        31
   49430     45330        26
   49472     45372        36
   49538     45438        35
   49609     45509        20
   49661     45561        22
   49684     45584        24
   49758     45658        22
   49787     45687        20
   50011     45965        77
   51321     46453        20
   51353     46485        40
   51399     46531        23
   51435     46570        27
   51514     46626        24
   51856     47044        38
   52048     47403        22
   52071     47426        58
   55059     48057        26
   55086     48084        25
   55162     48160        27
   55385     48466        35
   55489     48573        20
   55691     48746        22
   55902     48999        74
   56289     49362        22
   56367     49440        23
   56421     49494        24
   56446     49519        35
   56491     49564        20
   56536     49609        23
   56596     49669        26
   56625     49698        28
   56703     49776        20
   56737     49810        27
   56844     49917        23
   56898     49971        20
   56919     49992        26
   56946     50019        29
   56976     50049        20
   57027     50100        38
   57066     50139        26
   57093     50166        26
   57258     50331        23
   57291     50364        50
   57342     50415        32
   57477     50550        59
   57651     50724        50
   57702     50775        23
   57861     50934        23
   57891     50964        25
   57917     50990        30
   57977     51050        20
   57998     51071        30
   58596     51695        24
   58863     51976        23
   58920     52033        46
   58986     52099        22
   59036     52149        23
   59087     52200        53
   59141     52254        20
   59216     52329        50
   59315     52428        26
   59384     52497        29
   59486     52599        23
   59522     52635        23
   59549     52662        20
   59570     52683        22
   59606     52719        47
   59654     52767        20
   59681     52794        29
   59715     52828        22
   59738     52851        47
   59816     52929        20
   59880     52993        23
   59912     53025        26
   59945     53058        23
   59969     53082        29
   60059     53172        35
   60131     53244        26
   60182     53295        20
   60269     53382        20
   60302     53415        23
   61301     54405        21
   61511     54612        21
   61742     54834        48
   61820     54912        35
   61892     54984        20
   62066     55158        23
   62195     55287        29
   62376     55468        25
   62404     55496        36
   63382     56343        21
   63735     56735        27
   63829     56842        42
   64065     57078        20
   64141     57154        38
   64345     57358        26
   65703     58333        21
   66268     58908        20
   66353     58998        29
   66424     59069        29
   66481     59126        35
   66550     59195        20
   66580     59225        25
   66787     59432        20
   67084     59729        44
   67132     59777        23
   67186     59831        20
   68280     60955        23
   68304     60979        59
   68530     61185        26
   68575     61230        60
   68652     61308        43
   68744     61400        29
   68795     61457        31
   68942     61604        26
   68987     61649        56
   69169     61833        28
   69198     61862        22
   70302     62517        27
   70571     62788        28
   70603     62820        23
   70639     62856        23
   70812     63054        47
   70860     63102        30
   71075     63272        71
   72474     64611        41
   72520     64657        85
   72625     64762        37
   73101     65244        26
   73203     65346        22
   73761     65902        21
   73815     65956        29
   74140     66326        39
   74237     66423        20
   74593     66788        26
   74952     67180        32
   75047     67326        20
   75192     67461        28
   75391     67656        22
   75532     67797        26
   76179     68338        22
   76501     68629        23
   76753     68906        22
   76927     69036        33
   76994     69103        38
   77045     69154        23
   77078     69187        23
   77102     69211        38
   77417     69526        35
   77525     69634        20
   77663     69772        56
   77735     69844        26
   77808     69917        22
   77846     69955        44
   77996     70105        32
   78170     70279        29
   78206     70315        26
   78272     70381        33
   78306     70415        40
   78356     70465        23
   78398     70507        26
   78568     70710        27
   78602     70744        59
   78818     70961        27
   78846     70989        28
   79115     71252        21
   79326     71466        30
   80051     72136        20
   80113     72190        27
   80141     72218        23
   80171     72248        23
   80231     72308        23
   80255     72332        26
   80318     72395        20
   80363     72440        23
   80561     72638        20
   80624     72701        20
   80663     72740        26
   80953     73022        23
   81038     73101        23
   81273     73350        21
   81654     73673        20
   81683     73702        25
   81763     73782        26
   81808     73827        23
   81874     73893        47
   81922     73941        29
   81958     73977        41
   82009     74028        35
   82183     74202        31
   82279     74299        21
   82469     74443        22
   82774     74727        24
   82814     74767        20
   82902     74855        27
   83153     75106        22
   83243     75196        23
   83330     75283        26
   83380     75333        31
   83515     75477        38
   83569     75531        23
   83620     75582        20
   83641     75603        20
   83803     75765        25
   83946     75908        23
   84027     75962        25
   84310     76219        27
   84622     76533        27
   84674     76585        22
   84977     76882        23
   85452     77359        26
   85855     77760        29
   85903     77808        20
   85981     77886        23
   86005     77910        29
   86136     78040        21
   87113     78843        39
   87362     79095        47
   87410     79143        38
   87497     79236        23
   87551     79290        27
   87611     79350        23
   87658     79397        23
   87700     79439        22
   87908     79647        23
   87932     79671        21
   88279     80016        29
   88549     80312        29
   88627     80390        20
   88710     80473        37
   88832     80604        61
   88894     80666        69
   88964     80736        23
   89037     80809        31
   89069     80841        50
   89120     80892        20
   89141     80913        27
   89169     80941        79
   89249     81021        72
   89322     81094        22
   89419     81193        33
   89453     81227        20
   89474     81248        45
   89530     81304        45
   89581     81355        36
   89618     81392        20
   89671     81444       137
   89811     81584       216
   90028     81801        29
   90075     81848        67
   90143     81916        35
   90184     81957        22
   90242     82015        52
   90327     82094        73
   90401     82168        30
   90454     82221        39
   90504     82277        21
   90526     82299        54
   90581     82354        41
   90664     82439        21
   90686     82461        22
   90752     82527        93
   90848     82623        52
   90942     82733        66
   91038     82829        36
   91120     82911        47
   91184     82975        35
   91260     83051        44
   91306     83097        26
   91436     83227        71
   91544     83329        29
   91574     83359        34
   91610     83395        21
   91733     83518        52
   91788     83573        34
   91850     83635        48
   91908     83693        28
   91937     83722        22
   91977     83762        47
   92025     83816        38
   92064     83855        39
   92105     83896        22
   92139     83930        41
   92201     83992        49
   92301     84101        24
   92334     84134        53
   92409     84209        59
   92491     84291        31
   92537     84337        33
   92571     84371        32
   92638     84438        35
   92674     84474        22
   92718     84518        29
   92756     84556        38
   92795     84595        35
   92849     84649        24
   92887     84678        44
   92960     84751        26
   93000     84791        79
   93137     84928        56
   93231     85028        22
   93254     85051        40
   93309     85106        21
   93347     85144        66
   93446     85243        67
   93567     85364        28
   93614     85411        22
   93640     85437        67
   93735     85532        25
   93761     85558        31
   93807     85598        31
   93880     85665        24
   93910     85695        57
   93968     85753        65
   94086     85871        53
   94186     85971        30
   94253     86032        25
   94310     86089        55
   94371     86150        26
   94398     86177        26
   94450     86223       106
   94557     86330        77
   94647     86420        20
   94675     86448        28
   94704     86477        53
   94823     86596        72
   94926     86699        45
   94986     86759        23
   95015     86788        26
   95077     86850        25
   95117     86890        43
   95161     86934        26
   95248     87006        24
   95320     87078        22
   95343     87101        59
   95412     87170        57
   95470     87228        25
   95500     87258        40
   95542     87300        65
   95608     87366        41
   95650     87408        21
   95697     87455        35
   95761     87519        21
   95814     87572        29
   95869     87627        28
   95898     87656        25
   95937     87692        26
   96035     87790        47
   96087     87842        74
   96162     87917        39
   96240     87986        51
   96292     88038        22
   96315     88061        53
   96369     88115        35
   96454     88200        49
   96504     88250        35
   96540     88286        89
   96630     88376        20
   96651     88397       150
   96825     88571        22
   96848     88594        33
   96882     88628        40
   96999     88745        20
   97042     88788        52
   97110     88856        23
   97134     88880        52
   97234     88980        38
   97278     89024        84
   97373     89119        21
   97406     89152        25
   97436     89182        22
   97468     89214        41
   97512     89258        38
   97551     89297        27
   97584     89330        40
   97646     89392        23
   97691     89437        30
   97722     89468        20
   97821     89567        27
   97882     89628        20
   97922     89668        33
   97956     89702        26
   98309     89760        28
   98338     89789        37
   98428     89879        25
   98454     89905        26
   98521     89962        26
   98557     89990        37
   98638     90069        20
   98676     90107        20
   98713     90173        98
   98830     90290        42
   99011     90444        21
   99080     90515        37
   99118     90553        39
   99215     90642        20
   99228    130958        22
   99270     90689        40
   99344     90750        28
   99374     90780        35
   99439     90828        59
   99502     90891        23
   99529     90918        32
   99634     91014        25
   99660     91040        27
   99713     91095        22
   99736     91118        58
   99805     91176        62
   99878     91249       102
   99988     91359        67
  100096     91461        27
  100124     91489        81
  100215     91589        40
  100256     91630        49
  100311     91679        59
  100367     91732        72
  100440     91805        21
  100484     91849        25
  100521     91890        87
  100623     91992        33
  100674     92043        22
  100715     92084        22
  100738     92107        26
  100765     92134        38
  100804     92173        34
  100839     92208        20
  100860     92229        27
  100916     92285        62
  100993     92362        80
  101087     92456       106
  101219     92572        56
  101340     92693        76
  101417     92770        86
  101504     92857        36
  101541     92894        27
  101569     92922        38
  101758     93079        39
  101820     93141        30
  101851     93172        22
  101910     93203        23
  101934     93227        27
  101962     93255        88
  102051     93344        20
  102089     93382        57
  102147     93440        62
  102215     93508        27
  102243     93536       113
  102365     93658        25
  102421     93719        20
  102458     93756        39
  102508     93802        39
  102570     93864        31
  102602     93896        23
  102626     93920        78
  102705     93993        59
  102765     94053        31
  102797     94085        31
  102845     94133        23
  102869     94157        97
  102971     94259       110
  103082     94370        42
  103126     94414        30
  103157     94445       164
  103426     94713        31
  103458     94745        23
  103521     94802        33
  103587     94861        29
  103662     94939        21
  103728     94969        32
  103774     95006        21
  103796     95035        30
  103888     95117        23
  103926     95149        42
  103981     95204        34
  104016     95239        26
  104069     95292        58
  104164     95387        42
  104246     95472        22
  104433     95644        22
  104469     95680        23
  104507     95718        41
  104542     95766        20
  104570     95794        26
  104659     95878        37
  105075     96084        25
  105108     96117        22
  105131     96140        49
  105245     96254        24
  105278     96287        31
  105310     96319        20
  105347     96348        22
  105370     96371        25
  105396     96397       223
  105620     96621       275
  105896     96897       228
  106125     97126        64
  106190     97191       195
  106386     97387       107
  106501     97502       124
  106644     97645       160
  106805     97806       140
  107021     98024        65
  107110     98112        22
  107142     98144        24
  107191     98194       107
  107299     98302        51
  107366     98370        44
  107412     98416        28
  107441     98445        36
  107478     98482        58
  107537     98541        29
  107576     98580        21
  107598     98602        28
  107632     98636        29
  107672     98676        54
  107727     98731        27
  107755     98759        28
  107784     98788        29
  107824     98826        26
  107851     98853       129
  107980     98978        35
  108011     99013        25
  108069     99071        78
  108148     99150        84
  108239     99236        26
  108297     99294       104
  108402     99399        72
  108475     99472        32
  108508     99505        25
  108534     99531        20
  108585     99581        71
  108677     99683        24
  108702     99708        36
  108782     99795        29
  108823     99836        45
  108869     99882        29
  108939     99945        27
  108996    100000        93
  109111    100115        21
  109133    100137        39
  109173    100177        26
  109244    100248        25
  109310    100335        37
  109348    100373        35
  109384    100409        30
  109442    100467        51
  109494    100519        20
  109515    100540       119
  109636    100662        20
  109674    100700        39
  109714    100740        63
  109778    100804        43
  109822    100848        51
  109883    100905       383
  110283    101305        82
  110366    101388       193
  110575    101597       201
  110777    101799        36
  110818    101840        26
  110882    101904        29
  110912    101934        32
  110945    101968       249
  111195    102218       146
  111343    102366        70
  111433    102456        44
  111485    102507       328
  111814    102836       323
  112154    103182        28
  112183    103211        69
  112254    103284        97
  112371    103401        24
  112411    103441        24
  112459    103489        20
  112530    103560        25
  112556    103586       146
  112897    103956        36
  112934    103993        27
  112962    104021        50
  113051    104109        26
  113084    104142        25
  113197    104246        21
  113300    104332        22
  113377    104402        46
  113626    104613        42
  113672    104659        51
  113724    104711        22
  113782    104769        33
  113853    104840        28
  113943    111206        23
  113982    104978        20
  114109    105095        34
  114153    105139        20
  114210    105187        23
  114270    105247        31
  114302    105279        33
  114393    105370        20
  114433    105410        24
  118382    105705        21
  119192    106423        31
  120243    107458        28
  120291    107506        20
  122323    108462        28
  122377    108516        23
  122458    108597        20
  122494    108633        49
  124922    110008        20
  128485    110709        20
  130809    113112        21
  134088    116093        28
  134206    116211        24
  134250    116255        20
  134328    116333        33
  134362    116367        31
  134430    116435        23
  134490    116486        20
  134520    116516        34
  134661    116647        20
  134782    116777        28
  134848    116843        33
  134917    116912        22
  134940    116935        51
  134995    116990        42
  135240    117197        46
  135341    117291        22
  135445    117378        21
  135554    117478        25
  135586    117510        26
  135651    117574        50
  135702    117625        27
  135730    117653        36
  135961    117913       146
  136108    118060        25
  136184    118136        20
  136228    118180        36
  136268    118220        24
  136312    118264        97
  136411    118365        69
  136481    118435        28
  136526    118486       323
  136850    118810       328
  137186    119145        44
  137250    119209        70
  137322    119281       146
  137469    119428       249
  137719    119679        32
  137752    119712        29
  137819    119779        26
  137850    119810        36
  137887    119847       201
  138104    120064       193
  138298    120258        82
  138397    120357       383
  138790    120746        51
  138842    120798        43
  138886    120842        63
  138950    120906        39
  139007    120963        20
  139029    120986       119
  139149    121106        20
  139170    121127        51
  139249    121206        30
  139280    121237        35
  139316    121273        37
  139394    121372        25
  139464    121442        26
  139491    121469        39
  139531    121509        21
  139574    121552        93
  139697    121673        27
  139765    121734        29
  139795    121764        45
  139852    121821        29
  139925    121901        36
  139962    121938        24
  140007    121993        71
  140109    122094        20
  140130    122115        25
  140156    122141        32
  140189    122174        72
  140262    122247       104
  140398    122383        26
  140431    122411        84
  140516    122496        78
  140627    122607        25
  140648    122632        35
  140683    122663       129
  140813    122793        26
  140850    122828        29
  140880    122858        28
  140909    122887        27
  140937    122915        54
  141002    122980        29
  141037    123015        28
  141066    123044        21
  141097    123075        29
  141127    123105        58
  141193    123171        29
  141223    123201        28
  141253    123231        44
  141313    123292        51
  141365    123344       107
  141497    123477        24
  141531    123511        22
  141577    123556        65
  141718    123699       140
  141859    123840       160
  142038    124019       124
  142170    124151       107
  142278    124259       195
  142474    124455        64
  142539    124520       228
  142768    124749       275
  143044    125025       223
  143268    125249        25
  143294    125275        22
  143333    125313        20
  143354    125334        31
  143394    125374        24
  143483    125463        49
  143533    125513        22
  143563    125543        25
  143967    125737        37
  144067    125832        26
  144101    125866        20
  144115    125893        41
  144171    125949        23
  144208    125986        22
  144395    126158        22
  144457    126223        42
  144536    126302        58
  144621    126387        26
  144648    126414        34
  144695    126461        42
  144752    126512        23
  144837    126587        30
  144868    126625        21
  144903    126651        32
  144980    126692        21
  145047    126762        29
  145109    126817        33
  145182    126884        23
  145206    126908        31
  145342    127043       164
  145507    127208        30
  145539    127240        42
  145582    127283       110
  145697    127398        97
  145795    127496        23
  145835    127536        31
  145867    127568        31
  145899    127600        59
  145959    127654        78
  146038    127733        23
  146062    127757        31
  146116    127811        39
  146166    127857        39
  146222    127913        20
  146273    127969        25
  146307    128003       113
  146421    128117        27
  146454    128150        62
  146517    128213        57
  146592    128288        20
  146613    128309        88
  146702    128398        27
  146730    128426        23
  146790    128458        22
  146813    128481        30
  146866    128534        49
  147056    128701        38
  147095    128740        27
  147123    128768        36
  147160    128805        86
  147247    128892        76
  147388    129033        56
  147470    129099       106
  147590    129219        80
  147685    129314        62
  147776    129405        27
  147804    129433        20
  147825    129454        34
  147860    129489        38
  147899    129528        26
  147926    129555        22
  147967    129596        22
  148007    129636        33
  148055    129684        87
  148154    129787        25
  148202    129835        21
  148224    129857        72
  148293    129923        59
  148358    129982        49
  148408    130032        40
  148458    130091        81
  148540    130173        27
  148608    130235        67
  148683    130310       102
  148796    130423        62
  148869    130485        58
  148928    130544        22
  148976    130594        27
  149004    130622        25
  149102    130711        32
  149138    130747        23
  149165    130774        59
  149254    130846        35
  149291    130883        28
  149353    130932        40
  149413     90681        22
  149428    130999        20
  149506    131069        39
  149546    131109        37
  149631    131196        21
  149791    131329        42
  149852    131390        98
  149967    131534        20
  150005    131572        20
  150069    131634        37
  150116    131673        26
  150183    131730        26
  150210    131757        25
  150288    131835        37
  150326    131873        28
  150681    131933        26
  150708    131960        33
  150761    132013        20
  150815    132067        27
  150921    132173        20
  150942    132194        30
  150994    132246        23
  151039    132291        40
  151085    132337        27
  151113    132365        38
  151154    132406        41
  151205    132457        22
  151232    132484        25
  151269    132521        21
  151301    132553        84
  151391    132643        38
  151477    132729        52
  151530    132782        23
  151569    132821        52
  151644    132896        20
  151741    132993        40
  151782    133034        33
  151816    133068        22
  151862    133114       150
  152013    133265        20
  152034    133286        89
  152124    133376        35
  152160    133412        49
  152259    133511        35
  152295    133547        53
  152349    133601        22
  152372    133624        51
  152462    133705        39
  152502    133745        74
  152581    133824        47
  152700    133943        26
  152740    133980        25
  152766    134006        28
  152820    134060        29
  152881    134121        21
  152931    134171        35
  152992    134232        21
  153014    134254        41
  153056    134296        65
  153123    134363        40
  153168    134408        25
  153194    134434        57
  153261    134501        59
  153321    134561        22
  153391    134631        24
  153476    134701        26
  153503    134728        43
  153561    134786        25
  153622    134847        26
  153654    134879        23
  153692    134917        45
  153768    134993        72
  153906    135131        53
  153960    135185        28
  153996    135221        20
  154029    135254        77
  154107    135332       106
  154239    135458        26
  154266    135485        26
  154298    135517        55
  154385    135604        25
  154447    135660        30
  154524    135737        53
  154630    135843        65
  154696    135909        57
  154759    135972        24
  154825    136032        31
  154871    136072        31
  154903    136104        25
  154956    136157        67
  155027    136228        22
  155068    136269        28
  155150    136351        67
  155250    136451        66
  155333    136534        21
  155369    136570        40
  155410    136611        22
  155470    136677        56
  155584    136791        79
  155677    136884        26
  155732    136939        44
  155790    136988        24
  155833    137031        35
  155869    137067        38
  155916    137114        29
  155967    137165        22
  155990    137188        35
  156060    137258        32
  156093    137291        33
  156141    137339        31
  156195    137393        59
  156276    137474        53
  156338    137536        24
  156413    137620        49
  156483    137690        41
  156536    137743        22
  156560    137767        39
  156600    137807        38
  156639    137852        47
  156704    137917        22
  156727    137940        28
  156765    137978        48
  156841    138054        34
  156878    138091        52
  157032    138245        21
  157055    138268        34
  157090    138303        29
  157156    138363        71
  157331    138538        26
  157359    138566        44
  157444    138651        35
  157496    138703        47
  157589    138796        36
  157655    138862        66
  157763    138986        52
  157818    139041        93
  157955    139178        22
  157978    139201        21
  158041    139266        41
  158083    139308        54
  158138    139363        21
  158170    139401        39
  158232    139463        30
  158263    139494        73
  158369    139594        52
  158457    139682        22
  158485    139710        35
  158521    139746        67
  158606    139831        29
  158636    139861       216
  158855    140080       134
  159025    140249        20
  159046    140270        36
  159088    140312        45
  159144    140368        45
  159190    140414        20
  159211    140435        33
  159319    140545        22
  159342    140568        72
  159415    140641        79
  159495    140721        27
  159523    140749        20
  159544    140770        50
  159595    140821        31
  159676    140902        23
  159700    140926        69
  159770    140996        61
