> gi|658157530|gb|KJ657732.1|
       2         1        29
      32        31        23
      56        55        23
     439       436        41
     556       553        26
     706       703        32
     739       736        35
     796       793        31
     862       859        26
     889       886        38
     928       925        20
     991       988        44
    1036      1033        80
    1174      1171        44
    1222      1219        22
    1264      1261        41
    1336      1333        47
    1390      1387        33
    1424      1421        35
    1457      1457        21
    1479      1479        22
    1537      1526        34
    1738      1683        36
    1822      1768        20
    2640      2603        20
    3046      3021        25
    3434      3409        30
    3621      3581        21
    3780      3725        21
    4193      4110        24
    4275      4192        47
    4694      4637        33
    5806      5396        24
    5959      5527        54
    6045      5619        31
    7428      5690        75
    7648      5925        25
    7673      5951        22
    8418      6567        21
    8446      6595        86
    8690      6791        24
    8715      6816        26
    8742      6843        35
    9559      7445        41
    9872      7769        31
   10243      8074        58
   10317      8148        61
   10630      8365        80
   11213      8739        20
   11246      8772        23
   11290      8816        21
   11312      8838        32
   11348      8874        20
   11381      8907        23
   11425      8951        36
   11465      8991        32
   11573      9099        23
   11617      9143        25
   11723      9249        35
   11948      9474        68
   12032      9558        44
   12098      9624        41
   12164      9690        26
   12230      9756        26
   12257      9783        44
   12332      9858        47
   12413      9939        25
   12521     10047        26
   12671     10203        21
   12693     10225        34
   12743     10275        27
   12800     10332        23
   12878     10410        20
   12970     10502        26
   13076     10608        59
   13772     11304        29
   13802     11334        23
   13912     11444        25
   14716     12057        23
   15907     13135        50
   15982     13210        23
   16030     13258        20
   16051     13279        35
   16087     13315        26
   16186     13414        29
   16300     13528        26
   16327     13555        20
   16381     13609        23
   16447     13675        25
   16513     13741        43
   16643     13868        21
   16804     14025        22
   16858     14079        34
   16939     14160        43
   17050     14271        35
   17177     14398        22
   17200     14421        20
   17230     14451        20
   17347     14568        33
   17386     14607        20
   17454     14675        21
   17998     15190        20
   18037     15229        35
   18169     15361        26
   18286     15478        47
   18334     15526        23
   18478     15670        35
   18514     15706        35
   18708     15900        21
   18786     15960        23
   18884     16058        22
   19428     16608        33
   19498     16678        25
   19642     16822        24
   19754     16934        25
   19798     16978        20
   19989     17175        21
   20618     17744        22
   20774     17900        40
   20911     18037        28
   20962     18088        38
   21034     18160        27
   21067     18193        31
   21289     18415        35
   21325     18451        20
   21379     18505        38
   21427     18553        47
   21484     18610        20
   21514     18640        20
   21587     18713        32
   21634     18760        23
   21697     18823        23
   21739     18865        23
   21763     18889        20
   21839     18965        24
   22345     19463        23
   22381     19499        47
   22552     19664        35
   22612     19724        23
   22666     19778        29
   22765     19877        32
   22879     19991        20
   22969     20081        22
   23040     20152        39
   23137     20249        23
   23212     20324        92
   23377     20489        22
   23431     20543        22
   23545     20657        25
   23578     20690        51
   23677     20789        20
   23709     20821        37
   23781     20894        24
   23862     20984        20
   23988     21110        30
   24400     21533        25
   24449     21582        31
   24517     21650        20
   24570     21703        21
   24619     21752        23
   24672     21805        25
   24709     21842        20
   24730     21863        23
   24754     21887        46
   24823     21956        28
   24852     21985        31
   24936     22069        38
   24987     22120        23
   25011     22144        23
   25065     22198        20
   25122     22255        20
   25200     22333        20
   25260     22393        29
   25341     22474        26
   25368     22501        23
   25527     22660        32
   25578     22711        40
   25686     22819        21
   25944     23077        20
   26037     23170        31
   26130     23263        25
   26187     23320        20
   26274     23407        41
   26376     23509        22
   26427     23560        26
   26484     23617        32
   26532     23665        20
   26594     23727        21
   26618     23751        21
   26939     24072        39
   27006     24139        23
   27131     24264        23
   27180     24313        23
   27204     24337        41
   27273     24406        29
   27339     24472        28
   27393     24526        20
   27414     24547        23
   27438     24571        63
   27544     24677        67
   27612     24745        37
   27667     24800        28
   27708     24841        20
   27761     24894        21
   27846     24979        22
   27996     25129        20
   29411     26554        49
   30354     27454        55
   31476     28734        20
   31544     28805        24
   31626     28886        27
   31682     28942        20
   32363     29363        53
   32417     29417        23
   32878     29549        86
   32998     29669        21
   33017     29690        32
   33050     29723        45
   33158     29818        20
   34003     30294        69
   35329     31422        21
   35459     31531        55
   35530     31602        21
   35588     31660        23
   35618     31690        44
   35723     31795        20
   35756     31828        20
   35844     31916        25
   35882     31954        29
   35923     31995        48
   35990     32062        29
   36035     32107        26
   36062     32134        35
   36125     32197        38
   36164     32236        65
   36230     32302        35
   36266     32338        27
   36311     32383        29
   36350     32422        20
   36416     32488        41
   36458     32530        62
   36521     32593        36
   36561     32633        38
   36657     32729        53
   36732     32804        27
   36760     32832        28
   36861     32933        23
   36903     32975        20
   36927     32999        41
   36969     33041        23
   36994     33066        28
   37041     33113        20
   37212     33284        20
   37350     33422        35
   37404     33476        20
   37485     33557        20
   37521     33593        23
   37578     33650        45
   37656     33728        23
   37680     33752        23
   37722     33794        29
   37767     33839        23
   37827     33899        29
   37857     33929        38
   38147     34246        31
   38188     34287        24
   38602     34628        24
   38659     34685        20
   39659     35031        26
   39696     35068        27
   39921     35344        47
   40060     35482        20
   40145     35562        21
   40218     35635        29
   40443     35860        28
   40487     35904        21
   40621     36041        23
   40744     36164        29
   40807     36227        23
   40846     36266        23
   40870     36290        23
   40960     36380        29
   40990     36410        26
   41038     36458        26
   41107     36527        41
   41155     36575        25
   41181     36601        24
   41272     36692        32
   41353     36773        32
   41446     36866        29
   41521     36941        53
   41575     36995        29
   41683     37103        20
   41716     37136        23
   41769     37189        23
   41899     37319        38
   41973     37393        24
   42079     37499        32
   42166     37586        23
   42235     37655        20
   42262     37682        25
   42288     37708        36
   42335     37755        28
   42391     37811        26
   42460     37880        38
   42499     37919        23
   42556     37976        35
   42604     38024        20
   42628     38048        59
   42703     38123        44
   42748     38168        27
   42785     38205        53
   42839     38259        53
   42917     38337        77
   42998     38418        41
   43040     38460        32
   43094     38514        35
   43205     38625        35
   43247     38667        32
   43280     38700        20
   43361     38781        23
   43430     38850        29
   43475     38895        20
   43520     38940        23
   43595     39015        26
   43667     39087        53
   43742     39162        29
   43874     39294        26
   43949     39369        92
   44063     39483        23
   44123     39543        20
   44152     39572        30
   44201     39621        26
   44228     39648        29
   44303     39723        23
   44329     39749        27
   44372     39792        43
   44447     39867        47
   44531     39951        23
   44615     40035        65
   44708     40128        23
   44750     40170        35
   44834     40254        42
   44885     40305        56
   44945     40365        23
   44969     40389        20
   44990     40410        38
   45029     40449        64
   45175     40610        23
   45224     40659        29
   45643     41090        21
   45787     41333        20
   45827     41373        55
   45955     41501        25
   46185     41719        24
   46516     42081        29
   46550     42116        24
   46629     42179        47
   46677     42227        26
   46725     42275        26
   46812     42362        71
   47036     42586        24
   47177     42729        30
   47464     43013        24
   47654     43187       102
   47775     43308        22
   48605     43814        83
   49024     44278        23
   49061     44315        35
   49182     44436        28
   49211     44465        24
   49241     44495        39
   49282     44536        24
   49316     44570        38
   49456     44710        27
   49484     44738        20
   49553     44807        26
   49583     44837        25
   49781     45170        81
   51098     45929        75
   51177     46008        29
   51210     46043        22
   51289     46106        21
   51314     46131        23
   51569     46267        23
   51637     46335        25
   51663     46361        37
   51860     46684        84
   52725     47398        34
   52896     47569        27
   52933     47606        44
   53011     47684        54
   53066     47739        31
   53282     47979        20
   53350     48053        25
   53389     48092        24
   53461     48164        36
   53537     48240        23
   53576     48279        20
   53600     48303        50
   53675     48378        20
   53719     48422        24
   53744     48447        20
   53783     48486        20
   53822     48525        20
   53843     48546        21
   53976     48679        28
   54025     48728        48
   54097     48800        24
   54128     48831        20
   54170     48873        29
   54295     48998        24
   54881     49544        31
   54966     49626        34
   55116     49797        20
   55145     49826        20
   55482     50143        31
   55570     50231        21
   55708     50395        20
   55729     50416        25
   55756     50443        47
   56076     50732        22
   56178     50834        20
   56234     50890        30
   56300     50956        42
   56400     51056        49
   56513     51169        20
   56534     51190        28
   56579     51235        32
   56621     51277        32
   56654     51310        20
   56720     51376        65
   56903     51559        26
   56957     51613        38
   57028     51684        21
   57101     51757        23
   57167     51823        32
   57293     51949        26
   57320     51976        29
   57440     52096        20
   57473     52129        83
   57592     52248        33
   57647     52303        20
   57698     52354        78
   57787     52443        21
   57842     52498        20
   58406     52936        27
   58536     53053        31
   58676     53201        25
   58702     53227        22
   58733     53258        58
   58831     53356        32
   58912     53437        41
   59098     53623        26
   59194     53719        32
   59242     53767        41
   59290     53815        26
   59359     53884        23
   59443     53968        50
   59539     54064        20
   59560     54085        29
   59617     54142        32
   59686     54211        26
   59725     54250        32
   59782     54307        23
   59812     54337        45
   59875     54400        23
   59899     54424        20
   59944     54469        26
   60055     54580        47
   60202     54734        21
   60231     54767        20
   60461     54961        29
   60505     55051        22
   61584     55993        37
   61622     56031        25
   61680     56089        33
   61743     56152        26
   61782     56191        32
   61815     56224        26
   61923     56332        29
   62052     56461        29
   62083     56492        22
   62121     56530        35
   62235     56644        23
   63134     57081        24
   63199     57143        39
   63682     57613        29
   63722     57653        47
   63886     57817        38
   63946     57877        20
   63977     57908        22
   64000     57931        20
   64184     58115        22
   65278     58724        26
   65407     58853        22
   65616     59062        29
   65765     59211        23
   65904     59350        25
   66273     59789        26
   66315     59831        26
   66342     59858        20
   66375     59891        41
   66453     59969        32
   66525     60041        24
   66550     60066        22
   66573     60089        21
   66666     60182        26
   66714     60230        23
   66801     60317        20
   66927     60440        23
   67017     60530        23
   67065     60578        27
   68163     61522        72
   68376     61721        54
   68431     61776        44
   68510     61856        38
   68640     61986        26
   68684     62030        32
   68747     62093        26
   68777     62123        47
   68843     62189        26
   68873     62219        24
   68899     62245        24
   68928     62272        25
   68954     62298        24
   69024     62368        28
   69060     62404        20
   70166     63398        23
   70451     63696        49
   70504     63749        20
   70672     63924        50
   70723     63975        30
   70934     64137        32
   70951     35340        21
   70967     64170        35
   71484     64692        20
   71956     65187        31
   72055     65286        25
   72469     65729        26
   72565     65825        35
   73010     66223        31
   73042     66255        20
   73238     66451        41
   73295     66508        23
   73385     66598        20
   74132     67380        26
   74159     67407        36
   74226     67470        25
   74364     67599        23
   74395     67630        23
   74431     67666        22
   74479     67714        25
   74835     68081        24
   74889     68152        21
   75204     68483        43
   75254     68532        26
   75318     68596        24
   75371     68649        20
   75427     68705        21
   75473     68751        32
   75550     68827        21
   75768     68990        27
   75855     69066        21
   75903     69111        21
   76370     69519        27
   76434     69583        26
   76864     70079        29
   76945     70160        20
   76981     70196        23
   77014     70229        23
   77038     70253        56
   77122     70337        20
   77188     70403        33
   77242     70457        26
   77278     70493        47
   77350     70565        44
   77422     70637        21
   77444     70659        40
   77590     70805        53
   78025     71240        23
   78049     71264        20
   78100     71315        32
   78172     71387        62
   78256     71471        27
   78284     71499        28
   78334     71549        43
   78517     71819        20
   78562     71864        20
   78583     71885        21
   78754     72051        25
   78790     72087        21
   78859     72162        35
   79267     72549        25
   79638     72865        24
   80044     73250        28
   80085     73291        47
   80160     73366        32
   80202     73408        26
   80232     73438        47
   80280     73486        27
   80308     73514        34
   80391     73597        29
   80445     73651        32
   80493     73699        20
   80559     73765        23
   80583     73789        38
   80855     74093        20
   80876     74114        22
   80970     74204        21
   81580     74811        43
   81645     74876        68
   81761     74992        26
   81806     75037        47
   81908     75139        26
   81957     75188        25
   82001     75232        53
   82076     75307        20
   82097     75328        46
   82178     75403        26
   82398     75601        22
   82521     75724        26
   82704     75907        23
   82743     75946        29
   82781     75984        33
   82838     76041        28
   83088     76291        38
   83172     76375        23
   83297     76500        24
   83378     76576        26
   83456     76662        26
   83534     76740        20
   83555     76761        35
   83600     76806        35
   83741     76947        20
   83875     77081        22
   84267     77438        24
   84598     77543        33
   84645     77590        20
   84681     77626        27
   84944     77889        20
   85268     78176        22
   85342     78250        34
   85417     78325        26
   85492     78400        23
   85693     78596        29
   85767     78670        29
   85798     78701        20
   85819     78722        29
   85885     78788        23
   85981     78884        21
   86099     79002        23
   86409     79091        20
   87288     79941        25
   87421     80074        20
   87859     80512        24
   88656     81313        22
   88745     81413        43
   88789     81457        49
   88839     81507        30
   88888     81556        20
   88909     81577        34
   88945     81613        20
   88996     81664        47
   89044     81712        84
   89129     81797        31
   89161     81829        79
   89241     81909        25
   89269     81934        29
   89374     82033        52
   89427     82086        47
   89547     82196        51
   89635     82294        24
   89678     82337        35
   89714     82373        39
   89754     82413       218
   89973     82632        29
   90003     82662       120
   90124     82783        27
   90166     82825        20
   90187     82846        56
   90257     82910        88
   90346     82999        20
   90377     83030        21
   90399     83052        25
   90425     83078        32
   90471     83124        57
   90547     83200        20
   90609     83258        38
   90654     83303        23
   90695     83344       112
   90808     83457        37
   90846     83495        20
   90877     83526        20
   90917     83566        59
   90977     83626        28
   91037     83686        67
   91134     83789        34
   91193     83848        38
   91253     83908        71
   91335     83990        34
   91385     84040        23
   91409     84064        27
   91445     84100        38
   91507     84162        34
   91554     84209        22
   91682     84337        50
   91747     84402        20
   91770     84425        25
   91797     84452        84
   91890     84545        25
   91916     84571        23
   91946     84601        32
   91980     84635        28
   92009     84664        39
   92049     84704        34
   92084     84739        23
   92128     84774        28
   92170     84816        25
   92243     84898        27
   92279     84934        23
   92369     85024        28
   92436     85091        23
   92477     85132        75
   92592     85247        26
   92651     85306        88
   92761     85416        21
   92809     85464        67
   92877     85532        22
   92900     85555        60
   92964     85619        33
   93004     85659        20
   93025     85680        30
   93056     85711        48
   93105     85760        49
   93177     85832        22
   93214     85869        25
   93254     85909        21
   93291     85946        26
   93318     85973        25
   93399     86045        37
   93437     86083        21
   93512     86137        21
   93585     86210        28
   93617     86242        26
   93653     86278        23
   93681     86306        37
   93752     86377        20
   93773     86398        31
   93815     86440        34
   93850     86475        29
   93887     86512        23
   93911     86536        51
   93994     86619        26
   94047     86672        22
   94123     86748        45
   94169     86794        28
   94198     86823        25
   94264     86889        36
   94343     86968        36
   94380     87005        42
   94440     87065        52
   94505     87130        34
   94547     87172        44
   94592     87217        25
   94619     87244        21
   94641     87266        49
   94742     87367        32
   94775     87400        40
   94825     87450        27
   94865     87490        51
   94923     87548        23
   94960     87585        38
   95021     87646        26
   95062     87687        22
   95085     87710        20
   95124     87749        20
   95297     87907        31
   95359     87969        50
   95415     88025        21
   95441     88051        20
   95487     88097        99
   95587     88197        29
   95633     88243        27
   95706     88316        35
   95750     88360        34
   95785     88395        31
   95817     88427        25
   95843     88453        45
   95942     88582        29
   95980     88620        29
   96010     88650        21
   96032     88672        29
   96062     88702        25
   96101     88741        45
   96147     88787        29
   96195     88835        54
   96269     88909        44
   96314     88954        35
   96365     89005        31
   96422     89062        26
   96485     89125        89
   96575     89215       118
   96713     89353        33
   96747     89387        29
   96793     89433        24
   96827     89467        47
   96901     89541        37
   96987     89627        25
   97013     89653        20
   97055     89695        22
   97079     89719        46
   97126     89766        31
   97159     89799        35
   97195     89835        22
   97223     89863        22
   97285     89925        22
   97308     89948        58
   97381     90021        24
   97422     90062        32
   97476     90116        47
   97529     90169        20
   97588     90228        24
   97636     90276        48
   97860     90495        29
   97909     90544        30
   98283     90623        30
   98361     90691        47
   98623     90743        20
   98657     90846        94
   98752     90941        40
   98793     90982        28
   98823     91004        34
   98869     91050        32
   98931     91096        24
   98956     91121        22
   98986     91151        27
   99026     91191        36
   99066     91231        22
   99107     91272        23
   99131     91296        26
   99160     91325        21
   99182    138855        33
   99263     91415        54
   99336     91499        59
   99396     91559        74
   99471     91634        40
   99512     91675        23
   99624     91787       101
   99726     91889        86
   99823     91986       106
   99930     92093        50
   99981     92144       169
  100151     92314        75
  100238     92401        59
  100313     92471        37
  100348     92511        36
  100385     92548       137
  100523     92686        37
  100576     92739        25
  100619     92782        24
  100665     92828        43
  100710     92873        22
  100732     92896        72
  100805     92969        37
  100853     93017        28
  100882     93046        38
  100921     93085        30
  100952     93116        58
  101026     93190        68
  101095     93259        35
  101179     93343        98
  101285     93449        27
  101313     93477        55
  101386     93550        62
  101449     93613        64
  101514     93678        38
  101595     93766        21
  101693     93854        22
  101716     93877        21
  101855     93977        23
  101879     94001        71
  101951     94073        29
  101981     94103        35
  102018     94140        73
  102115     94237        39
  102155     94277        40
  102196     94318       102
  102319     94441        20
  102348     94470        38
  102387     94509        55
  102440     94558        28
  102469     94587        23
  102517     94635        29
  102567     94683        59
  102627     94743        22
  102649     94760        59
  102709     94820        79
  102789     94900        32
  102822     94933        88
  102915     95026       113
  103029     95140        54
  103101     95212        77
  103179     95290        30
  103210     95321        58
  103337     95453        23
  103365     95481        40
  103673     95680        30
  103853     95840        36
  103926     95912        33
  103960     95946        31
  104012     95998        45
  104107     96096        20
  104156     96139        32
  104241     96235        27
  104396     96385        26
  104450     96439        37
  104475     96476        27
  104506     96507        22
  104602     96562        28
  105018     96612        25
  105054     96656        49
  105104     96706        28
  105178     96780        74
  105313     96927       272
  105586     97200       182
  105769     97383        25
  105795     97409       272
  106068     97682       243
  106329     97943       107
  106437     98051       123
  106587     98201        95
  106683     98297        78
  106768     98381       120
  106982     98595        49
  107085     98698        24
  107134     98747       107
  107242     98855        51
  107308     98922        27
  107336     98950        47
  107386     99000        30
  107424     99037        59
  107484     99097        56
  107541     99154        28
  107579     99192        24
  107640     99258        29
  107670     99288        27
  107698     99316        32
  107739     99357        20
  107777     99393        22
  107825     99420        78
  107923     99513        56
  108012     99602        38
  108051     99641        43
  108093     99682        82
  108209     99799        29
  108234     99823        74
  108317     99906       101
  108419    100008        31
  108451    100040        46
  108528    100120        88
  108620    100217        24
  108645    100242        58
  108721    100318        30
  108766    100363        45
  108819    100420        21
  108857    100448        50
  108908    100499        25
  108939    100539        66
  109000    100599        20
  109054    100653        21
  109076    100675        51
  109128    100727        33
  109187    100786        25
  109247    100859        79
  109327    100939        32
  109360    100972        24
  109385    100997       172
  109603    101216        24
  109628    101241        92
  109721    101334        93
  109826    101436       201
  110028    101638       135
  110164    101774        45
  110217    101834       244
  110462    102079        35
  110518    102135       178
  110697    102314        59
  110781    102398        26
  110808    102425        72
  110896    102513       388
  111286    102903        70
  111357    102974        62
  111420    103037       660
  112091    103708       104
  112196    103813        98
  112314    103931        24
  112343    103991        31
  112391    104034        29
  112472    104122        65
  112538    104188        97
  112731    104374        33
  112802    104476        23
  112839    104512        24
  112876    104549        78
  113023    104689        35
  113311    104952        54
  113448    105079        22
  113495    105111        25
  113568    105182        42
  113614    105228        72
  113734    105373        20
  114051    105699        36
  114088    105736        35
  114186    105825        48
  114235    105874        42
  114278    105917        36
  114374    106013        36
  114411    106050        23
  114435    106074        46
  114482    106121        37
  114520    106159        22
  114547    106186        20
  114585    106224        22
  114627    106266        22
  114828    106476        26
  115507    106818        21
  116065    107355        20
  116086    107376        20
  116116    107406        26
  116175    107465        36
  116302    107592        20
  116458    107748        26
  116518    107808        35
  116770    108060        21
  116875    108165        29
  117001    108291        32
  117234    108524        21
  117400    108690        23
  118372    109158        22
  118548    109324        20
  119187    110148        56
  119370    110316        20
  119501    110450        27
  119560    110509        20
  119805    110754        25
  120051    111015        44
  120108    111072        20
  120165    111129        24
  120225    111189        41
  120764    111617        20
  120909    111762        24
  121350    112203        27
  121390    112243        23
  121426    112279        20
  121645    112498        20
  121693    112546        68
  121762    112615        29
  121827    112680        21
  121867    112720        26
  122218    113048        20
  122305    113141        32
  122344    113180        23
  122392    113228        20
  122440    113276        20
  122476    113312        53
  122885    113735        26
  122990    113840        41
  123057    113907        34
  123367    114092        20
  123396    114121        22
  123419    114144        32
  123608    114333        34
  124227    115026        44
  124296    115095        25
  124377    115176        59
  124633    115431        21
  125050    115830        20
  125209    115989        36
  126324    116915        24
  126382    116973        26
  126409    117000        26
  126498    117089        29
  126682    117273        26
  126709    117300        21
  126844    117444        20
  126865    117465        24
  126911    117511        32
  126944    117544        20
  127106    117706        23
  127292    117892        30
  127323    117923        42
  127366    117966        26
  127544    118144        37
  127592    118192        20
  127658    118258        20
  127742    118342        26
  127790    118390        23
  127948    118548        39
  128259    118879        24
  129469    119751        31
  131698    121854        26
  132275    122437        22
  133581    123731        26
  133786    123945        22
  133828    123987        22
  133868    124027        20
  133893    124052        22
  133916    124075        37
  133954    124113        46
  134001    124160        23
  134025    124184        36
  134121    124280        36
  134158    124317        42
  134201    124360        48
  134312    124462        35
  134348    124498        36
  134681    124840        20
  134749    124933        72
  134825    125009        42
  134915    125097        25
  134965    125132        22
  135070    125227        54
  135377    125509        35
  135481    125606        78
  135572    125697        24
  135610    125734        23
  135671    125826        33
  135800    125948        97
  135898    126046        65
  136015    126170        29
  136061    126211        31
  136097    126278        24
  136141    126322        98
  136240    126421       104
  136355    126536       660
  137016    127197        62
  137079    127260        70
  137151    127332       388
  137555    127736        72
  137628    127809        26
  137679    127860        59
  137739    127920       178
  137938    128119        35
  137974    128155       244
  138226    128414        45
  138272    128460       135
  138408    128596       201
  138621    128806        93
  138715    128900        92
  138808    128993        24
  138878    129064       172
  139051    129237        24
  139076    129262        32
  139109    129295        79
  139223    129422        25
  139274    129473        33
  139308    129507        51
  139360    129559        21
  139415    129614        20
  139430    129628        66
  139502    129709        25
  139528    129735        50
  139595    129792        21
  139624    129825        45
  139684    129885        30
  139732    129933        58
  139791    129992        24
  139819    130025        88
  139938    130147        46
  139985    130194        31
  140017    130226       101
  140127    130336        74
  140197    130405        29
  140260    130469        82
  140341    130549        43
  140385    130593        38
  140456    130664        56
  140532    130735        78
  140636    130818        22
  140676    130856        20
  140705    130885        32
  140738    130918        27
  140766    130946        29
  140832    131017        24
  140866    131051        28
  140895    131080        56
  140952    131137        59
  141019    131203        30
  141052    131236        47
  141100    131284        27
  141142    131327        51
  141194    131379       107
  141326    131511        24
  141404    131589        49
  141547    131732       120
  141674    131858        78
  141753    131937        95
  141875    132059       123
  141999    132183       107
  142124    132308       243
  142368    132552       272
  142641    132825        25
  142667    132851       182
  142850    133034       272
  143183    133379        74
  143303    133499        28
  143332    133528        49
  143392    133596        25
  143805    133643        28
  143907    133704        22
  143933    133730        27
  143948    133757        37
  144013    133822        26
  144167    133971        27
  144247    134062        32
  144308    134117        20
  144378    134190        45
  144444    134256        31
  144476    134288        33
  144546    134357        36
  144732    134523        30
  145030    134712        40
  145075    134757        23
  145167    134854        58
  145226    134913        30
  145257    134944        77
  145352    135039        54
  145407    135094       113
  145525    135212        88
  145614    135301        32
  145647    135334        79
  145727    135414        59
  145786    135468        22
  145809    135491        59
  145889    135569        29
  145943    135623        23
  145967    135647        28
  145993    135669        55
  146049    135725        38
  146096    135772        20
  146137    135813       102
  146240    135916        40
  146281    135957        39
  146344    136020        73
  146419    136095        35
  146455    136131        29
  146485    136161        71
  146557    136233        23
  146698    136335        21
  146720    136357        22
  146819    136446        21
  146883    136517        38
  146922    136556        64
  146987    136621        62
  147067    136701        55
  147123    136757        27
  147158    136792        98
  147305    136939        35
  147341    136975        68
  147425    137059        58
  147484    137118        30
  147515    137149        38
  147554    137188        28
  147593    137227        37
  147631    137265        72
  147703    137338        22
  147727    137362        43
  147792    137427        24
  147834    137469        25
  147875    137510        37
  147913    137548       137
  148051    137686        36
  148085    137725        37
  148138    137773        59
  148209    137844        75
  148285    137920       169
  148455    138090        50
  148506    138141       106
  148623    138258        86
  148710    138345       101
  148900    138535        23
  148924    138559        40
  148965    138600        74
  149040    138675        59
  149118    138764        54
  149220     91345        33
  149254    138887        21
  149278    138911        26
  149305    138938        23
  149347    138980        22
  149373    139006        36
  149422    139055        27
  149457    139090        22
  149480    139113        24
  149534    139151        32
  149578    139195        34
  149614    139223        28
  149643    139252        40
  149684    139293        94
  149792    139470        20
  150027    139495        47
  150122    139580        30
  150496    139659        30
  150546    139709        29
  150751    139909        48
  150823    139981        24
  150886    140044        20
  150912    140070        47
  150981    140139        32
  151030    140188        24
  151069    140227        58
  151128    140286        22
  151190    140348        22
  151218    140376        22
  151241    140399        35
  151278    140436        31
  151310    140468        46
  151358    140516        22
  151402    140560        20
  151423    140581        25
  151497    140655        37
  151561    140719        47
  151618    140776        24
  151659    140817        29
  151689    140847        33
  151742    140900       118
  151861    141019        89
  151987    141145        26
  152039    141197        31
  152086    141244        35
  152122    141280        44
  152186    141344        54
  152259    141417        29
  152289    141447        45
  152348    141506        25
  152374    141532        29
  152404    141562        21
  152426    141584        29
  152464    141622        29
  152547    141735        45
  152593    141781        25
  152619    141807        31
  152651    141839        34
  152694    141882        35
  152775    141963        27
  152819    142007        29
  152849    142037        99
  152974    142162        20
  152999    142187        21
  153026    142214        50
  153107    142295        31
  153291    142464        20
  153330    142503        20
  153351    142524        22
  153388    142561        26
  153437    142610        38
  153489    142662        23
  153519    142692        51
  153583    142756        27
  153620    142793        40
  153661    142834        32
  153745    142918        49
  153795    142968        21
  153818    142991        25
  153844    143017        44
  153896    143069        34
  153943    143116        52
  154013    143186        42
  154056    143229        36
  154135    143308        36
  154212    143385        25
  154238    143411        28
  154267    143440        45
  154366    143539        22
  154415    143588        26
  154473    143646        51
  154525    143698        23
  154556    143729        29
  154586    143759        34
  154631    143804        31
  154663    143836        20
  154717    143890        37
  154759    143932        23
  154792    143965        26
  154822    143995        28
  154902    144075        21
  154977    144129        21
  154999    144151        37
  155092    144235        25
  155118    144261        26
  155160    144303        21
  155196    144339        25
  155236    144379        22
  155281    144424        49
  155331    144474        48
  155380    144523        30
  155411    144554        20
  155438    144581        33
  155475    144618        60
  155536    144679        22
  155559    144702        67
  155653    144796        21
  155696    144839        88
  155817    144960        26
  155883    145026        75
  155976    145119        23
  156038    145181        28
  156133    145276        23
  156165    145308        27
  156240    145392        25
  156279    145431        28
  156328    145471        23
  156352    145495        34
  156387    145530        39
  156427    145570        28
  156457    145600        32
  156496    145639        23
  156520    145663        25
  156554    145697        84
  156640    145783        25
  156668    145811        20
  156703    145846        50
  156859    146002        22
  156894    146037        34
  156952    146095        38
  156999    146142        27
  157027    146170        23
  157066    146209        34
  157111    146254        71
  157204    146347        38
  157267    146410        34
  157331    146480        67
  157430    146579        28
  157459    146608        59
  157538    146687        20
  157569    146718        20
  157590    146739        37
  157628    146777       112
  157758    146907        23
  157788    146937        38
  157868    147013        20
  157907    147052        57
  157978    147123        32
  158011    147156        25
  158037    147182        21
  158069    147214        20
  158090    147235        88
  158192    147331        56
  158249    147388        20
  158284    147423        27
  158312    147451       120
  158433    147572        29
  158463    147602       218
  158682    147821        39
  158722    147861        35
  158776    147915        24
  158837    147986        51
  158961    148100        47
  159009    148148        52
  159137    148270        29
  159169    148299        25
  159195    148325        79
  159275    148405        31
  159307    148437        84
  159392    148522        47
  159470    148600        20
  159492    148622        34
  159527    148657        20
  159566    148696        30
  159597    148727        49
  159647    148777        43
