> gi|363989834|gb|JN884817.1|
       1        34        28
      30        63        49
     442       453        38
     508       519        32
     567       578        30
     598       609        34
     633       644        66
     721       732        83
     805       816        26
     858       869        36
     895       906        32
     973       984       104
    1081      1092        44
    1129      1140        26
    1156      1167        23
    1180      1191        26
    1245      1256        39
    1303      1314        32
    1336      1347        62
    1405      1416        76
    1473      1491        27
    1530      1554        45
    1721      1732        54
    1799      1813        46
    2241      2242        22
    2334      2335        23
    2813      2805        24
    3009      3001        22
    3225      3217        29
    3334      3326        34
    3473      3465        20
    3590      3574        21
    3672      3659        20
    3775      3758        20
    4188      4167        43
    4259      4238        20
    4280      4259        42
    4942      5118        21
    5015      5191        41
    5129      5298        20
    5503      5651        43
    5954      6113        44
    5999      6158        26
    6039      6198        20
    7428      7148        75
    7628      7381        44
    7712      7475        24
    7839      7644        28
    7943      7748        20
    7992      7797        31
    8364      8040        22
    8402      8071        34
    8491      8160        35
    8678      8343        91
    9557      9040        41
    9717      9198        29
    9805      9281        21
    9869      9344        26
   10282      9714        33
   10316      9748        62
   10630     10032        76
   11192     10872        44
   11309     10989        35
   11345     11025        23
   11369     11049        26
   11423     11103        35
   11459     11139        38
   11498     11178        22
   11528     11208        62
   11618     11298        31
   11723     11403        38
   11780     11460        21
   11831     11511        20
   11873     11553        38
   11972     11652        26
   12026     11706        38
   12083     11763        35
   12134     11814        26
   12308     11988        71
   12386     12066        71
   12503     12183        20
   12524     12204        20
   12556     12236        20
   12689     12364        20
   12963     12638        20
   12992     12667        35
   13912     12828        26
   14557     13382        20
   14629     13454        23
   14653     13478        29
   14686     13511        20
   14707     13532        28
   15139     13726        20
   15907     14101        26
   15934     14128        38
   15973     14167        44
   16024     14218        26
   16057     14251        20
   16165     14359        32
   16258     14452        23
   16318     14512        29
   16360     14554        29
   16512     14706        39
   16636     14830        24
   16800     14996        20
   16821     15017        84
   16930     15126        35
   16966     15162        50
   17041     15237        20
   17065     15261        24
   17148     15344        51
   17230     15426        20
   17317     15513        53
   17422     15618        56
   17479     15675        26
   17590     15809        20
   17788     15953        20
   17828     15993        24
   17938     16103        20
   17998     16163        20
   18037     16202        29
   18073     16238        20
   18200     16365        22
   18303     16468        30
   18364     16529        29
   18430     16595        29
   18520     16685        39
   18856     17003        20
   18882     17029        24
   19106     17265        23
   19164     17323        21
   19356     17518        20
   19381     17543        28
   19460     17622        30
   19558     17720        20
   19756     17909        29
   19878     18031        21
   20054     18207        26
   20089     18242        29
   20521     18677        20
   20542     18698        20
   20608     18764        32
   20731     18887        22
   20767     18923        24
   20821     18977        22
   20914     19070        25
   20950     19106        20
   20992     19148        29
   21062     19218        24
   21101     19257        57
   21178     19334        20
   21223     19379        37
   21307     19463        20
   21349     19505        23
   21391     19547        26
   21445     19601        23
   21484     19640        44
   21571     19727        58
   21670     19826        26
   21736     19892        26
   21763     19919        29
   21799     19955        22
   21823     19979        41
   21925     20081        21
   22150     20306        21
   22268     20424        24
   22381     20537        38
   22509     20659        21
   22552     20702        29
   22582     20732        53
   22645     20795        20
   22666     20816        35
   22716     20866        25
   22768     20918        32
   22801     20951        23
   22924     21074        20
   22945     21095        20
   22966     21116        25
   23023     21173        38
   23092     21242        29
   23170     21320        20
   23215     21365        20
   23263     21413        41
   23358     21508        41
   23416     21566        28
   23545     21695        55
   23620     21770        20
   23677     21827        20
   23710     21860        23
   23734     21884        26
   23988     22149        26
   24042     22209        29
   24128     22295        43
   24239     22399        24
   24288     22452        24
   24478     22652        20
   24510     22684        36
   24580     22754        38
   24651     22825        42
   24709     22883        29
   24754     22928        35
   24790     22964        20
   24883     23057        23
   24910     23089        61
   24986     23165        29
   25056     23235        65
   25122     23301        20
   25155     23334        29
   25185     23364        59
   25257     23436        77
   25335     23514        41
   25377     23556        31
   25413     23592        23
   25476     23655        30
   25509     23688        47
   25575     23754        52
   25665     23844        20
   25805     23984        66
   25965     24144        38
   26036     24215        32
   26069     24248        25
   26156     24335        21
   26178     24357        23
   26280     24459        20
   26422     24601        34
   26496     24675        47
   26547     24726        26
   26616     24795        41
   26691     24870        24
   26733     24912        21
   26829     25002        38
   26913     25086        23
   26997     25170        35
   27033     25206        56
   27204     25377        41
   27246     25419        59
   27339     25512        23
   27369     25542        35
   27435     25608        56
   27555     25728        56
   27612     25785        37
   27650     25823        21
   27708     25881        23
   27759     25932        32
   27792     25965        31
   27846     26019        24
   27871     26044        34
   27906     26079        47
   27954     26127        24
   27996     26169        20
   28041     26214        23
   28074     26247        20
   28230     26409        24
   28418     26590        23
   29391     27500        75
   30278     28287        22
   30330     28338        23
   30374     28382        35
   30419     28427        26
   31258     29560        23
   31422     29711        35
   31476     29765        47
   31625     29927        27
   31676     29978        45
   32358     30817        58
   32417     30876        20
   32878     31373        90
   32998     31493        51
   33050     31545        25
   33076     31571        23
   33155     31663        24
   33998     32147        74
   35444     33546        30
   35475     33577        73
   35552     33654        26
   35588     33690        23
   35618     33720        50
   35693     33795        23
   35741     33843        59
   35834     33936        59
   35921     34023        41
   35963     34065        29
   35993     34095        26
   36029     34131        56
   36108     34210       106
   36230     34332       119
   36350     34452        29
   36392     34494        23
   36416     34518       189
   36666     34768        44
   36726     34828        33
   36760     34862        41
   36825     34927        23
   36861     34963        32
   36897     34999        26
   36927     35029        32
   36960     35062        38
   36999     35101        23
   37111     35213        22
   37158     35260        29
   37188     35290        38
   37227     35329        44
   37290     35392        25
   37440     35542        29
   37470     35572        20
   37578     35680        23
   37608     35710        26
   37665     35767        38
   37716     35818        53
   37770     35872        23
   37794     35896        23
   37821     35923        20
   37857     35959        29
   38031     36139        21
   38059     36167        23
   38143     36248        35
   38186     36291        26
   38216     36321        23
   38572     36742        32
   38606     36776        37
   38659     36829        20
   38690     36860        22
   38713     36883        70
   38789     36959        27
   39109     71020        20
   39659     37271        26
   39696     37308        29
   39903     37550        64
   39968     37615        23
   40060     37700        32
   40136     37784        33
   40170     37818        26
   40217     37865        57
   40302     37950        22
   40335     37983        61
   40458     38106        27
   40486     38134        27
   40690     38343        53
   40744     38397        29
   40792     38445        53
   40905     38558        42
   40948     38601        41
   40996     38649        20
   41017     38670        50
   41068     38721        35
   41128     38781        20
   41149     38802        65
   41215     38868        26
   41245     38898        34
   41370     39023        30
   41434     39087        41
   41503     39156        71
   41614     39267        20
   41635     39288        59
   41695     39348        26
   41758     39411        41
   41800     39453        20
   41874     39527        24
   41902     39555        22
   41926     39579        20
   41973     39626        21
   42034     39687        27
   42079     39732        29
   42169     39822        26
   42253     39906        23
   42277     39930        26
   42304     39957        20
   42325     39978        38
   42403     40056        39
   42484     40137        29
   42514     40167        23
   42541     40194        62
   42604     40257        23
   42631     40284        56
   42703     40356       195
   42905     40558        56
   42962     40615        32
   42995     40648        44
   43040     40693        38
   43082     40735        59
   43142     40795        23
   43166     40819        53
   43220     40873        20
   43280     40933        20
   43301     40954        23
   43346     40999        26
   43439     41092        56
   43514     41167        20
   43535     41188        22
   43595     41248        32
   43628     41281        20
   43676     41329        49
   43726     41379        33
   43766     41419        53
   43850     41503        20
   43904     41557        44
   43951     41604        20
   43985     41638        41
   44042     41695        23
   44075     41728        29
   44123     41776        20
   44152     41805        27
   44161     39590        21
   44207     41860        20
   44240     41893        32
   44294     41947        34
   44329     41982        27
   44357     42010        47
   44411     42064        21
   44480     42133        20
   44510     42163        29
   44582     42235        21
   44639     42292        35
   44708     42361        38
   44747     42400        35
   44798     42451        20
   44840     42493        36
   44879     42532        29
   44909     42562        32
   44942     42595        29
   44976     42629        27
   45029     42682        64
   45181     42849        27
   45209     42877        48
   45811     43495        50
   45862     43546        32
   45944     43627        35
   46116     43823        40
   46185     43892        24
   46256     43963        34
   46291     43998        21
   46368     44071        26
   46429     44132        38
   46521     44225        24
   46637     44392        39
   46677     44432        26
   46704     44459        35
   46770     44525        20
   46824     44579        78
   46904     44659        34
   46939     44694        28
   47042     44797        32
   47177     44940        44
   47222     44985        20
   47400     45147        25
   47423     45172        28
   47452     45201        22
   47631     45351        32
   47664     45384        68
   47733     45453        25
   48118     45800        20
   48622     46382        28
   48655     46415        35
   49019     46766        28
   49061     46808        29
   49211     46958        25
   49259     47006        50
   49325     47072        35
   49373     47120        36
   49433     47180        23
   49501     47248        22
   49585     47332        24
   49792     47731        70
   51099     48741        67
   51174     48816        33
   51208     48850        23
   51289     48919        24
   51314     48944        23
   51582     49133        35
   51637     49188        25
   51664     49215        36
   51858     49659        82
   52693     50461        26
   52720     50488        23
   52760     50528        22
   52833     50601        26
   52894     50662        40
   52984     50752        59
   53142     50910        36
   53250     51065        40
   53345     51160        20
   53400     51215        20
   53462     51277        41
   53597     51412        53
   53651     51466        41
   53741     51556        35
   53777     51592        41
   53843     51658        21
   53868     51683        24
   54037     51846        39
   54080     51889        41
   54128     51937        31
   54212     52021        20
   54233     52042        28
   54274     52083        27
   54325     52134        20
   54865     52725        46
   54967     52825        32
   55083     52950        38
   55193     53055        22
   55292     53158        27
   55388     53248        26
   55470     53328        29
   55500     53358        44
   55569     53422        34
   55701     53555        99
   55808     53663        22
   56065     53825        42
   56108     53868        24
   56232     53992        32
   56290     54050        28
   56319     54079        41
   56433     54193        33
   56492     54260        29
   56537     54305        23
   56579     54347        32
   56624     54392        29
   56654     54422        47
   56720     54488        52
   56855     54623        20
   56876     54644        26
   56903     54671        29
   56948     54716        44
   57002     54770        25
   57029     54797        20
   57116     54884        77
   57266     55034        23
   57293     55061        35
   57380     55148        41
   57485     55253        23
   57509     55277        29
   57539     55307        44
   57629     55397        28
   57693     55461        28
   57722     55490        35
   57818     55586        20
   57850     55618        29
   57887     55655        22
   58174     55934        20
   58246     55996        27
   58409     56147        38
   58519     56250        64
   58734     56452        64
   58816     56534        26
   58855     56573        20
   58912     56630        29
   59123     56841        23
   59170     56888        23
   59236     56954        50
   59287     57005        26
   59359     57077        52
   59419     57137        32
   59452     57170        29
   59497     57215        41
   59548     57266        22
   59571     57289        21
   59596     57314        20
   59686     57404        26
   59764     57482        38
   59803     57521        38
   59875     57593        53
   59944     57662        35
   59980     57698        35
   60025     57743        20
   60082     57800        82
   60219     57958        28
   60282     58030        23
   60358     58097        26
   60460     58269        30
   60843     58492        27
   60883     58533        20
   61160     58816        22
   61359     58994        30
   61617     59246        30
   61656     59285        20
   61688     59317        20
   61714     59343        22
   61800     59429        37
   61857     59486        22
   61908     59537        47
   62007     59636        26
   62061     59690        21
   62223     59852        37
   62282     59911        62
   63203     60589        24
   63228     60614        27
   63460     60865        20
   63643     61043        21
   63693     61099        20
   63718     61124        21
   63859     61265        20
   63973     61379        38
   64127     61533        34
   64186     61592        26
   65061     61903        25
   65298     62159        23
   65375     62236        34
   65520     62381        25
   65633     62494        42
   65676     62537        47
   65765     62626        27
   65811     62672        27
   65841     62702        26
   65901     62762        27
   66099     62949        25
   66125     62975        36
   66259     63109        37
   66303     63153        35
   66375     63225        32
   66423     63273        25
   66459     63309        26
   66509     63359        21
   66575     63425        31
   66607     63457        20
   66628     63478        28
   66657     63507        41
   66699     63549        38
   66852     63702        20
   66927     63777        26
   67018     63868        31
   67065     63915        23
   68130     64974        23
   68178     65022        52
   68276     65113        32
   68383     65224        81
   68508     65349        31
   68559     65400        22
   68657     65498        26
   68684     65525        20
   68777     65618        26
   68804     65645        20
   68846     65687        51
   69024     65864        22
   69104     65946        25
   70108     66906        22
   70171     66963        39
   70243     67035        27
   70432     67231        35
   70468     67267        20
   70489     67288        53
   70672     67468        81
   70934     67670        26
   70961     67697        80
   71429     68182        30
   71511     68264        20
   71965     68761        34
   72055     68851        31
   72087     68883        20
   72135     68931        32
   72352     69114        26
   72392     69154        40
   72433     69195        62
   72496     69258        29
   72535     69297        57
   72605     69367        34
   72859     69626        31
   72999     69767        50
   73050     69818        23
   73307     70075        22
   73330     70098        37
   73385     70153        21
   73407     70175        40
   73448     70216        21
   73595     70352        21
   73734     70489        27
   74058     70827        40
   74114     70883        44
   74159     70928        37
   74208     70973        22
   74365     71151        56
   74479     71265        20
   74539     71325        20
   74670     71478        37
   74888     71701        32
   74974     71796        32
   75108     71914        48
   75217     72032        30
   75278     72093        22
   75318     72133        24
   75365     72180        32
   75416     72231        35
   75485     72300        24
   75550     72364        28
   75774     72552        26
   75855     72632        29
   76369     73126        30
   76413     73170        27
   76676     73471        20
   76805     73612        25
   76831     73638        31
   76863     73670        39
   76922     73729        26
   76949     73756        34
   76993     73800        20
   77014     73821        23
   77038     73845        41
   77122     73929        26
   77158     73965        26
   77188     73995        33
   77278     74085        20
   77326     74133        62
   77404     74211        20
   77428     74235        32
   77461     74268        20
   77560     74367        56
   77617     74424        38
   77827     74634        20
   77859     74666        43
   77919     74726        27
   78049     74856        23
   78103     74910        20
   78160     74967        20
   78181     74988        38
   78242     75049        46
   78289     75096        23
   78322     75129        20
   78343     75150        31
   78470     75347        21
   78504     75381        27
   78556     75433        20
   78711     75591        21
   78733     75613        20
   78754     75634        25
   78790     75670        29
   78832     75730        20
   78853     75751        39
   78923     75817        29
   78976     75873        33
   79022     75919        24
   79047     75944        25
   79118     76015        21
   79251     76142        34
   79401     76299        21
   79572     76473        30
   79668     76572        20
   79777     76665        27
   80036     76923        22
   80097     76984        38
   80136     77023        83
   80238     77125        23
   80295     77182        47
   80400     77287        22
   80439     77326        53
   80517     77404        20
   80544     77431        38
   80592     77479        42
   80754     77645        34
   80789     77681        25
   80879     77775        37
   80970     77862        22
   81087     77975        22
   81254     78141        32
   81331     78203        24
   81599     78439        29
   81664     78504        21
   81698     78538        41
   81758     78598        47
   81828     78668        28
   81863     78703        23
   81890     78730        41
   81935     78775        38
   81974     78814        44
   82019     78859        20
   82079     78919        24
   82118     78958        31
   82200     79047        33
   82404     79213        20
   82492     79301        20
   82650     79459        22
   82704     79513        38
   82760     79569        24
   82792     79601        34
   82833     79642        23
   82896     79705        21
   83017     79826        31
   83061     79870        50
   83175     79984        20
   83220     80029        20
   83259     80068        53
   83313     80122        27
   83341     80150        20
   83391     80200        22
   83450     80253        32
   83483     80286        20
   83507     80310        23
   83555     80358        35
   83594     80397        20
   83696     80499        80
   83869     80672        41
   83981     80784        33
   84056     80859        26
   84136     80941        22
   84579     81386        32
   84629     81436        24
   84654     81461        26
   84795     81602        27
   84935     81742        48
   85021     81828        21
   85207     82012        23
   85306     82111        29
   85342     82147        31
   85381     82186        20
   85459     82264        22
   85492     82297        20
   85595     82395        22
   85693     82506        23
   85720     82533        38
   85798     82611        29
   85828     82641        20
   85869     82682        24
   85957     82770        23
   86003     82816        52
   86103     82920        29
   86405     83211        27
   86714     83520        24
   86885     83700        20
   86961     83789        20
   87059     83880        22
   87310     84079        35
   87346     84115        34
   87391     84160        24
   87448     84217        26
   87536     84305        28
   87762     84531        21
   87843     84612        40
   88086     84931        23
   88149     84994        23
   88464     85348        23
   88488     85372        29
   88533     85417        20
   88554     85438        26
   88584     85468        23
   88635     85519        32
   88668     85552        23
   88745     85640        43
   88789     85684        74
   88864     85759        44
   88909     85804        38
   88982     85877        25
   89008     85903        95
   89104     85999       162
   89267     86162        25
   89319     86230        22
   89356     86267        41
   89398     86309        76
   89475     86392        41
   89520     86437        26
   89547     86464        58
   89620     86532       140
   89763     86675       124
   89888     86800        50
   89939     86851        33
   89973     86885        28
   90003     86915       156
   90160     87072        83
   90243     87149       102
   90348     87254        50
   90399     87305        71
   90471     87377        57
   90547     87453        20
   90599     87501        31
   90654     87556        40
   90695     87597       150
   90846     87748        20
   90869     87771        96
   90977     87879        29
   91007     87909        20
   91069     87977        59
   91129     88037        30
   91169     88077        46
   91216     88124        22
   91239     88147        52
   91292     88200        40
   91370     88278        75
   91465     88373        87
   91554     88462        22
   91629     88537        22
   91652     88560        34
   91687     88595        20
   91714     88622        45
   91770     88678        22
   91809     88711        50
   91860     88762        21
   91883     88785        39
   91924     88820        84
   92024     88920        35
   92080     88976        27
   92108     89004        61
   92180     89076        24
   92223     89119        23
   92243     89148        27
   92282     89187        51
   92338     89243       225
   92592     89491        26
   92642     89541        20
   92663     89562        76
   92756     89655        26
   92794     89693        82
   92877     89776        57
   92935     89834        89
   93025     89924        56
   93082     89981        31
   93114     90013        47
   93176     90075        32
   93209     90108        30
   93240     90139        35
   93285     90184        43
   93332     90231        21
   93387     90283        78
   93491     90387        20
   93512     90408        30
   93559     90455        25
   93587     90483        82
   93686     90582        26
   93774     90676        34
   93826     90728        33
   93860     90762       120
   94021     90923        61
   94103     91005        31
   94148     91050        34
   94244     91146        43
   94312     91214        24
   94355     91257        24
   94380     91282        84
   94502     91404        44
   94560     91462        31
   94618     91520        48
   94677     91579        33
   94772     91674        45
   94818     91720        34
   94865     91767        45
   94923     91825        28
   94952     91854        34
   94999     91901        21
   95021     91923        26
   95052     91954        47
   95106     92008        34
   95141     92043        29
   95187     92089        30
   95238     92149        26
   95288     92199        59
   95348     92259        35
   95410     92321        30
   95441     92352        45
   95487     92398       129
   95633     92544        47
   95706     92617        28
   95750     92661       125
   95945     92841        34
   95980     92876        41
   96032     92928       102
   96135     93031        44
   96181     93077       132
   96314     93210        35
   96357     93253        62
   96420     93316        28
   96475     93371        45
   96521     93417        50
   96572     93468        30
   96603     93499        46
   96655     93551        91
   96747     93643        43
   96797     93693        65
   96895     93791        43
   96939     93835        62
   97011     93907        36
   97079     93975        78
   97192     94088        30
   97225     94121        34
   97268     94155        41
   97343     94230        28
   97380     94267        30
   97425     94312        29
   97467     94354        36
   97504     94391        45
   97550     94437        65
   97636     94523        66
   97766     94653        27
   97796     94683        21
   97827     94714        20
   97874     94765        28
   97903     94794        36
   97958     94849        67
   98036     94927        26
   98085     94970        33
   98119     95004        21
   98162     95047        35
   98207     95090        29
   98251     95134        31
   98296     95179        37
   98361     95244        54
   98416     95299        22
   98472     95350        20
   98499     95377        40
   98580     95458        23
   98604     95482        36
   98656     95541        37
   98694     95579        60
   98760     95645        25
   98791     95676        21
   98956     95755        21
   99025     95834        37
   99063     95872        32
   99103     95912        29
   99160     95969        21
   99182     95991        38
   99221     96030        66
   99288     96097        63
   99352     96161       118
   99471     96280        64
   99543     96352        26
   99570     96379        34
   99606     96415        40
   99647     96456        45
   99693     96502        54
   99748     96557        64
   99813     96622        50
   99864     96673        20
   99885     96694       138
  100038     96847        29
  100068     96877        76
  100145     96954       169
  100334     97141       241
  100600     97407       109
  100710     97517        21
  100728     97531       113
  100853     97656        67
  100921     97724        32
  100954     97757        41
  101000     97803        25
  101026     97829        80
  101107     97910        38
  101164     97967       120
  101291     98094        70
  101362     98165       151
  101514     98317        38
  101617     98419        31
  101649     98451        28
  101693     98495        24
  101749     98551        43
  101789     98590        29
  101855     98654        23
  101879     98678        68
  101948     98747        36
  102017     98816       104
  102122     98921        32
  102155     98954       192
  102348     99146        36
  102385     99183        50
  102440     99234        60
  102547     99341        23
  102571     99365        78
  102649     99438        93
  102743     99532        29
  102773     99562        26
  102800     99589        31
  102850     99639        39
  102890     99679        20
  102915     99704       125
  103050     99839        33
  103084     99873        52
  103137     99926        73
  103211    100000        69
  103577    100184        20
  103651    100220        35
  103783    100354        27
  103875    100459        45
  103925    100509        77
  104003    100587        35
  104039    100623        67
  104107    100691        24
  104162    100747        20
  104190    100775        21
  104396    100978        29
  104450    101032        41
  104483    101072        22
  104506    101095        22
  104540    101129        22
  104606    101190        21
  104628    101212        23
  104668    101252        25
  104711    101295        29
  104771    101360        37
  104813    101409        28
  104850    101446        22
  104873    101469        21
  104953    101549        24
  104992    101588        25
  105018    101614        25
  105053    101656        79
  105184    101787        94
  105279    101882        33
  105313    101916       434
  105748    102351       319
  106085    102688       243
  106329    102932       128
  106458    103061       156
  106632    103235       129
  106762    103365       126
  106982    103585        47
  107085    103690        24
  107110    103715        30
  107141    103750       170
  107308    103918        27
  107336    103946        77
  107421    104031        44
  107466    104076        57
  107524    104134        99
  107614    104227        88
  107703    104316        26
  107730    104343        29
  107775    104393       148
  107923    104537        30
  107954    104568        41
  107996    104610        93
  108090    104704        95
  108203    104812       113
  108317    104926       133
  108451    105060        46
  108510    105119       110
  108621    105230        99
  108766    105375        41
  108808    105417        26
  108837    105446        41
  108879    105488        54
  108939    105557       101
  109065    105682        51
  109127    105744        55
  109187    105809        45
  109253    105881       132
  109406    106034       169
  109600    106228        56
  109657    106285        63
  109726    106354        90
  109826    106451       226
  110053    106678       156
  110217    106842        26
  110244    106869        64
  110309    106934       158
  110468    107093        24
  110518    107142       243
  110774    107398        60
  110835    107459       449
  111286    107910        70
  111357    107981        63
  111437    108061        74
  111512    108136        74
  111587    108211       169
  111757    108381       323
  112091    108715        20
  112144    108768        51
  112196    108820       107
  112314    108937        23
  112328    108979        30
  112354    109004        21
  112401    109042        20
  112459    109092        25
  112490    109123       150
  112721    109354        40
  112777    109410        24
  112807    109440        29
  112832    109462        43
  112876    109506        78
  112993    109622        29
  113212    109852        35
  113449    109928        44
  113492    109967        28
  113568    110029        89
  113666    110127        31
  113702    110163        25
  113734    110195        23
  113763    110224        29
  113793    110254        25
  113824    110285        32
  113901    110365        43
  113953    110412        26
  114051    110510        77
  114129    110588        31
  114186    110645       188
  114375    110834        63
  114439    110898        90
  114608    111067        74
  114683    111142        38
  114732    111191        27
  114764    111223        34
  114799    111258        41
  114856    111321        41
  114898    111363        20
  115090      9864        20
  115294    111640        25
  115459    111805        24
  115546    111898        25
  116095    112444        20
  116173    112522        53
  116233    112582        28
  116323    112672        38
  116380    112729        23
  116404    112753        32
  116460    112809        51
  116512    112861        38
  116656    113005        26
  116874    113223        21
  116959    113308        41
  117001    113350        26
  117034    113383        23
  117058    113407        37
  117104    113453        30
  117170    113519        22
  117202    113551        26
  117229    113578        28
  117331    113680        29
  117361    113710        23
  117392    113741        31
  117430    113779        30
  118455    114451        23
  119170    115206        84
  119379    115394        38
  119448    115463        29
  119565    115580        26
  120018    116033        21
  120052    116067        43
  120132    116147        24
  120231    116246        39
  120602     29198        20
  120836    116818        48
  120979    116961        20
  121039    117021        23
  121180    117162        29
  121210    117192        29
  121243    117225        26
  121291    117273        26
  121324    117306        20
  121389    117371        51
  121470    117452        26
  121570    117552        20
  121653    117635        21
  121677    117659        61
  121821    117803        21
  121881    117863        39
  122305    118261        26
  122344    118300        68
  122413    118369        20
  122440    118396        20
  122470    118426        20
  122500    118456        29
  122564    118520        20
  122798    118736        23
  122822    118760        44
  122891    118829        20
  122990    118928        23
  123065    119003        23
  123388    119334        64
  123598    119544        29
  123721    119667        25
  123841    119787        29
  124129    120247        24
  124154    120272        24
  124200    120318        77
  124296    120414        26
  124344    120462        23
  124368    120486        20
  124389    120507        23
  124413    120531        20
  124461    120579        31
  124494    120612        23
  124532    120650        21
  124572    120690        25
  124717    120814        38
  124759    120856        31
  124813    120910        22
  124969    121066        23
  125053    121150        32
  125104    121201        32
  125151    121248        30
  125223    121320        30
  125790    121915        20
  126059    122209        32
  126162    122367        23
  126287    122517        34
  126325    122555        23
  126361    122591        20
  126403    122633        35
  126522    122752        27
  126664    122894        20
  126685    122915        23
  126733    122963        26
  126855    123076        31
  126887    123108        23
  126911    123132        44
  127082    123303        23
  127109    123330        23
  127322    123543        26
  127427    123648        23
  127502    123723        23
  127561    123782        27
  127589    123810        56
  127676    123897        41
  127739    123960        31
  127790    124011        53
  127919    124140        28
  127955    124176        29
  128002    124223        20
  128195    124413        27
  128223    124441        22
  128355    124573        63
  128913    125111        21
  129065    125260        22
  129405    125594        32
  129953    126136        20
  130063    126243        29
  131254    127443        23
  131624    127840        32
  132329    128545        21
  132382    128598        20
  132540    128762        30
  132832    129111        21
  133517    129826        20
  133538    129847        41
  133595    129910        41
  133637    129952        34
  133676    129991        27
  133714    130029        38
  133753    130068        74
  133906    130221        90
  133997    130312        63
  134061    130376       188
  134275    130590        31
  134307    130622        77
  134456    130771        26
  134491    130801        43
  134579    130892        32
  134617    130930        25
  134643    130956        29
  134678    130991        23
  134708    131021        25
  134738    131051        31
  134778    131091        89
  134915    131214        28
  134942    131237        44
  135188    131322        35
  135413    131558        29
  135481    131625        78
  135560    131704        43
  135599    131740        29
  135634    131775        24
  135674    131815        40
  135795    131936       150
  135951    132092        25
  136014    132147        20
  136060    132184        21
  136077    132200        30
  136098    132249        23
  136132    132282       107
  136240    132390        51
  136324    132474        20
  136355    132505       323
  136679    132829       169
  136849    132999        74
  136924    133074        74
  137015    133165        63
  137079    133229        70
  137151    133301       449
  137601    133751        60
  137674    133824       243
  137943    134092        24
  137968    134117       158
  138127    134276        64
  138192    134341        26
  138226    134375       156
  138383    134532       226
  138619    134765        90
  138715    134861        63
  138779    134925        56
  138860    135006       169
  139050    135196       132
  139203    135355        45
  139253    135410        55
  139319    135476        51
  139395    135551       101
  139502    135667        54
  139557    135722        41
  139601    135766        26
  139628    135793        41
  139715    135880        99
  139815    135980       110
  139938    136103        46
  139985    136150       133
  140119    136284       113
  140250    136410        95
  140346    136506        93
  140440    136600        41
  140482    136642        30
  140512    136668       148
  140676    136837        29
  140706    136867        26
  140733    136894        88
  140812    136976        99
  140912    137076        57
  140970    137134        44
  141022    137186        77
  141100    137264        27
  141124    137289       170
  141295    137464        30
  141326    137495        24
  141406    137577        47
  141547    137718       126
  141674    137845       129
  141821    137992       156
  141978    138149       128
  142107    138278       243
  142368    138539       319
  142688    138859       434
  143123    139294        33
  143157    139328        94
  143303    139474        79
  143392    139570        25
  143418    139596        25
  143458    139636        24
  143541    139719        21
  143563    139741        22
  143594    139772        28
  143627    139812        37
  143695    139885        29
  143742    139932        25
  143784    139974        23
  143808    139998        21
  143873    140058        22
  143907    140092        22
  143930    140115        22
  143944    140136        41
  144010    140202        29
  144224    140413        21
  144253    140442        20
  144304    140494        24
  144329    140519        67
  144397    140587        35
  144433    140623        77
  144515    140705        45
  144625    140828        27
  144749    140954        35
  144838    141005        20
  145155    141140        69
  145225    141210        73
  145299    141284        52
  145352    141337        33
  145395    141380       125
  145525    141510        20
  145546    141531        39
  145604    141589        31
  145636    141621        26
  145663    141648        29
  145693    141678        93
  145786    141766        78
  145865    141845        23
  145935    141915        60
  146000    141976        50
  146051    142027        36
  146088    142063       192
  146281    142256        32
  146314    142289       104
  146451    142426        36
  146488    142463        68
  146557    142532        23
  146617    142590        29
  146643    142615        43
  146718    142690        24
  146758    142730        28
  146787    142759        31
  146883    142854        38
  146922    142893       151
  147074    143045        70
  147151    143122       120
  147290    143261        38
  147329    143300        80
  147410    143381        25
  147440    143411        41
  147482    143453        32
  147515    143486        67
  147594    143565       113
  147704    143671        21
  147726    143693       109
  147860    143827       241
  148121    144086       169
  148291    144256        76
  148368    144333        29
  148412    144377       138
  148551    144516        20
  148572    144537        50
  148623    144588        64
  148688    144653        54
  148743    144708        45
  148789    144754        40
  148831    144796        34
  148866    144831        26
  148900    144865        64
  148965    144930       118
  149084    145049        63
  149148    145113        66
  149215    145180        38
  149254    145219        21
  149303    145268        29
  149340    145305        32
  149373    145338        37
  149458    145433        21
  149623    145512        21
  149650    145539        25
  149681    145570        60
  149742    145631        37
  149795    145691        36
  149832    145728        23
  149896    145792        40
  149943    145839        20
  149997    145888        22
  150020    145911        54
  150102    145993        37
  150153    146044        31
  150199    146090        29
  150238    146127        35
  150295    146184        21
  150317    146206        33
  150373    146256        26
  150410    146293        67
  150496    146379        36
  150533    146416        28
  150588    146475        20
  150618    146505        21
  150642    146529        27
  150733    146620        66
  150820    146707        65
  150886    146773        45
  150932    146819        36
  150981    146868        29
  151025    146912        30
  151064    146951        28
  151126    147013        41
  151176    147054        34
  151213    147091        30
  151278    147156        78
  151388    147266        36
  151434    147312        62
  151497    147375        43
  151573    147451        65
  151645    147523        43
  151689    147567        91
  151786    147664        46
  151833    147711        30
  151864    147742        50
  151915    147793        45
  151987    147865        28
  152016    147894        62
  152086    147964        35
  152122    148000       132
  152256    148134        44
  152301    148179       102
  152414    148292        41
  152456    148334        34
  152560    148423       125
  152701    148564        28
  152755    148618        47
  152819    148682       129
  152949    148812        45
  152995    148858        30
  153052    148915        35
  153088    148951        59
  153171    149034        26
  153218    149090        30
  153265    149137        29
  153295    149167        34
  153336    149208        47
  153388    149260        26
  153415    149287        21
  153449    149321        34
  153484    149356        28
  153525    149397        45
  153583    149455        34
  153618    149490        45
  153725    149597        33
  153769    149641        48
  153844    149716        31
  153889    149761        44
  153971    149843        84
  154056    149928        24
  154099    149971        24
  154148    150020        43
  154253    150125        34
  154301    150173        31
  154353    150225        61
  154455    150327       120
  154576    150448        33
  154627    150499        34
  154723    150601        26
  154766    150644        82
  154851    150729        25
  154893    150771        30
  154924    150802        20
  154970    150848        78
  155082    150957        21
  155107    150982        43
  155160    151035        35
  155196    151071        30
  155227    151102        32
  155274    151149        47
  155322    151197        31
  155354    151229        56
  155411    151286        89
  155501    151376        57
  155559    151434        82
  155653    151528        26
  155696    151571        76
  155773    151648        20
  155817    151692        26
  155872    151741       225
  156102    151971        51
  156165    152034        27
  156189    152067        23
  156231    152109        24
  156266    152144        61
  156328    152206        27
  156376    152254        35
  156427    152305        84
  156513    152385        39
  156554    152426        21
  156576    152448        50
  156643    152509        22
  156676    152542        45
  156728    152594        20
  156749    152615        34
  156784    152650        22
  156859    152725        22
  156883    152749        87
  156990    152856        75
  157103    152969        40
  157144    153010        52
  157197    153063        22
  157220    153086        46
  157276    153142        30
  157307    153173        59
  157408    153280        20
  157429    153301        29
  157470    153342        96
  157569    153441        20
  157590    153462       150
  157741    153613        40
  157805    153677        31
  157868    153736        20
  157907    153775        57
  157965    153833        71
  158037    153905        50
  158090    153958       102
  158192    154054        83
  158276    154138       156
  158434    154296        28
  158463    154325        33
  158497    154359        50
  158548    154410       124
  158675    154537       140
  158830    154687        58
  158889    154746        26
  158919    154776        41
  158961    154824        76
  159038    154901        41
  159094    154957        22
  159143    155022        25
  159169    155048       162
  159332    155211        95
  159428    155307        25
  159488    155367        38
  159527    155406        44
  159572    155451        74
  159647    155526        43
