> gi|442567938|gb|KC180790.1|
       1         1        83
     121       117        31
     186       186        61
     249       249        29
     268       269       125
     394       395       888
    1283      1284       461
    1757      1758        84
    1870      1871        56
    1927      1928       422
    2350      2351       331
    2682      2683        29
    2712      2713       258
    2971      2972        97
    3069      3070        45
    3115      3116       134
    3250      3251       218
    3469      3470       107
    3577      3578        89
    3667      3668        52
    3720      3719        78
    3799      3798        66
    3866      3865        88
    3947      3948        47
    3995      3996       179
    4173      4175        30
    4204      4206        96
    4293      4302        22
    4316      4325       180
    4490      4500        72
    4574      4584        30
    4612      4623        57
    4670      4681        41
    4703      4713        93
    4804      4807       183
    4981      4983        83
    5062      5065        24
    5087      5090       157
    5260      5263       157
    5418      5421       197
    5616      5619       257
    5894      5897       203
    6098      6101       177
    6276      6279        27
    6304      6307        40
    6345      6348       152
    6478      6500        35
    6514      6535       155
    6662      6684        76
    6739      6761       281
    7028      7050        74
    7103      7125        22
    7117      7147        70
    7188      7218        56
    7247      7271        74
    7322      7346       200
    7530      7554        27
    7558      7582        91
    7667      7691        36
    7704      7728       195
    7899      7925       323
    8213      8240        51
    8257      8290        98
    8356      8389        38
    8396      8427        54
    8451      8482        82
    8523     17749        21
    8540      8573        48
    8589      8622       137
    8712      8766        53
    8764      8813        38
    8793      8841       210
    9005      9052       107
    9113      9161       160
    9274      9322        31
    9321      9368        36
    9356      9398        48
    9398      9439       400
    9819      9860       114
    9945      9985       106
   10052     10092        51
   10104     10144        84
   10189     10229        76
   10289     10330       260
   10550     10591       197
   10748     10789        36
   10778     10812       135
   10914     10948        25
   10954     10989        63
   11018     11053        50
   11069     11104        51
   11121     11156        72
   11166     11228      2141
   13308     13369       270
   13579     13640        46
   13635     13696       511
   14139     14199        50
   14186     14240        83
   14280     14330        22
   14297     14346       117
   14415     14464        21
   14426     14474        79
   14506     14554        32
   14539     14587        90
   14630     14678       496
   15136     15184       250
   15387     15435       238
   15626     15674        44
   15686     15732       158
   15845     15892        47
   15874     15939        28
   15903     15968       207
   16111     16176       819
   16938     17003       363
   17302     17367        59
   17362     17427       332
   17695     17761       134
   17840     17906        29
   17865     17937        52
   17918     17990       426
   18345     18417       185
   18531     18603      1284
   19816     19888       400
   20217     20289       162
   20381     20453       101
   20483     20555      1386
   21870     21942       282
   22153     22225       235
   22389     22461      1196
   23586     23658       366
   23952     24028       102
   24065     24141        26
   24092     24168       244
   24337     24413        35
   24420     24496       590
   25011     25087       210
   25222     25298       120
   25343     25419        38
   25382     25458       697
   26080     26156      1368
   27449     27525       188
   27662     27738       709
   28372     28448       386
   28752     28827        80
   28833     28908        68
   28902     28977       196
   29099     29174       150
   29250     29325        25
   29289     29370       118
   29408     29489       265
   29674     29755       106
   29801     29882       152
   29955     30036        55
   30002     30082       192
   30195     30275        37
   30233     30313        77
   30311     30391       331
   30676     30754       241
   30918     30996        44
   30964     31042       108
   31067     31146        61
   31129     31208        51
   31181     31260        51
   31233     31312        47
   31304     31382       151
   31456     31534       195
   31651     31730        38
   31690     31769       160
   31862     31941        85
   31948     32027       254
   32193     32278        64
   32256     32336       133
   32387     32466       221
   32620     32700       205
   32816     32903       161
   32978     33065        42
   33021     33108       129
   33151     33238        78
   33230     33317       140
   33371     33458       279
   33651     33738        54
   33706     33793        41
   33748     33835        30
   33779     33866        96
   33873     33956        66
   33940     34023        53
   34003     34087        41
   34043     34133        98
   34179     34261        33
   34208     34285       111
   34340     34418       120
   34452     34531       156
   34609     34688        30
   34650     34729        84
   34749     34828       111
   34861     34940        65
   34954     35033        41
   34989     35065        39
   35008     35104        43
   35052     35148       135
   35178     35273        41
   35220     35315       178
   35399     35494        21
   35421     35516       161
   35583     35678        50
   35634     35729        87
   35714     35808        55
   35775     35877       407
   36183     36285       611
   36795     36897       387
   37183     37285       599
   37783     37885       137
   37921     38023       236
   38158     38260       245
   38404     38506       377
   38792     38894       553
   39356     39463        37
   39384     39489        94
   39491     39596        42
   39606     39648        36
   39640     39663        66
   39708     39731        35
   39774     39769        40
   39827     39816        25
   39849     39824        43
   39893     39868        21
   39915     39890       200
   40152     40125       156
   40309     40282       178
   40488     40461        34
   40523     40496       748
   41272     41245       888
   42161     42134       106
   42268     42241      1293
   43562     43535        62
   43625     43598       875
   44477     42226        25
   44501     44474       443
   44945     44918       778
   45724     45697        28
   45739     45733        27
   45798     45795        96
   45895     45892       564
   46460     46457        58
   46519     46516      1467
   47972     47968       270
   48235     48228        24
   48250     48244       324
   48576     48565        22
   48599     48588        26
   48645     48627       105
   48742     48723       176
   48919     48900        57
   48977     48958       167
   49145     49126        50
   49196     49177       152
   49349     49330       131
   49483     49464       737
   50230     50211        33
   50237     50241        29
   50267     50271       299
   50566     50550       182
   50749     50733        21
   50772     50756        33
   50800     50789        57
   50858     50847        39
   50907     50896       157
   51085     51074       153
   51239     51228       412
   51648     51632       650
   52299     52283       158
   52458     52442        39
   52498     52482       157
   52656     52640       224
   52881     52865       131
   53013     52997        49
   53072     53056       289
   53362     53346       261
   53634     53622        91
   53726     53714       612
   54329     54319       471
   54806     54796        80
   54887     54877        54
   54933     54921        63
   55017     55005        45
   55087     55073        73
   55151      8554        20
   55194     55168       118
   55313     55287       891
   56205     56179       169
   56380     56354       119
   56506     56480      1139
   57646     57620       110
   57757     57731       164
   57922     57896       326
   58249     58223       151
   58391     58366        22
   58414     58389        20
   58435     58410        71
   58508     58476       126
   58635     58603       235
   58869     58847       547
   59417     59395       248
   59666     59644       453
   60120     60098       545
   60666     60644       159
   60826     60804       138
   60958     60935        62
   61035     61014        20
   61049     61034        31
   61080     61059        44
   61125     61104        41
   61165     61125        60
   61226     61186       224
   61451     61411        36
   61494     61454        51
   61546     61506        97
   61644     61604      1172
   62817     62777       106
   62917     62883       110
   63028     62995        76
   63105     63072        21
   63127     63094        95
   63223     63190        37
   63261     63235        72
   63334     63308       132
   63467     63441        76
   63544     63518       174
   63719     63693       167
   63887     63861        52
   63912     63912        77
   63983     63982       476
   64460     64459        78
   64539     64538       110
   64650     64649       112
   64763     64762        21
   64785     64784        35
   64825     64824        88
   64914     64913        90
   64994     64994       101
   65096     65096        86
   65203     65200        90
   65274     65308        38
   65313     65347       234
   65548     65582       208
   65757     65791       431
   66207     66241       174
   66382     66416       696
   67079     67113       405
   67485     67519        23
   67509     67543       104
   67614     67648       249
   67864     67898       112
   67990     68021        43
   68034     68065        60
   68095     68126       210
   68306     68337        23
   68319     68351      1055
   69375     69407        65
   69419     69469        52
   69472     69522       253
   69715     69766       106
   69822     69873        62
   69876     69928        36
   69913     69965        38
   69952     70004       122
   70075     70127       140
   70241     70293       399
   70641     70693        22
   70667     70719        59
   70731     70783       186
   70910     70960        47
   70958     71008        56
   71015     71065       135
   71151     71201       227
   71379     71429       241
   71621     71671       327
   71949     71999        45
   72004     72055        63
   72067     72117       176
   72244     72294       127
   72372     72422       202
   72575     72625        57
   72623     72674       405
   73020     73072        29
   73048     73079        80
   73129     73160        66
   73196     73227        90
   73287     73318       728
   74016     74047       659
   74677     74708       276
   74960     74991       313
   75260     75293       192
   75453     75486        84
   75529     75561       448
   75966     76000        42
   76027     76061        49
   76077     76111       239
   76307     76343       112
   76420     76456        29
   76449     76483        34
   76484     76518        87
   76572     76606       960
   77533     77567       884
   78418     78452      1014
   79433     79467        62
   79516     79550        43
   79560     79594       188
   79749     79783        92
   79842     79876       128
   79977     80003       117
   80095     80121        75
   80174     80200       113
   80289     80315       261
   80551     80577       257
   80809     80835        50
   80860     80886       421
   81282     81308        87
   81370     81396       223
   81608     81634        71
   81680     81706       212
   81893     81919       685
   82583     82609        23
   82606     82617        24
   82623     82639        48
   82661     82678       120
   82782     82799       224
   83007     83024       353
   83361     83378       803
   84165     84182       199
   84365     84382       265
   84631     84648        77
   84709     84726        25
   84734     84734        31
   84766     84766       127
   84894     84894        55
   84950     84950       401
   85358     85358        39
   85405     85413        31
   85437     85445        50
   85485     85471        42
   85528     85514       231
   85760     85746       178
   85939     85925        22
   85952     85939        52
   86005     85992       595
   86601     86588        41
   86634     86622        35
   86670     86658       193
   86873     86861       168
   87052     87040        26
   87079     87067        45
   87125     87113       103
   87244     87232       119
   87364     87352        47
   87403     87392       132
   87543     87531        28
   87583     87570       158
   87742     87729        77
   87820     87807        62
   87883     87870       188
   88072     88059        34
   88107     88094       145
   88253     88240        33
   88287     88274        28
   88334     88321        72
   88407     88394       263
   88687     88674        20
   88708     88695        54
   88766     88753       150
   88917     88904        77
   88995     88982        73
   89104     89097       102
   89207     89200       830
   90038     90031       580
   90619     90612       430
   91050     91043       256
   91307     91300       191
   91499     91492       177
   91789     91659      1546
   93336     93206      2488
   95825     95695      1718
   97544     97414       800
   98345     98215       223
   98569     98439        34
   98604     98474       601
   99206     99076      1474
  100671    100542      2346
  103007    102877       213
  103221    103091       586
  103808    103678       157
  103966    103836       140
  104107    103977        98
  104206    104076       318
  104525    104395       401
  104918    104793      2362
  107281    107156       596
  107878    107753       317
  108196    108071       272
  108469    108344      4579
  113039    112915       466
  113496    113373       140
  113637    113514       223
  113861    113738      1217
  115079    114956        96
  115176    115053       113
  115290    115167       112
  115758    115439        21
  115772    115451        33
  115815    115488        95
  115911    115584        49
  115961    115634        34
  115996    115669       108
  116109    115782       229
  116339    116012       116
  116456    116129        99
  116556    116229       636
  117193    116866       192
  117386    117059        81
  117468    117141       100
  117569    117242       228
  117798    117471        65
  117864    117537       142
  118007    117680        72
  118080    117753        29
  118110    117783        34
  118145    117818        72
  118218    117891        91
  118310    117983        44
  118371    118044       106
  118470    118142        22
  118486    118157        87
  118566    118236       120
  118687    118357        30
  118775    118411        35
  118811    118447        93
  118897    118532        76
  118983    118619       195
  119190    118832        30
  119221    118863        81
  119303    118945        45
  119349    118991       108
  119458    119100        78
  119537    119179        22
  119573    119215        87
  119674    119321       144
  119813    119455        53
  119867    119509        26
  119894    119536       192
  120087    119729       119
  120207    119849       249
  120457    120099        71
  120529    120171        86
  120616    120258       116
  120733    120375       100
  120834    120476        55
  120894    120536        75
  120977    120619        91
  121069    120711        35
  121105    120756        20
  121117    120767        35
  121153    120803        20
  121174    120817       160
  121335    120978       140
  121476    121119        95
  121572    121215        32
  121605    121248       128
  121734    121377       296
  122031    121674       742
  122774    122416       407
  123182    122824        97
  123305    122923        30
  123336    122954        48
  123381    122978       113
  123495    123092        26
  123522    123119        40
  123563    123160       279
  123843    123440        55
  123899    123496        46
  123946    123543       174
  124121    123718       142
  124264    123861       138
  124403    124000        90
  124494    124091       158
  124657    124251       105
  124763    124357        42
  124806    124400        68
  124874    124474       749
  125624    125224       541
  126196    125791       295
  126481    126078       133
  126615    126212        80
  126696    126293        72
  126788    126385       107
  126886    126485       156
  127033    126633        46
  127080    126680      1352
  128433    128033       432
  128866    128466        38
  128905    128505       250
  129156    128750       187
  129344    128938        65
  129410    129004        42
  129447    129040        24
  129472    129065        24
  129500    129093       187
  129688    129281        99
  129788    129381        85
  129890    129483       255
  130146    129739        36
  130183    129776        65
  130249    129842       125
  130375    129968       210
  130586    130179        47
  130634    130227        85
  130720    130313       104
  130863    130456       152
  131016    130609        74
  131092    130691       162
  131273    130872        33
  131307    130906        28
  131336    130935       183
  131539    131138       118
  131668    131267       174
  131843    131442        20
  131864    131463       148
  132030    131629       207
  132238    131837       215
  132454    132053        77
  132550    132149        27
  132578    132177        39
  132628    132227       109
  132766    132365        42
  132809    132408        51
  132861    132460        47
  132909    132508        53
  132969    132568       227
  133205    132804        41
  133248    132847        26
  133332    132931        20
  133353    132952       139
  133517    133116        53
  133587    133186        74
  133674    133273        20
  133715    133314        30
  133764    133363        54
  133819    133418        20
  133840    133439        89
  133942    133541        21
  133964    133563       132
  134103    133702        32
  134138    133737        22
  134174    133779       112
  134287    133892       113
  134401    134006        96
  134498    134103      1217
  135716    135321       223
  135940    135545       140
  136071    135677       466
  136528    136135      4579
  141108    140715       272
  141381    140988       317
  141699    141306       596
  142296    141903      2362
  144650    144262       401
  145052    144664       318
  145371    144983        98
  145470    145082       140
  145611    145223       157
  145769    145381       586
  146356    145968       213
  146559    146170      2346
  148896    148508      1474
  150371    149983       601
  150973    150585        34
  151008    150620       223
  151232    150844       800
  152033    151645      1718
  153752    153364      2488
  156241    155853      1546
  157900    157389       177
  158078    157567       191
  158270    157759       256
  158527    158016       430
  158958    158447       580
  159539    159028       830
  160370    159859       102
