> gi|318084548|gb|HQ325743.1|
       1         4        77
     250    120279        20
     527       416        28
     563       452        69
     633       522        59
     705       594        23
     741       630        34
     783       672       227
    1032       921        38
    1092       981        23
    1134      1023        35
    1170      1059        79
    1250      1139        24
    1275      1164        35
    1323      1212        38
    1380      1269        68
    1449      1338        59
    1527      1416        71
    1599      1488        40
    1680      1558        53
    1867      1793        56
    1941      1887        50
    2262      2228        20
    2357      2329        36
    2437      2409        35
    2628      2600        30
    2995      2964        32
    3050      3019        25
    3157      3123        26
    3271      3237        26
    3366      3332        33
    3504      3470        20
    3565      3534        20
    3745      3701        38
    3784      3740        29
    3822      3778        22
    3915      3866        43
    4339      4281        39
    4406      4348        75
    4482      4424        25
    4857      4740        20
    5152      5363        35
    5203      5414        57
    5530      5746        24
    5644      5858        30
    5885      6098        25
    5917      6134        21
    6097      6305        83
    7534      6963        26
    7561      6990        48
    7736      7166        21
    7758      7188        21
    7780      7210        22
    7820      7256        26
    7956      7378        22
    8052      7474        41
    8095      7517        57
    8386      7842        21
    8509      7976        27
    8567      8034        20
    8588      8055        20
    8777      8173        37
    8822      8218        47
    9297    123161        20
    9650      9153        42
    9761      9259        37
    9811      9309        21
    9896      9426        22
    9961      9491        26
   10128      9635        32
   10330      9847        31
   10362      9879        28
   10399      9916        71
   10721     10202        81
   11274     10456        33
   11308     10490        38
   11446     10628        23
   11470     10652        23
   11584     10766        44
   11629     10811        32
   11719     10901        23
   11753     10935        25
   11779     10961        35
   11824     11006        44
   11875     11057        20
   11935     11117        29
   11965     11147        23
   12035     11217        64
   12118     11300        35
   12154     11336        65
   12238     11420        26
   12328     11510        41
   12386     11568        85
   12487     11669        29
   12517     11699        22
   12540     11722        21
   12580     11762        77
   12696     11875        21
   12724     11926        22
   12779     11981        20
   12804     12006        31
   12836     12038        44
   12902     12104        26
   12930     12132        21
   12980     12182        20
   13072     12274        35
   13108     12310        21
   13130     12332        33
   13176     12389        24
   13207     12420        26
   13404     12709        26
   13470     12766        26
   13728     12984        30
   13786     13030        33
   13833     13075        21
   13875     13117       105
   13997     13239        48
   14578     13838        20
   14623     13883        20
   14697     13957        42
   14749     14009        71
   14821     14081        56
   15798     15161        24
   15926     15284        20
   15995     15369        26
   16037     15411        29
   16067     15441        38
   16113     15487        40
   16166     15540        26
   16241     15615        23
   16289     15663        41
   16331     15705        35
   16465     15839        30
   16496     15870        20
   16517     15891        22
   16547     15921        26
   16579     15953        36
   16650     16024        37
   16734     16099        35
   16929     16328        54
   16996     16395        24
   17021     16420        44
   17080     16479        51
   17132     16531        20
   17185     16584        37
   17223     16622        28
   17294     16693        26
   17345     16744        20
   17366     16765        20
   17387     16786        20
   17463     16862        49
   17522     16921        20
   17573     16972        41
   18070     17445        26
   18133     17508        23
   18175     17550        29
   18334     17709        26
   18436     17811        35
   18474     17849        21
   18510     17885        25
   18547     17922        20
   18568     17943        29
   18598     17973        53
   18652     18027        32
   18831     18206        27
   18917     18292        21
   19161     18539        20
   19182     18560        22
   19456     18837        32
   19682     19063        24
   19744     19125        20
   19765     19146        36
   19843     19224        23
   19912     19293        29
   20010     19391        21
   20165     19546        20
   20194     19575        26
   20511     19895        20
   20624     20008        22
   20647     20031        20
   20668     20052        26
   20740     20124        38
   20779     20163        23
   20803     20187        34
   20848     20232        29
   21037     20421        38
   21100     20484        32
   21178     20562        29
   21208     20592        31
   21265     20649        29
   21319     20703        26
   21439     20823        50
   21511     20895        38
   21550     20934        35
   21607     20991        32
   21640     21024        20
   21667     21051        23
   21703     21087        48
   21769     21153        20
   21806     21190        46
   21895     21279        43
   21955     21339        50
   22008     21392        21
   22107     21491        32
   22271     21660        31
   22477     21866        35
   22528     21917        26
   22615     21998        23
   22654     22037        23
   22702     22085        77
   22786     22169        20
   22807     22190        40
   22848     22231        24
   22909     22292        38
   22958     22341        31
   22996     22379        37
   23034     22417        21
   23077     22460        20
   23191     22574        32
   23224     22607        29
   23254     22637        20
   23275     22658        44
   23323     22706        23
   23347     22730        38
   23389     22772        38
   23490     22873        41
   23532     22915        57
   23590     22973        24
   23677     23060        20
   23752     23135        20
   23809     23192        32
   23842     23225        23
   23886     23267        20
   23920     23301        31
   24104     23479        40
   24175     23553        26
   24279     23667        28
   24371     23764        24
   24465     23869        27
   24537     23941        20
   24575     23979        34
   24613     24017        20
   24646     24050        32
   24706     24110        44
   24751     24155        23
   24796     24200        23
   24820     24224        20
   24841     24245        20
   24862     24266        65
   24952     24356        23
   24976     24380        38
   25018     24422        20
   25043     24447        74
   25137     24541        31
   25254     24658        26
   25287     24691        35
   25347     24751        38
   25389     24793        44
   25434     24838        20
   25465     24869        24
   25506     24910        34
   25560     24964        29
   25608     25012        26
   25670     25074        21
   25707     25111        26
   25734     25138        20
   25782     25186        20
   25947     25351        26
   25986     25390        20
   26007     25411        21
   26070     25474        62
   26133     25537        20
   26163     25567        35
   26199     25603        35
   26235     25639        20
   26262     25666        25
   26310     25714        23
   26364     25768        21
   26398     25802        54
   26554     25958        40
   26604     26008        23
   26652     26056        26
   26679     26083        23
   26703     26107        22
   27000     26398        29
   27078     26476        29
   27129     26527        20
   27150     26548        20
   27171     26569        26
   27198     26596        50
   27267     26665       100
   27397     26795        43
   27471     26869        41
   27513      7797        21
   27543     26941        23
   27581     26979        54
   27646     27044        25
   27672     27070        83
   27756     27154        25
   27804     27202        23
   27831     27229        23
   27885     27283        56
   27948     27346        28
   27997     27395        22
   28020     27418        50
   28092     27490        44
   28146     27544        39
   28199     27597        27
   28227     27625        21
   28258     27656        25
   28362     27766        26
   28565     27980        28
   29226     28674        21
   29551     28881        35
   29589     28920        34
   30435     29449        27
   30478     29509        23
   30503     29534        55
   30559     29590        29
   30633     29665        33
   30897     30109        27
   31545     30751        25
   31571     30777        29
   31625     30831        35
   31678     30886        33
   31762     30970        32
   31814     31022        43
   32750     31368        58
   32809     31427        20
   33238     31948       104
   33358     32068        69
   33440     32150        24
   33506     32206        32
   33848     32511        26
   34106     32813        36
   34333     33006        75
   34407     33084        20
   34743     33443        23
   35418     34138        34
   35788     34486        33
   35823     34521        34
   35858     34556        41
   35900     34598        29
   35936     34634        23
   35975     34673        23
   36044     34742        23
   36071     34769        92
   36170     34868        32
   36203     34901        23
   36227     34925        26
   36254     34952       113
   36389     35087        59
   36455     35153        29
   36485     35183        62
   36548     35246        29
   36578     35276       155
   36764     35462        23
   36788     35486       117
   36906     35604        47
   36957     35655        23
   36981     35679        80
   37080     35778        27
   37143     35841        23
   37167     35865        29
   37209     35907        32
   37248     35946        23
   37275     35973        56
   37336     36034        46
   37392     36090        50
   37443     36141        38
   37500     36198        41
   37542     36240        27
   37575     36273        41
   37638     36336        25
   37674     36372        59
   37752     36450        20
   37773     36471        59
   37881     36579        62
   38064     36762        20
   38100     36798        41
   38142     36840        32
   38205     36903        20
   38378     37085        23
   38491     37202        35
   38534     37245        29
   38624     37336        33
   38915     37641        29
   38945     37671        32
   38980     37706        21
   39002     37728        20
   39089     37815        20
   39937     38658        80
   40208     38910        34
   40345     39037        22
   40409     39109        33
   40491     39191        41
   40533     39233        20
   40569     39269       106
   40676     39376        21
   40714     39414        26
   40741     39441        37
   40870     39571        23
   40897     39598        20
   40918     39619        23
   40951     39652        77
   41077     39778        41
   41119     39820        23
   41152     39853        25
   41178     39879        57
   41236     39937        53
   41290     39991        26
   41317     40018        20
   41365     40066        29
   41446     40147        41
   41488     40189        29
   41518     40219        26
   41607     40308        30
   41638     40339        26
   41692     40393        20
   41713     40414        26
   41764     40465       107
   41899     40600        35
   41935     40636        83
   42037     40738        56
   42118     40819        41
   42166     40867        20
   42232     40933        47
   42280     40981        54
   42352     41053        22
   42396     41097        21
   42447     41148        21
   42502     41203        41
   42544     41245        53
   42613     41314        20
   42643     41344        26
   42670     41371        32
   42754     41455        41
   42814     41515        26
   42841     41542        35
   42877     41578        83
   42976     41677        44
   43021     41722        90
   43112     41813        41
   43154     41855       113
   43268     41969        49
   43324     42025        42
   43376     42077        20
   43476     42177        37
   43553     42254        32
   43586     42287        20
   43610     42311        20
   43631     42332        26
   43664     42365        35
   43703     42404        29
   43745     42446        23
   43784     42485        20
   43867     42568        54
   43940     42641       152
   44147     42848       124
   44272     42973        27
   44333     43034        43
   44504     43205        95
   44621     43322        20
   44672     43373        38
   44723     43424        50
   44789     43490        23
   44849     43550        38
   44888     43589        26
   44915     43616        29
   44963     43664        35
   44999     43700        20
   45026     43727        32
   45128     43829        21
   45150     43851        28
   45179     43880        32
   45215     43916        26
   45251     43952        25
   45277     43978        24
   45302     44003        64
   45454     44175        27
   45482     44203        44
   45966     44623        23
   46124     44994        47
   46172     45042        41
   46214     45084        29
   46267     45137        52
   46441     45339        28
   46510     45414        24
   46595     45500        34
   46731     45636        22
   46770     45674        32
   46850     45749        34
   46883     45783        22
   46962     45887        66
   47029     45954        20
   47086     46011        29
   47125     46050        53
   47182     46107        45
   47264     46190        28
   47293     46219        22
   47368     46296        28
   47622     46544        26
   47725     46645        25
   47777     46697        34
   47955     46902        29
   47985     46932        96
   48917     47325        57
   48978     47386        34
   49279     47685        45
   49325     47731        23
   49364     47770        29
   49435     47841        26
   49505     47911        30
   49541     47947        35
   49577     47983        35
   49631     48037        44
   49688     48094        35
   49724     48130        44
   49789     48195        54
   49856     48262        38
   50088     48848        80
   51115     49885        30
   51401     50256        73
   51475     50330        29
   51509     50364        24
   51590     50457        24
   51833     50788        36
   51879     50840        25
   51905     50866        60
   52146     51337        57
   52204     51395        24
   52255     51428        22
   52946     52114        25
   52972     52140        20
   53133     52301        20
   53185     52353        56
   53272     52440        44
   53317     52485        53
   53371     52539        29
   53420     52588        25
   53567     52776        20
   53662     52871        29
   53734     52943        42
   53888     53097        20
   53915     53124        29
   53948     53157        20
   53984     53193        35
   54020     53229        20
   54041     53250        29
   54071     53280        38
   54116     53325        60
   54244     53458        56
   54301     53515        28
   54350     53564       135
   54540     53754        27
   54568     53782        58
   55133     54716        47
   55181     54764        25
   55231     54817        33
   55375     54983        28
   55415     55023        24
   55463     55070        21
   55512     55118        20
   55641     55241        32
   55747     55342        40
   55788     55382        24
   55813     55407        59
   55890     55495        41
   55971     55586        97
   56346     55917        26
   56373     55944        32
   56456     56027        21
   56496     56067        20
   56523     56094        35
   56559     56130        92
   56653     56224        58
   56718     56289        28
   56747     56318        38
   56786     56357        26
   56828     56399        29
   56858     56429        56
   56933     56504        23
   56957     56528        29
   56990     56561        50
   57065     56636        23
   57089     56660        23
   57155     56726        26
   57233     56804        26
   57278     56849        50
   57347     56918        23
   57413     56984        65
   57479     57050        20
   57503     57074        25
   57550     57121        21
   57572     57143        41
   57659     57230        41
   57761     57332        44
   57911     57482        28
   57947     57518        24
   57989     57560        56
   58097     57668        38
   58300     57866        28
   58413     57976        27
   58520     58067        25
   58682     58264        28
   58758     58497        24
   58809     58548        23
   58838     58577        35
   58964     58691        20
   58985     58712        92
   59085     58812        26
   59113     58840        24
   59138     58865        20
   59186     58913        38
   59225     58952        35
   59304     59031        61
   59366     59093        59
   59456     59183        32
   59531     59258        68
   59660     59387        32
   59693     59420        68
   59762     59489        20
   59792     59519        29
   59846     59573        59
   59915     59642        20
   59972     59699        38
   60011     59738        26
   60044     59771        56
   60101     59828        26
   60134     59861        23
   60158     59885        30
   60189     59916        40
   60230     59957        60
   60302     60029        26
   60338     60065        20
   60378     60105        31
   60413     60209        40
   60488     60279        39
   60680     60445        20
   60790     60582        21
   61099     60864        29
   61217     60982        20
   61429     61197        20
   61842     61607        20
   61854     61625        20
   61919     61690        26
   61956     61727        25
   62050     61821        20
   62071     61842        24
   62150     61921        26
   62177     61948        29
   62249     62020        29
   62294     62065        30
   62375     62146        23
   62522     62293        26
   62559     62330        25
   62870     62592        24
   63356     63136        27
   63443     63223        39
   63524     63310        33
   63835     63600        35
   63908     63671        26
   63997     63764        23
   64150     63917        32
   64204     63971        20
   64255     64022        35
   64293     64060        22
   64321     64088        49
   64375     64142        20
   64396     64163        26
   65456     65202        22
   65533     65279        52
   65611     65357        27
   65639     65385        28
   65697     65443        43
   65760     65506        24
   65785     65531        24
   65888     65634        36
   65931     65677        35
   65997     65743        22
   66024     65770        23
   66066     65812        29
   66096     65842        26
   66159     65905        24
   66354     66116        58
   66492     66254        29
   66531     66293        20
   66558     66320        29
   66594     66356        20
   66615     66377        32
   66655     66417        20
   66678     66440        23
   66765     66527        52
   66834     66596        27
   66883     66645        22
   66933     66695        20
   67047     66809        26
   67193     66955        27
   67266     67028        21
   67320     67082        24
   67345     67107        22
   67697     67451        22
   68372     68264        32
   68426     68318        61
   68508     68394        22
   68616     68499       104
   68750     68637        43
   68794     68681        29
   68833     68720        91
   68926     68813        50
   68977     68864        41
   69019     68906        23
   69043     68930        32
   69076     68963        64
   69141     69028        20
   69234     69111        21
   69266     69143        29
   69296     69173        22
   70303     69766        20
   70407     69873        25
   70441     69907        21
   70480     69946        20
   70663     70133        34
   70698     70168        26
   70743     70213        35
   70906     70420        35
   70942     70456        50
   71166     70664        96
   71280     70778        20
   71605     71109        31
   71637     71141        20
   71682     71186        20
   72126     71729        21
   72148     71751        20
   72321     71918        24
   72557     72299       140
   72713     72455        58
   72779     72521        20
   72800     72542        23
   73154     72821        27
   73184     72851        29
   73227     72894        24
   73277     72944        20
   73298     72965        26
   73407     73074        30
   73527     73188        22
   73562     73215        62
   73684     73343        24
   73750     73420        20
   73772     73442        21
   74242     73906        32
   74275     73939        23
   74299     73963        20
   74335     73999        29
   74390     74050        22
   74553     74259        44
   74607     74313        23
   74631     74337        23
   74691     74397        20
   74712     74418        23
   75005     74723        28
   75053     74769        33
   75145     74904        20
   75276     75030        37
   75320     75075        27
   75380     75143        30
   75450     75213        26
   75477     75240        41
   75519     75282        35
   75565     75328        49
   75615     75378        71
   75713     75475        40
   75754     75514        20
   75966     75731        39
   76019     75794        29
   76279     76059        30
   76463     76238        38
   76599     76374        23
   76803     76600        23
   76838     76635        24
   76901     76696        30
   76970     76751        54
   77025     76806        30
   77111     76892        22
   77134     76915        20
   77170     76951        86
   77272     77053        38
   77320     77101        53
   77407     77188        26
   77437     77218        23
   77461     77242        20
   77482     77263        50
   77587     77368        56
   77722     77503        29
   77752     77533        32
   77785     77566        32
   77836     77617        20
   77857     77638        29
   77906     77687        61
   77992     77773        44
   78076     77857        81
   78211     77992        23
   78253     78034        44
   78304     78085        62
   78367     78148        20
   78409     78190        36
   78478     78259        76
   78654     78497        45
   78703     78546        41
   78794     78632        24
   78819     78657        21
   78856     78694        92
   78957     78795        33
   79034     78872        22
   79085     78923        29
   79193     79031        27
   79280     79118        29
   79417     79245        45
   79463     79291        22
   79567     79406        25
   79728     79596        34
   79764     79632        23
   79786     79655        22
   79834     79703        20
   79940     79804        52
   80093     79963        22
   80141     80007        34
   80202     80068        36
   80254     80120        50
   80305     80171        44
   80368     80234        20
   80398     80264        62
   80461     80327        36
   80498     80364        28
   80527     80393        50
   80633     80499        31
   80725     80591        32
   80758     80624        32
   80824     80690        20
   80851     80717        22
   80908     80781        46
   80955     80831        26
   81037     80919        59
   81118     80996        33
   81196     81072        24
   81253     81123        27
   81371     81250        23
   81423     81298        29
   81760     81629        37
   81830     81699        21
   81855     81724        23
   81927     81796        30
   81981     81850        20
   82002     81871        20
   82023     81892        32
   82074     81943        29
   82104     81973        35
   82140     82009        20
   82185     82054        32
   82242     82111        32
   82275     82144        38
   82573     82385        23
   82718     82530        23
   82810     82622        23
   82836     82648        27
   82876     82688        20
   82967     82779        61
   83071     82883        28
   83134     82946        22
   83157     82969        28
   83238     83050        35
   83278     83090        35
   83365     83177        35
   83428     83240        23
   83466     83278        25
   83510     83328        20
   83536     83359        23
   83560     83383        23
   83598     83421        53
   83652     83475        40
   83693     83516        30
   83784     83607        20
   83859     83682        29
   83889     83712        41
   84038     83861        39
   84121     83971        32
   84196     84046        29
   84226     84076        20
   84273     84122        29
   84575     84389        22
   84748     84569        23
   84790     84611        41
   84927     84748        37
   85005     84826        24
   85075     84896        42
   85328     85114        41
   85390     85176        33
   85439     85225        20
   85486     85272        27
   85514     85300        20
   85543     85329        26
   85577     85363        34
   85625     85411        23
   85731     85505        27
   85851     85639        38
   85923     85711        23
   85962     85750        20
   86001     85789        44
   86073     85861        20
   86094     85882        20
   86142     85930        20
   86166     85954        23
   86233     86024        22
   86256     86047        24
   86492     86302        22
   86571     86390        24
   86942     86827        21
   87073     86986        27
   87216     87125        34
   87483     87391        29
   87595     87503        20
   87667     87575        26
   87699     87607        35
   88002     87910        53
   88174     88106        25
   88310     88242        27
   88395     88327        31
   88428     88360        24
   88704     88665        20
   88746     88707        29
   88815     88776        29
   88912     88882        29
   88942     88912        71
   89017     88987        44
   89062     89032        56
   89149     89119        80
   89248     89218        33
   89282     89252        76
   89354     89328        65
   89420     89394        24
   89472     89470        30
   89508     89506       119
   89628     89626        44
   89673     89671        85
   89769     89768       164
   89934     89933        27
   89962     89961       163
   90126     90125        29
   90156     90155        31
   90200     90199        40
   90241     90240        35
   90277     90276        35
   90313     90312        41
   90355     90354        41
   90396     90389        29
   90426     90419        49
   90476     90469        22
   90499     90492        27
   90527     90520        24
   90552     90545        71
   90642     90635        27
   90675     90668        23
   90700     90689        36
   90752     90737        31
   90807     90792        40
   90848     90833       150
   90999     90984        20
   91020     91005       109
   91130     91115       314
   91445     91430        77
   91523     91508        27
   91551     91536       149
   91707     91692        22
   91733     91718        23
   91782     91767        22
   91805     91790       115
   91923     91908        20
   91946     91931        86
   92035     92020        57
   92114     92099        47
   92162     92147        33
   92196     92181        36
   92233     92218       120
   92396     92390        27
   92432     92426        58
   92507     92501        29
   92537     92531       193
   92745     92733        26
   92772     92760        22
   92814     92802        78
   92913     92901        22
   92947     92935        68
   93044     93032       126
   93178     93166        56
   93237    155860        20
   93258     93246        56
   93329     93317        22
   93352     93340        40
   93429     93417        61
   93491     93479        21
   93513     93501        25
   93539     93527        84
   93624     93612        34
   93665     93653        46
   93738     93726        31
   93770     93758        52
   93872     93860        32
   93906     93894        72
   93987     93969       154
   94184     94166        56
   94295     94283        21
   94322     94310        28
   94351     94339        21
   94373     94361        47
   94421     94409        85
   94533     94521        77
   94611     94599        43
   94657     94645        49
   94707     94695        37
   94745     94733        25
   94771     94759       104
   94895     94883        54
   94950     94938        55
   95029     95017        40
   95076     95064        75
   95152     95140        21
   95174     95162        26
   95201     95189        57
   95259     95247        39
   95299     95287        40
   95340     95328        30
   95382     95379        35
   95441     95438        59
   95525     95522        68
   95594     95591        45
   95640     95637        62
   95703     95700        66
   95786     95783        44
   95866     95863        33
   95903     95900        35
   95955     95952        72
   96028     96025        33
   96091     96124        41
   96162     96195        22
   96201     96234        65
   96267     96300        42
   96310     96343        22
   96334     96367        49
   96395     96428        20
   96416     96449        50
   96467     96500        35
   96503     96536        33
   96550     96583        51
   96633     96666        96
   96730     96763        28
   96759     96792        76
   96836     96869        63
   96900     96933        45
   96963     96996        67
   97050     97083        38
   97110     97143        41
   97153     97186        51
   97205     97238        26
   97232     97265        29
   97262     97295        44
   97335     97368        40
   97376     97409        22
   97399     97432        31
   97431     97464        58
   97496     97529        53
   97550     97583        57
   97610     97643        59
   97670     97703        49
   97713     97752        67
   97790     97829        65
   97872     97911        29
   97911     97950        24
   97980     98019        20
   98003     98042        23
   98027     98066        65
   98106     98145        72
   98179     98218        59
   98238     98271        33
   98272     98305        27
   98312     98345        20
   98319     98363        42
   98355     98404        38
   98404     98453        20
   98531     98580        23
   98555     98604        36
   98625     98670        26
   98668     98717        24
   98733     98781        23
   98765     98813        37
   98803     98851       207
   99021     99069        23
   99087     99145        21
   99109     99171        20
   99193     99261        22
   99216     99284        39
   99256     99324        40
   99313     99381        74
   99388     99456        57
   99452     99521        31
   99479     99564       144
   99624     99709        64
   99689     99774        33
   99723     99808        77
   99816     99901        29
   99846     99931       335
  100182    100267       144
  100348    100436        33
  100405    100493        62
  100470    100556       279
  100750    100836        21
  100772    100858        24
  100815    100901        47
  100863    100949        94
  100958    101044        36
  101006    101092       146
  101153    101239        25
  101179    101265       119
  101317    101403       120
  101438    101524        76
  101515    101601       151
  101667    101753        38
  101706    101792        20
  101728    101815        21
  101770    101858        75
  101846    101934        38
  101901    101989        70
  102008    102094        23
  102032    102118       137
  102170    102256       137
  102308    102394        40
  102349    102435       151
  102513    102599        82
  102593    102675        46
  102665    102747        34
  102700    102782       102
  102803    102879        33
  102854    102930       214
  103069    103145       209
  103279    103355       208
  103520    103595        35
  103583    103655        31
  103614    103688        38
  103655    103729        22
  103678    103752        36
  103715    103789        38
  103823    103901        22
  103886    103971        22
  103932    104012        38
  103971    104051        24
  104048    104123        24
  104075    104150        76
  104190    104265        54
  104256    104331        39
  104289    104400        20
  104310    104476        51
  104390    104567        45
  104564    104737        82
  104689    104862        27
  104751    104924        28
  104780    104953        64
  104862    105035        40
  104910    105083        23
  104939    105112        36
  104976    105149        22
  105022    105196        29
  105065    105239        36
  105110    105284        26
  105167    105336        32
  105200    105369        81
  105331    105499        96
  105428    105596        31
  105462    105630       754
  106217    106385       260
  106478    106646       128
  106607    106775        89
  106697    106865       199
  106897    107065       140
  107109    107277        21
  107131    107299        48
  107234    107400        24
  107273    107440       187
  107474    107642        75
  107570    107738        21
  107592    107760       199
  107792    107960       121
  107925    108093       124
  108120    108294       214
  108331    108500        41
  108383    108551        64
  108466    108634       120
  108602    108770        44
  108670    108837        98
  108785    108952        55
  108841    109008        28
  108915    109082        67
  109027    109190        55
  109088    109251       104
  109203    109365        75
  109336    109502        33
  109402    109595       166
  109569    109762        38
  109608    109801        91
  109700    109893        24
  109752    109945       117
  109870    110063        42
  109913    110106        52
  109975    110165       383
  110374    110564       242
  110617    110807        27
  110671    110861        70
  110742    110932       264
  111007    111197       426
  111435    111625        39
  111475    111665        30
  111506    111696        26
  111533    111723       372
  111906    112096       323
  112240    112430        25
  112299    112489        45
  112345    112535       117
  112463    112653        37
  112477    112699        64
  112556    112778        40
  112627    112855        51
  112679    112907        57
  112750    112978        55
  112881    113108        30
  112932    113159        55
  113000    113225        22
  113026    113251        78
  113139    113363        33
  113288    113522        45
  113401    113636        40
  113460    113695        38
  113560    113792        25
  113586    113818        57
  113680    113918        21
  113735    113957        51
  113787    114009        28
  113816    114038        31
  113863    114085        20
  113884    114106        23
  113913    114135        56
  114067    114288        27
  114101    114311        26
  114188    114398        45
  114279    114489        30
  114341    114551        20
  114397    114607        67
  114486    114696        59
  114550    114760        54
  114605    114815        23
  114629    114839        44
  114698    114908        20
  114782    114992        32
  114815    115025        48
  120641    128526        20
  134683    134689        22
  134766    134772        26
  134799    134794        27
  134924    134918        56
  134986    134980        23
  135010    135004        20
  135046    135040        31
  135078    135072        28
  135107    135101        51
  135192    135170        21
  135250    135234        57
  135308    135292        25
  135395    135376        38
  135452    135433        40
  135560    135542        45
  135721    135713        33
  135789    135780        78
  135871    135862        22
  135906    135895        55
  135982    135971        30
  136088    136076        55
  136157    136145        57
  136215    136203        51
  136297    136291        40
  136352    136346        64
  136393    136419        37
  136431    136457       117
  136549    136575        45
  136628    136654        25
  136664    136690       323
  136988    137014       372
  137361    137387        26
  137388    137414        30
  137419    137445        39
  137460    137486       426
  137887    137913       264
  138152    138178        70
  138249    138275        27
  138277    138303       242
  138535    138561       383
  138928    138951        52
  138981    139004        42
  139024    139047       117
  139169    139192        24
  139194    139217        91
  139286    139309        38
  139325    139348       166
  139524    139574        33
  139615    139669        75
  139701    139754       104
  139811    139864        55
  139911    139960        67
  140024    140073        28
  140053    140102        55
  140125    140174        98
  140247    140295        44
  140307    140355       120
  140446    140494        64
  140521    140568        41
  140559    140601       214
  140844    140892       124
  140980    141028       121
  141102    141150       199
  141302    141350        21
  141344    141392        75
  141433    141482       187
  141635    141685        24
  141714    141762        48
  141763    141811        21
  141856    141904       140
  141997    142045       199
  142197    142245        89
  142287    142335       128
  142416    142464       260
  142677    142725       754
  143434    143482        31
  143466    143514        96
  143612    143659        81
  143694    143741        32
  143757    143799        26
  143792    143834        36
  143842    143884        29
  143895    143938        22
  143918    143961        36
  143960    144003        23
  143991    144034        40
  144049    144092        64
  144114    144157        28
  144177    144220        27
  144247    144290        82
  144458    144497        45
  144532    144582        51
  144584    144689        20
  144598    144739        39
  144649    144790        54
  144742    144883        76
  144821    144962        24
  144898    145034        24
  144923    145059        38
  144985    145116        22
  145048    145186        22
  145140    145282        38
  145179    145321        36
  145216    145358        22
  145241    145383        38
  145279    145423        31
  145338    145479        35
  145406    145546       208
  145615    145755       209
  145825    145965       214
  146057    146197        33
  146091    146225       102
  146194    146328        34
  146254    146388        46
  146298    146428        82
  146393    146523       151
  146545    146675        40
  146586    146716       137
  146724    146854       137
  146862    146992        23
  146922    147050        70
  147009    147137        38
  147048    147176        75
  147144    147273        21
  147167    147297        20
  147188    147318        38
  147227    147357       151
  147379    147509        76
  147456    147586       120
  147595    147725       119
  147715    147845        25
  147741    147871       146
  147899    148029        36
  147936    148066        94
  148031    148161        47
  148097    148227        24
  148122    148252        21
  148144    148274       279
  148426    148554        62
  148512    148640        33
  148567    148698       144
  148712    148843       335
  149048    149179        29
  149093    149224        77
  149171    149302        33
  149205    149336        64
  149270    149401       144
  149410    149557        31
  149448    149596        57
  149506    149654        74
  149597    149745        40
  149638    149786        39
  149678    149826        22
  149764    149918        20
  149785    149943        21
  149849    150017        23
  149883    150051       207
  150091    150259        37
  150137    150305        23
  150201    150368        24
  150242    150413        26
  150302    150469        36
  150339    150506        23
  150469    150636        20
  150500    150667        38
  150532    150704        42
  150561    150744        20
  150594    150777        27
  150622    150805        33
  150655    150832        59
  150715    150892        72
  150801    150978        65
  150867    151044        23
  150893    151070        20
  150958    151135        24
  150992    151169        29
  151038    151215        65
  151113    151290        67
  151174    151357        49
  151224    151407        59
  151286    151469        57
  151344    151527        53
  151404    151587        58
  151463    151646        31
  151495    151678        22
  151518    151701        40
  151587    151770        44
  151632    151815        29
  151662    151845        26
  151689    151872        51
  151742    151925        41
  151805    151988        38
  151863    152046        67
  151948    152131        45
  151994    152177        63
  152058    152241        76
  152135    152318        28
  152164    152347        96
  152292    152475        51
  152357    152540        33
  152391    152574        35
  152427    152610        50
  152478    152661        20
  152510    152693        49
  152561    152744        22
  152584    152767        42
  152627    152810        65
  152709    152892        22
  152761    152944        41
  152832    153051        33
  152866    153085        72
  152955    153174        35
  152994    153213        33
  153063    153282        44
  153124    153343        66
  153191    153410        62
  153254    153473        45
  153300    153519        68
  153393    153612        59
  153476    153695        35
  153523    153751        30
  153554    153782        40
  153595    153823        39
  153635    153863        57
  153693    153921        26
  153720    153948        21
  153742    153970        75
  153824    154052        40
  153888    154116        55
  153944    154172        54
  154018    154246       104
  154123    154351        25
  154149    154377        37
  154187    154415        49
  154239    154467        43
  154283    154511        77
  154387    154615        85
  154473    154701        47
  154521    154749        21
  154543    154771        28
  154577    154805        21
  154653    154887        56
  154752    154986       154
  154915    155143        72
  154989    155217        32
  155071    155299        52
  155124    155352        31
  155182    155410        46
  155235    155463        34
  155270    155498        84
  155355    155583        25
  155381    155609        21
  155403    155631        61
  155501    155729        40
  155542    155770        22
  155579    155807        56
  155636     93229        20
  155659    155887        56
  155723    155951       126
  155878    156106        68
  155958    156186        22
  156001    156229        78
  156099    156327        22
  156122    156350        26
  156163    156385       193
  156357    156579        29
  156403    156625        58
  156470    156692        27
  156540    156771       120
  156661    156892        36
  156698    156929        33
  156732    156963        47
  156801    157032        57
  156861    157092        86
  156950    157181        20
  156973    157204       115
  157089    157320        22
  157137    157368        23
  157164    157395        22
  157193    157424       149
  157343    157574        27
  157371    157602        77
  157449    157680       314
  157764    157995       109
  157874    158105        20
  157895    158126       150
  158046    158277        40
  158110    158341        31
  158157    158384        36
  158195    158418        23
  158224    158447        27
  158270    158493        71
  158342    158565        24
  158367    158590        27
  158395    158618        22
  158418    158641        49
  158468    158691        29
  158497    158714        41
  158539    158756        41
  158581    158798        35
  158617    158834        35
  158653    158870        40
  158706    158923        31
  158738    158955        29
  158768    158985       163
  158932    159149        27
  158960    159177       164
  159135    159353        85
  159221    159439        44
  159266    159484       119
  159391    159609        30
  159449    159691        24
  159474    159716        65
  159535    159781        76
  159612    159858        33
  159664    159910        80
  159775    160021        56
  159832    160078        44
  159880    160126        71
  159952    160198        29
