> gi|514253209|gb|KC893636.1|
       1         4        46
      48        51        28
     585       363        23
     609       387        20
     633       411        76
     710       488        30
     750       528        25
     783       561        26
     810       588        44
     882       660        56
     939       717        56
    1056       834        35
    1116       894        23
    1140       918        38
    1194       972        20
    1224      1002        34
    1260      1038        35
    1338      1116        23
    1368      1146        35
    1404      1182        29
    1449      1227        29
    1485      1263        35
    1533      1311        38
    1572      1350        26
    1682      1450        35
    1871      1637        38
    1941      1712        56
    2208      2028        21
    2581      2404        23
    3485      3320        31
    3740      3565        25
    3924      3735        26
    3945      3755        21
    4398      4202        20
    4431      4234        22
    8781     16068        29
   14265     62418        20
   38567     16136        20
   48983     53761        30
   54701     28431        30
   56052      9500        22
   61854     58184        31
   61922     58252        21
   61956     58286        20
   61989     58319        49
   62042     58372        41
   62151     58481        25
   62294     58624        30
   62349     58679        22
   62468     58798        33
   62525     58855        29
   62578     58908        28
   63443     59223        37
   63481     59261        33
   64244     59719        31
   65520     60514        23
   65925     60919        33
   66027     61021        20
   66139     61133        40
   66513     61474        29
   66567     61528        47
   66615     61576        62
   66678     61639        25
   66710     61671        30
   66792     61753        23
   66883     61844        25
   67047     62008        26
   67161     62122        29
   67200     62161        20
   67224     62185        26
   67329     62290        36
   68372     63240        23
   68413     63281        64
   68508     63374        22
   68637     63499        77
   68721     63583        26
   68750     63612        40
   68842     63704        20
   68882     63744        28
   68926     63788        59
   69088     63950        51
   69144     64006        21
   69170     64032        22
   69266     64128        29
   70408     64924        24
   70669     65165        28
   70725     65221        33
   70764     65260        25
   70909     65454        48
   70958     65503        30
   71179     65739        76
   71605     66087        37
   71682     66164        20
   71720     66202        30
   72070     25031        21
   72255     66866        32
   72576     67229        52
   72651     67304        43
   72740     67393        31
   72772     67425        21
   73178     67811        22
   73201     67834        21
   73455     68091        20
   73577     68206        21
   73911     68563        31
   74231     68898        28
   74319     68986        33
   74579     69272        27
   74691     69384        44
   75068     69929        20
   75368     70243        29
   75432     70307        26
   75483     70358        28
   75636     70511        32
   75779     69933        20
   76008     70803        21
   76067     70859        21
   76482     71186        24
   76976     71676        29
   77035     71736        20
   77113     71814        59
   77218     71919        29
   77284     71985        26
   77410     72111        23
   77434     72135        27
   77482     72183        32
   77515     72216        40
   77587     72288        26
   77623     72324        20
   77689     72390        26
   77755     72456        23
   77779     72480        32
   77836     72537        62
   77920     72621        23
   77944     72645        29
   78076     72777        65
   78211     72912        26
   78268     72969        29
   78304     73005        38
   78343     73044        23
   78367     73068        29
   78421     73122        23
   78445     73146        26
   78496     73197        40
   78666     73415        33
   78715     73464        21
   78825     73568        24
   78925     73668        23
   78954     73697        25
   79029     73781        25
   79072     73824        26
   79128     73880        25
   79154     73906        26
   79184     73936        26
   79289     74041        20
   79417     74168        29
   79713     74489        36
   79855     74635        20
   79904     47296        20
   80202     74982        36
   80407     75187        20
   80428     75208        32
   80467     75247        30
   80512     75292        23
   80536     75316        38
   80617     75397        20
   80638     75418        35
   80683     75463        20
   80710     75490        21
   80776     75556        26
   80871     75651        21
   80921     75700        28
   80950     75729        39
   81045     75829        35
   81196     75982        24
   81245     76024        27
   81420     76197        23
   81755     76497        30
   81795     76537        56
   81852     76594        32
   81915     76657        42
   81972     76714        32
   82023     76765        74
   82161     76903        23
   82254     76996        26
   82281     77023        28
   82682     77430        58
   82912     77666        20
   82933     77687        20
   82961     77715        22
   82985     77739        21
   83008     77762        29
   83134     77888        20
   83230     77984        43
   83298     78052        30
   83386     78140        23
   83428     78182        36
   83466     78220        21
   83488     78242        25
   83559     78316        20
   83662     78425        37
   83718     78481        32
   83769     78532        20
   83910     78673        30
   84125     79094        25
   84157     79126        20
   84195     79164        46
   84270     79247        21
   84713     79676        22
   84799     79762        20
   85325     80387        44
   85390     80452        33
   85424     80486        23
   85475     80537        38
   85665     80727        25
   85827     80881        26
   85857     80911        20
   85923     80977        38
   86073     81127        20
   86166     81220        23
   86572     81713        23
   86662     81803        23
   87218     82408        27
   87478     82667        35
   87523     82712        25
   87975     83164        20
   88006     83195        23
   88030     83219        23
   88585     83616        22
   88638     83669        44
   88716     83747        26
   88794     83825        56
   88912     83948        63
   88987     84023        29
   89017     84053        20
   89065     84101        50
   89143     84179        20
   89164     84200        74
   89257     84293        29
   89287     84323        23
   89311     84347        57
   89369     84405        24
   89394     84430        25
   89420     84456        33
   89482     84564        68
   89551     84633        35
   89587     84669        24
   89625     84707        34
   89684     84766        56
   89769     84860        46
   89816     84907        95
   89912     85003        31
   89955     85046       121
   90092     85183        33
   90156     85247        21
   90178     85269        21
   90200     85291        68
   90277     85368        26
   90323     85414        32
   90356     85447        40
   90396     85481        23
   90420     85505        78
   90525     85610        26
   90564     85649        46
   90611     85696        71
   90700     85785        20
   90784     85865        22
   90807     85888        20
   90848     86208        97
   90946     86306        37
   91025     86384        56
   91096     86455        33
   91167     86526        20
   91188     86547        71
   91271     86630        20
   91292     86651        20
   91353     86712        27
   91408     86767        28
   91445     86804        34
   91480     86839        25
   91531     86890        43
   91592     86951        30
   91623     86982        52
   91676     87035        30
   91709     87068        23
   91782     87141        22
   91819     87178        35
   91897     87256        23
   91950     87309        49
   92000     87359        28
   92035     87394        23
   92060     87422        80
   92141     87503        20
   92191     87553        35
   92262     87624        61
   92320     87685        37
   92448     87822        29
   92817     88185        36
   92854     88222        38
   92893     88261        33
   92976     88344        28
   93008     88376        61
   93138     88506        39
   93178     88546        34
   93267     88617        26
   93294     88644        20
   93362     88712        30
   93393     88743        25
   93429     88779        70
   93553     88903        30
   93584     88934        33
   93665     89015        22
   93712     89065        25
   93738     89091        23
   93782     89135        24
   93807     89160        22
   93872     89225        32
   93905     89258        47
   93953     89306        26
   93980     89333        31
   94012     89365        50
   94064     89417        40
   94107     89460        34
   94184     89537        41
   94266     89619        46
   94313     89666        26
   94351     89704        25
   94404     89757        59
   94474     89827        31
   94509     89862        23
   94533     89886        76
   94655     90008        22
   94687     90040        42
   94730     90083        40
   94772     90125        47
   94820     90173        38
   94895     90248        32
   94906     90280        22
   95037     90411        22
   95076     90450        28
   95110     90484        33
   95152     90526        21
   95174     90548        26
   95201     90575        57
   95259     90633        29
   95303     90677        27
   95340     90714        30
   95378     90746        23
   95507     90875        36
   95545     90913        51
   95597     90965        42
   95670     91038        81
   95859     91227        38
   95905     91276       126
   96112     91477        20
   96141     91506        22
   96164     91529        20
   96189     91554        52
   96245     91610        44
   96290     91655        42
   96334     91699        42
   96383     91748        39
   96423     91788        31
   96467     91832        35
   96508     91873        23
   96545     91910        52
   96640     92005        24
   96671     92036        57
   96729     92094        26
   96756     92121        41
   96803     92168        44
   96848     92213        26
   96875     92240        24
   96900     92265        31
   96953     92318        21
   96975     92340        55
   97064     92429        24
   97132     92497        36
   97169     92534        22
   97247     92606        50
   97348     92707        22
   97376     92735        20
   97410     92769        46
   97457     92816        35
   97496     92855        32
   97529     92888        24
   97586     92945        21
   97630     92989        30
   97699     93058        41
   97757     93116        23
   97789     93148        51
   98196     93206        42
   98272     93291        27
   98554     93388        20
   98700     93535        24
   98773     93608        26
   98805     93640       164
   99109     93958        21
   99178     94032        31
   99232     94086        23
   99256     94110        23
   99313     94167        34
   99368     94222        43
   99412     94266        34
   99453     94307        51
   99513     94367        53
   99567     94421        31
   99624     94478        46
   99689     94543        27
   99728     94582        30
   99759     94613        40
   99800     94654        34
   99835     94689        37
   99873     94727        27
   99901     94755        31
   99933     94787        32
   99966     94820        71
  100038     94892        26
  100065     94919        89
  100155     95009       176
  100361     95210        28
  100401     95256        57
  100516     95375        40
  100557     95416        30
  100606     95465       122
  100772     95631        27
  100797     95655        25
  100823     95681        39
  100892     95750        65
  100958     95816        36
  100999     95857        47
  101047     95905       105
  101153     96011        25
  101228     96086        31
  101260     96118        37
  101317     96175       113
  101438     96296        70
  101523     96381        27
  101551     96409        69
  101621     96479        28
  101749     96608        20
  101862     96720        20
  101986     96826        22
  102008     96846        23
  102032     96870        65
  102098     96936        71
  102173     97011        49
  102251     97089        56
  102308     97146        41
  102350     97188       104
  102455     97293        23
  102479     97317        20
  102519     97358        37
  102557     97396        38
  102593     97428        46
  102674     97509        42
  102724     97559        63
  102809     97633        35
  102845     97669        51
  102920     97744        20
  102973     97797        30
  103004     97828        32
  103044     97868        24
  103073     97897       121
  103204     98028        33
  103270     98094        20
  103291     98115        23
  103315     98139        20
  103339     98163        68
  103381     81301        42
  103414     98238        20
  103520     98348        30
  103930     98732        27
  104030     98834        20
  104073     98873        44
  104118     98918        32
  104194     98994        29
  104390     99149        22
  104545     99300        31
  104655     99403        23
  104751     99490        24
  104805     99545        32
  104903     99658        27
  104962     99717        21
  105022     99777        29
  105075     99830        21
  105135     99885        21
  105167     99917        25
  105206     99952        47
  105254    100000        27
  105329    100072        28
  105376    100116        27
  105457    100197        45
  105503    100243        51
  105557    100297        66
  105624    100364       259
  105905    100645        38
  105944    100684        43
  105988    100728        64
  106053    100793       163
  106217    100957        90
  106308    101048       169
  106478    101218       107
  106607    101347        89
  106709    101449        54
  106764    101504       132
  106897    101637       127
  107129    101869        41
  107259    102006        87
  107347    102094        30
  107391    102138        60
  107476    102224        57
  107534    102282        21
  107570    102318        25
  107625    102373        25
  107673    102418        69
  107743    102488        27
  107765    102508        21
  107801    102544        27
  107829    102572        25
  107870    102615        26
  107914    102664        26
  107941    102691        41
  107983    102733        36
  108016    102769        42
  108102    102855        32
  108142    102894        38
  108181    102933        75
  108257    103009        64
  108352    103099        20
  108377    103124        88
  108466    103213        54
  108521    103268        45
  108567    103314        32
  108600    103347        46
  108701    103447        55
  108772    103518        97
  108916    103662        39
  109012    103768        70
  109088    103844        49
  109138    103894        54
  109203    103957        71
  109275    104029        24
  109336    104096        31
  109433    104193        85
  109528    104289        33
  109562    104323        22
  109585    104346        74
  109660    104421        35
  109704    104465        22
  109728    104491        20
  109749    104512       120
  109875    104638        90
  109972    104733        67
  110040    104801        31
  110072    104833       199
  110272    105033        86
  110368    105129       125
  110494    105255       122
  110618    105379        33
  110669    105430        43
  110742    105503        60
  110803    105564        42
  110846    105607        90
  110966    105727        20
  111000    105761        43
  111044    105805        50
  111095    105856       216
  111312    106073        26
  111357    106118        76
  111434    106195        71
  111533    106294        22
  111586    106347        50
  111653    106414        82
  111736    106497       169
  111906    106667       216
  112123    106884        76
  112200    106961        29
  112240    107001        30
  112302    107063        42
  112357    107119        84
  112442    107204        20
  112472    107234        42
  112525    107287        56
  112621    107387       140
  112762    107528        43
  112883    107653        28
  112927    107695        21
  113026    107788        78
  113139    107901        20
  113367    108127        42
  113598    108357        36
  113722    108472        89
  113819    108569        32
  113860    108610        25
  113913    108663        23
  113938    108688        24
  114013    108766        25
  114201    108984        34
  114236    109019        29
  114350    109124        27
  124326     12945        20
  134516    127467        27
  134628    127570        29
  134658    127600        34
  134855    127827        25
  134931    127906        24
  134957    127932        23
  135008    127983        25
  135042    128017        32
  135082    128057        89
  135259    128225        36
  135484    128449        42
  135734    128697        20
  135789    128752        78
  135945    128902        21
  135982    128937        28
  136088    129047        43
  136132    129091       140
  136312    129275        56
  136379    129342        42
  136431    129394        20
  136452    129415        84
  136549    129513        42
  136623    129587        30
  136664    129628        29
  136694    129658        76
  136771    129735       216
  136988    129952       169
  137158    130122        82
  137257    130221        50
  137338    130302        22
  137388    130352        71
  137460    130424       121
  137582    130546       216
  137799    130763        50
  137850    130814        43
  137907    130871        20
  137957    130921        90
  138048    131012        42
  138091    131055        60
  138181    131145        43
  138242    131206        33
  138277    131241       122
  138400    131364       125
  138535    131499        86
  138622    131586       199
  138822    131786        31
  138854    131818        67
  138928    131890        90
  139024    131986       120
  139145    132107        20
  139167    132131        22
  139198    132162        35
  139234    132198        74
  139309    132273        22
  139332    132296        33
  139375    132340        85
  139526    132491        31
  139594    132565        24
  139619    132590        71
  139701    132670        54
  139756    132725        49
  139811    132780        70
  139938    132917        39
  140024    133003        97
  140137    133116        55
  140247    133225        46
  140294    133272        32
  140327    133305        45
  140373    133351        54
  140428    133406        88
  140521    133499        20
  140572    133545        64
  140637    133610        75
  140713    133686        38
  140759    133731        32
  140835    133807        42
  140874    133849        36
  140911    133886        41
  140953    133928        26
  140997    133977        26
  141039    134021        25
  141065    134047        27
  141107    134089        21
  141123    134103        27
  141151    134131        69
  141243    134220        25
  141298    134275        25
  141338    134315        21
  141360    134337        57
  141442    134420        60
  141516    134494        30
  141547    134525        87
  141723    134708        41
  141869    134854       127
  141997    134982       132
  142130    135115        54
  142197    135182        89
  142308    135293       107
  142416    135401       169
  142586    135571        90
  142677    135662       163
  142841    135826        64
  142906    135891        43
  142950    135935        38
  143010    135995       259
  143270    136255        66
  143339    136324        51
  143391    136376        45
  143490    136475        27
  143536    136518        28
  143612    136591        27
  143640    136619        47
  143701    136676        25
  143737    136712        21
  143797    136767        21
  143842    136812        29
  143910    136880        21
  143963    136933        27
  144056    137041        32
  144118    137104        24
  144215    137192        23
  144317    137287        31
  144481    137447        22
  144670    137595        29
  144743    137668        32
  144776    137701        44
  144843    137764        20
  144936    137859        27
  145343    138240        30
  145459    138360        20
  145473    117993        39
  145486    138387        68
  145558    138459        20
  145579    138480        23
  145603    138504        20
  145656    138557        33
  145699    138600       121
  145825    138726        24
  145857    138758        32
  145890    138791        30
  145953    138854        20
  145997    138898        51
  146049    138950        35
  146106    138996        63
  146177    139067        42
  146254    139144        46
  146298    139184        38
  146337    139223        37
  146394    139281        20
  146415    139302        23
  146439    139326       104
  146544    139431        41
  146586    139473        56
  146671    139558        49
  146724    139611        71
  146796    139683        65
  146862    139749        23
  146885    139770        22
  147011    139878        20
  147124    139990        20
  147244    140111        28
  147273    140140        69
  147343    140210        27
  147385    140252        70
  147463    140330       113
  147596    140463        37
  147634    140501        31
  147715    140582        25
  147741    140608       105
  147847    140714        47
  147899    140766        36
  147936    140803        65
  148031    140898        39
  148071    140938        25
  148094    140960        27
  148165    141031       122
  148306    141172        30
  148337    141203        40
  148435    141305        57
  148504    141380        28
  148562    141433       176
  148739    141610        89
  148829    141700        26
  148856    141727        71
  148928    141799        32
  148961    141832        31
  148993    141864        27
  149021    141892        37
  149059    141930        34
  149094    141965        40
  149135    142006        30
  149177    142048        27
  149223    142094        46
  149295    142166        31
  149327    142198        53
  149389    142260        51
  149447    142318        34
  149482    142353        43
  149546    142417        34
  149614    142485        23
  149638    142509        23
  149684    142555        31
  149763    142639        21
  149924    142814       164
  150094    142984        26
  150169    143059        24
  150319    143210        20
  150594    143300        27
  150655    143370        42
  151053    143419        51
  151113    143479        23
  151153    143519        41
  151233    143599        30
  151286    143652        21
  151340    143706        24
  151365    143731        32
  151401    143767        35
  151437    143803        46
  151497    143863        20
  151523    143889        22
  151596    143962        50
  151702    144062        22
  151725    144085        36
  151805    144165        24
  151863    144223        55
  151919    144279        21
  151962    144322        31
  151994    144354        24
  152019    144379        26
  152046    144406        44
  152096    144456        41
  152138    144498        26
  152165    144525        57
  152229    144589        24
  152296    144656        52
  152362    144722        23
  152391    144751        35
  152439    144799        31
  152471    144831        39
  152517    144877        42
  152561    144921        42
  152604    144964        44
  152652    145012        52
  152709    145069        20
  152730    145090        22
  152761    145121        20
  152862    145216       126
  152996    145353        38
  153142    145499        81
  153254    145611        42
  153297    145654        51
  153350    145707        36
  153492    145849        23
  153523    145874        30
  153563    145914        27
  153605    145956        29
  153635    145986        57
  153693    146044        26
  153720    146071        21
  153750    146101        33
  153789    146140        28
  153834    146185        22
  153965    146316        22
  153966    146338        32
  154035    146407        38
  154074    146446        47
  154123    146495        40
  154164    146536        42
  154216    146588        22
  154284    146656        76
  154361    146733        23
  154388    146760        31
  154430    146802        59
  154517    146889        25
  154554    146926        26
  154581    146953        46
  154668    147040        41
  154752    147124        34
  154789    147161        40
  154831    147203        50
  154882    147254        31
  154914    147286        26
  154941    147313        47
  154989    147361        32
  155064    147436        22
  155087    147459        24
  155132    147504        23
  155156    147528        25
  155206    147581        22
  155276    147651        33
  155310    147685        30
  155394    147769        70
  155475    147850        25
  155501    147876        30
  155579    147954        20
  155600    147975        26
  155681    148038        34
  155716    148073        39
  155824    148181        61
  155889    148246        28
  155967    148324        33
  156001    148358        38
  156040    148397        36
  156257     48173        20
  156416    148767        29
  156536    148896        37
  156570    148933        61
  156667    149030        35
  156732    149095        20
  156753    149116        80
  156835    149201        23
  156865    149231        28
  156894    149260        49
  156973    149339        23
  157039    149405        35
  157089    149455        22
  157161    149527        23
  157187    149553        30
  157218    149584        52
  157271    149637        30
  157319    149685        43
  157388    149754        25
  157414    149780        34
  157457    149823        28
  157513    149879        27
  157581    149947        20
  157602    149968        20
  157634    150000        71
  157706    150072        20
  157764    150130        33
  157812    150178        56
  157910    150275        37
  157948    150313        97
  158066    150710        20
  158087    150731        22
  158173    150813        20
  158211    150851        71
  158283    150923        46
  158342    150982        26
  158395    151035        78
  158474    151114        23
  158497    151131        40
  158538    151172        32
  158590    151224        26
  158625    151259        68
  158694    151328        21
  158716    151350        21
  158768    151402        33
  158817    151451       121
  158950    151584        31
  158982    151616        95
  159078    151712        46
  159153    151796        56
  159234    151877        34
  159282    151925        24
  159307    151950        35
  159343    151986        68
  159440    152129        33
  159474    152163        25
  159500    152189        24
  159525    152214        57
  159583    152272        23
  159607    152296        29
  159655    152344        74
  159730    152419        20
  159778    152467        50
  159856    152545        20
  159877    152566        29
  159918    152607        63
