> gi|335354396|gb|JN019793.1|
       1         7        77
     250    119573        20
     436       333        20
     527       417        28
     563       453        69
     633       523        59
     705       595        23
     741       631        34
     783       673       227
    1032       922        32
    1092       982        23
    1134      1024        35
    1179      1069        70
    1250      1140        24
    1275      1165        35
    1323      1213        38
    1380      1270        68
    1449      1339        59
    1527      1417        71
    1599      1489        40
    1680      1559        53
    1867      1782        56
    1941      1869        50
    2262      2203        20
    2357      2304        36
    2437      2384        40
    2628      2575        30
    2995      2939        32
    3050      2994        25
    3157      3098        26
    3271      3212        26
    3366      3307        33
    3504      3445        20
    3565      3509        20
    3586      3530        26
    3745      3676        38
    3784      3715        29
    3822      3753        22
    3915      3841        43
    4339      4255        39
    4406      4322        70
    4482      4398        25
    4857      4713        20
    5152      5332        35
    5203      5383        57
    5275      5454        20
    5530      5722        24
    5644      5834        43
    5887      6073        23
    5917      6107        21
    6099      6280        81
    7534      6935        26
    7561      6962        48
    7736      7139        21
    7758      7161        21
    7780      7183        22
    7820      7223        26
    7956      7345        22
    8052      7441        41
    8095      7484        57
    8489     74146        20
    8509      7942        27
    8567      8000        20
    8588      8021        20
    8777      8139        37
    8822      8184        47
    9296    122455        21
    9650      9085        42
    9761      9191        37
    9811      9241        21
    9896      9363        22
    9961      9428        26
   10128      9573        32
   10330      9777        31
   10362      9809        28
   10399      9846        71
   10721     10116        81
   11274     10370        33
   11308     10404        38
   11446     10542        23
   11470     10566        23
   11584     10680        44
   11629     10725        32
   11719     10815        23
   11753     10849        25
   11779     10875        35
   11824     10920        44
   11935     11031        29
   11965     11061        23
   12035     11131        64
   12118     11214        35
   12154     11250        65
   12238     11334        26
   12328     11424        41
   12386     11482        85
   12487     11583        29
   12517     11613        22
   12540     11636        21
   12580     11676        77
   12692     11788        25
   12724     11843        22
   12779     11898        20
   12804     11923        31
   12836     11955        44
   12902     12021        26
   12930     12049        21
   12966     12085        34
   13072     12191        35
   13108     12227        21
   13130     12249        33
   13176     12306        24
   13207     12337        26
   13404     12626        29
   13470     12682        26
   13728     12900        30
   13786     12946        33
   13833     12991        21
   13875     13033       105
   13997     13155        48
   14578     13748        20
   14623     13793        20
   14697     13867        42
   14749     13919        71
   14821     13991        56
   15798     15046        24
   15926     15169        20
   15995     15248        26
   16037     15290        29
   16067     15320        38
   16113     15366        40
   16166     15419        26
   16241     15494        23
   16289     15542        41
   16331     15584        35
   16454     15707        41
   16496     15749        20
   16517     15770        22
   16547     15800        26
   16579     15832        45
   16650     15903        37
   16734     15978        35
   16921     16170        62
   16996     16245        24
   17021     16270        44
   17080     16329        51
   17132     16381        20
   17185     16434        37
   17223     16472        28
   17294     16543        26
   17345     16594        20
   17366     16615        20
   17387     16636        20
   17463     16712        49
   17522     16771        20
   17573     16822        41
   18070     17292        26
   18133     17355        23
   18175     17397        29
   18334     17556        26
   18436     17658        35
   18474     17696        21
   18510     17732        25
   18547     17769        20
   18568     17790        29
   18598     17820        53
   18652     17874        26
   18685     17907        32
   18831     18053        27
   18917     18139        21
   19161     18386        20
   19182     18407        22
   19228     18453        33
   19456     18684        32
   19682     18910        24
   19744     18972        20
   19765     18993        36
   19843     19071        23
   19912     19140        29
   20010     19238        21
   20165     19393        20
   20194     19422        26
   20511     19742        20
   20624     19855        22
   20647     19878        20
   20668     19899        26
   20740     19971        38
   20779     20010        23
   20803     20034        34
   20848     20079        29
   20977     20208        24
   21037     20268        38
   21100     20331        32
   21178     20409        29
   21208     20439        31
   21265     20496        29
   21319     20550        26
   21439     20670        50
   21511     20742        20
   21550     20781        35
   21607     20838        32
   21640     20871        20
   21667     20898        23
   21703     20934        48
   21769     21000        20
   21806     21037        46
   21895     21126        43
   21955     21186        50
   22008     21239        21
   22107     21338        32
   22271     21507        31
   22393     21629        31
   22477     21713        35
   22528     21764        26
   22615     21845        23
   22654     21884        23
   22708     21938        71
   22786     22016        20
   22807     22037        40
   22848     22078        24
   22909     22139        38
   22958     22188        31
   22996     22226        37
   23034     22264        21
   23077     22307        20
   23191     22421        32
   23224     22454        29
   23254     22484        20
   23275     22505        44
   23323     22553        23
   23365     22595        20
   23389     22619        38
   23490     22720        41
   23532     22762        57
   23590     22820        24
   23752     22982        20
   23809     23039        32
   23842     23072        23
   23886     23114        20
   23920     23148        31
   24113     23330        31
   24175     23395        26
   24279     23509        28
   24371     23607        24
   24465     23712        27
   24537     23784        20
   24575     23822        34
   24613     23860        20
   24646     23893        32
   24706     23953        44
   24751     23998        23
   24796     24043        23
   24820     24067        20
   24841     24088        20
   24862     24109        65
   24952     24199        23
   24976     24223        38
   25018     24265        20
   25039     24286        78
   25137     24384        31
   25254     24501        26
   25287     24534        35
   25347     24594        38
   25389     24636        44
   25434     24681        20
   25465     24712        34
   25506     24753        34
   25560     24807        29
   25608     24855        26
   25670     24917        21
   25707     24954        26
   25734     24981        20
   25782     25029        20
   25937     25184        36
   25986     25233        20
   26007     25254        21
   26070     25317        62
   26133     25380        20
   26163     25410        35
   26199     25446        35
   26235     25482        20
   26262     25509        25
   26310     25557        23
   26364     25611        21
   26398     25645        54
   26554     25801        40
   26604     25851        23
   26652     25899        26
   26703     25950        22
   27000     26241        29
   27078     26319        29
   27129     26370        20
   27150     26391        20
   27171     26412        26
   27198     26439        50
   27267     26508       110
   27397     26638        43
   27471     26712        41
   27513      7763        21
   27543     26784        23
   27581     26822        54
   27646     26887        25
   27672     26913        83
   27756     26997        25
   27804     27045        23
   27831     27072        23
   27885     27126        56
   27948     27189        28
   27997     27238        22
   28020     27261        50
   28092     27333        44
   28146     27387        39
   28199     27440        27
   28227     27468        21
   28258     27499        25
   28362     27609        26
   28565     27823        28
   29226     28516        21
   29551     28723        35
   29589     28762        34
   30435     29280        27
   30478     29340        23
   30503     29365        55
   30559     29421        29
   30633     29496        33
   30897     29935        27
   31545     30574        25
   31571     30600        29
   31625     30654        35
   31678     30709        33
   31762     30793        32
   31814     30845        43
   32750     31194        58
   32809     31253        20
   33238     31770       104
   33358     31890        69
   33440     31972        24
   33506     32028        32
   33848     32308        26
   34106     32600        26
   34333     32785        75
   34407     32863        20
   34743     33204        23
   34824     33292        26
   35418     33901        34
   35788     34249        33
   35823     34284        34
   35858     34319        41
   35900     34361        29
   35936     34397        23
   35975     34436        23
   36044     34505        23
   36071     34532        92
   36170     34631        32
   36203     34664        23
   36227     34688        26
   36254     34715       113
   36389     34850        59
   36455     34916        29
   36485     34946        62
   36548     35009        29
   36578     35039       155
   36764     35225        23
   36800     35261       105
   36906     35367        47
   36957     35418        23
   36981     35442        80
   37071     35532        36
   37143     35604        23
   37167     35628        29
   37209     35670        32
   37248     35709        23
   37275     35736        56
   37336     35797        46
   37392     35853        50
   37443     35904        38
   37500     35961        41
   37542     36003        27
   37575     36036        41
   37638     36099        25
   37674     36135        59
   37752     36213        20
   37773     36234        59
   37881     36342        62
   38100     36561        41
   38142     36603        32
   38205     36666        20
   38381     36841        20
   38491     36955        35
   38534     36998        29
   38624     37089        33
   38915     37395        29
   38945     37425        32
   39002     37482        20
   39089     37569        20
   39937     38257        80
   40208     38510        34
   40345     38637        22
   40409     38709        33
   40491     38791        41
   40569     38869       106
   40676     38976        21
   40714     39014        26
   40741     39041        37
   40870     39171        23
   40897     39198        20
   40918     39219        23
   40951     39252        86
   41077     39378        41
   41119     39420        23
   41152     39453        25
   41178     39479        57
   41236     39537        53
   41290     39591        26
   41317     39618        20
   41365     39666        29
   41446     39747        41
   41488     39789        29
   41518     39819        26
   41607     39908        30
   41638     39939        26
   41692     39993        20
   41713     40014        26
   41764     40065       107
   41899     40200        35
   41935     40236        83
   42037     40338        56
   42118     40419        41
   42166     40467        20
   42232     40533        47
   42280     40581        54
   42352     40653        22
   42396     40697        21
   42447     40748        21
   42502     40803        41
   42544     40845        53
   42613     40914        20
   42643     40944        26
   42670     40971        32
   42754     41055        41
   42814     41115        26
   42841     41142        35
   42877     41178        83
   42976     41277        44
   43021     41322        90
   43112     41413        41
   43154     41455       113
   43268     41569        49
   43334     41635        32
   43376     41677        20
   43476     41777        37
   43553     41854        32
   43586     41887        20
   43610     41911        20
   43631     41932        26
   43664     41965        35
   43703     42004        29
   43745     42046        23
   43784     42085        20
   43867     42168        54
   43940     42241       152
   44147     42448       124
   44272     42573        27
   44333     42634        43
   44501     42802        98
   44621     42922        20
   44672     42973        38
   44723     43024        50
   44789     43090        23
   44849     43150        38
   44888     43189        26
   44915     43216        29
   44963     43264        35
   44999     43300        20
   45026     43327        32
   45128     43429        21
   45150     43451        28
   45179     43480        32
   45215     43516        26
   45251     43552        25
   45277     43578        24
   45302     43603        64
   45454     43775        27
   45482     43803        44
   45966     44208        23
   46124     44564        47
   46172     44612        41
   46214     44654        29
   46267     44707        52
   46441     44909        24
   46510     44984        24
   46595     45070        34
   46770     45244        32
   46850     45319        34
   46883     45353        22
   46962     45442        66
   47029     45509        20
   47086     45566        29
   47125     45605        53
   47182     45662        45
   47264     45745        28
   47293     45774        22
   47368     45851        28
   47622     46099        26
   47725     46200        25
   47777     46252        34
   47955     46435        29
   47985     46465        96
   48917     46858        57
   48978     46919        34
   49279     47218        45
   49325     47264        23
   49364     47303        29
   49435     47374        26
   49505     47444        30
   49541     47480        35
   49577     47516        35
   49631     47570        32
   49688     47627        35
   49724     47663        44
   49789     47728        54
   49856     47795        38
   50088     48358        80
   51115     49376        30
   51401     49761        73
   51509     49869        24
   51590     49962        24
   51833     50263        36
   51870     50300        34
   51905     50335        60
   52146     50809        57
   52204     50867        24
   52255     50900        22
   52946     51569        25
   52972     51595        20
   53133     51756        20
   53185     51808        56
   53272     51895        44
   53317     51940        53
   53371     51994        29
   53420     52043        25
   53567     52231        20
   53662     52326        29
   53734     52398        42
   53888     52552        20
   53915     52579        29
   53948     52612        20
   53984     52648        35
   54020     52684        20
   54041     52705        29
   54071     52735        38
   54116     52780        60
   54244     52913        56
   54301     52970        28
   54350     53019       135
   54540     53209        27
   54568     53237        58
   55133     54104        47
   55181     54152        25
   55231     54204        33
   55375     54370        28
   55415     54410        24
   55463     54457        21
   55512     54505        20
   55641     54628        32
   55747     54729        40
   55788     54769        24
   55813     54794        59
   55890     54882        41
   55971     54973        22
   55994     54996        74
   56346     55304        26
   56373     55331        32
   56456     55414        21
   56496     55454        20
   56523     55481        35
   56559     55517        92
   56653     55611        58
   56718     55676        28
   56747     55705        38
   56786     55744        26
   56828     55786        29
   56858     55816        32
   56891     55849        23
   56933     55891        23
   56957     55915        29
   56990     55948        50
   57065     56023        23
   57089     56047        23
   57155     56113        26
   57233     56191        26
   57278     56236        50
   57347     56305        23
   57413     56371        65
   57479     56437        20
   57503     56461        25
   57550     56508        21
   57572     56530        41
   57659     56617        41
   57761     56719        44
   57911     56869        28
   57947     56905        24
   57989     56947        56
   58097     57055        38
   58300     57254        28
   58413     57364        27
   58520     57455        25
   58682     57654        28
   58758     57861        24
   58808     57911        24
   58838     57941        35
   58964     58055        20
   58985     58076        62
   59050     58141        27
   59113     58204        24
   59138     58229        20
   59186     58277        38
   59225     58316        35
   59304     58395        61
   59366     58457        59
   59456     58547        32
   59531     58622        68
   59660     58751        32
   59698     58789        63
   59762     58853        20
   59792     58883        29
   59857     58948        48
   59915     59006        20
   59972     59063        32
   60011     59102        26
   60044     59135        56
   60101     59192        26
   60134     59225        23
   60158     59249        30
   60189     59280        40
   60230     59321        60
   60302     59393        26
   60338     59429        20
   60378     59469        31
   60413     59555        38
   60488     59625        39
   60680     59791        20
   60790     59933        21
   61099     60210        29
   61217     60328        20
   61429     60543        20
   61842     60959        20
   61854     60977        20
   61919     61042        26
   61956     61079        25
   62050     61173        20
   62071     61194        24
   62150     61273        26
   62177     61300        29
   62249     61372        29
   62294     61417        30
   62375     61498        23
   62522     61645        26
   62559     61682        25
   62870     61933        24
   63361     62476        22
   63443     62558        39
   63524     62645        33
   63835     62935        35
   63908     63006        26
   63991     63093        29
   64150     63252        32
   64204     63306        20
   64255     63357        35
   64321     63423        49
   64375     63477        20
   64396     63498        26
   65456     64532        22
   65533     64609        52
   65611     64687        27
   65639     64715        28
   65697     64773        43
   65760     64836        24
   65785     64861        24
   65888     64964        36
   65931     65007        35
   65997     65073        22
   66024     65100        23
   66066     65142        29
   66159     65235        24
   66354     65443        58
   66492     65581        29
   66531     65620        20
   66558     65647        29
   66594     65683        20
   66615     65704        32
   66648     65737        27
   66678     65767        23
   66765     65854        52
   66834     65923        27
   66883     65972        22
   66933     66022        20
   67047     66136        26
   67193     66282        27
   67320     66409        24
   67345     66434        22
   67697     66772        22
   68372     67581        32
   68426     67635        61
   68508     67711        22
   68616     67816       104
   68750     67954        43
   68794     67998        29
   68833     68037        91
   68926     68130        50
   68977     68181        41
   69019     68223        23
   69043     68247        32
   69076     68280        64
   69141     68345        20
   69234     68428        21
   69266     68460        29
   69296     68490        22
   70303     69084        20
   70407     69191        25
   70441     69225        21
   70480     69264        20
   70663     69473        34
   70698     69508        26
   70743     69553        35
   70906     69761        35
   70942     69797        52
   71166     70010        96
   71280     70124        20
   71613     70468        23
   71637     70492        20
   71682     70537        20
   72126     71077        21
   72148     71099        20
   72321     71266        24
   72557     71645       140
   72713     71801        58
   72779     71867        20
   72800     71888        23
   73046     72063        21
   73154     72167        27
   73184     72197        29
   73227     72240        43
   73298     72311        26
   73415     72428        22
   73527     72534        22
   73562     72561        62
   73684     72689        24
   73750     72766        20
   73772     72788        21
   74242     73252        32
   74275     73285        23
   74299     73309        20
   74335     73345        29
   74390     73396        22
   74553     73598        44
   74607     73652        23
   74631     73676        23
   74691     73736        20
   74712     73757        23
   75005     74077        28
   75053     74123        31
   75145     74257        20
   75276     74384        37
   75320     74429        27
   75380     74497        30
   75450     74567        26
   75480     74597        38
   75519     74636        35
   75565     74682        49
   75615     74732        71
   75713     74829        40
   75754     74868        20
   75983     75114        22
   76019     75160        29
   76279     75425        30
   76463     75605        38
   76599     75741        23
   76803     75967        23
   76838     76002        24
   76901     76063        30
   76970     76118        54
   77025     76173        30
   77111     76259        22
   77134     76282        20
   77170     76318        86
   77272     76420        38
   77320     76468        53
   77407     76555        26
   77437     76585        23
   77461     76609        20
   77482     76630        50
   77587     76735        56
   77722     76870        29
   77752     76900        32
   77785     76933        32
   77836     76984        20
   77857     77005        29
   77906     77054        61
   77992     77140        44
   78076     77224        81
   78211     77359        23
   78253     77401        44
   78304     77452        44
   78367     77515        20
   78409     77557        36
   78478     77626        76
   78654     77869        45
   78703     77918        41
   78797     78007        21
   78819     78029        21
   78856     78066        92
   78957     78167        33
   79034     78244        22
   79085     78295        29
   79193     78403        27
   79280     78490        29
   79417     78618        45
   79463     78664        22
   79567     78779        25
   79728     78967        34
   79764     79003        23
   79786     79026        22
   79834     79074        20
   79940     79175        52
   80093     79334        22
   80141     79378        34
   80202     79437        36
   80254     79489        50
   80305     79540        44
   80368     79603        20
   80398     79633        62
   80461     79696        36
   80498     79733        28
   80527     79762        50
   80633     79868        31
   80725     79960        32
   80758     79993        32
   80824     80059        20
   80908     80150        46
   80955     80199        26
   81037     80287        59
   81118     80364        33
   81196     80440        24
   81253     80491        27
   81371     80621        23
   81423     80669        29
   81760     81000        37
   81830     81070        21
   81855     81095        23
   81927     81167        30
   81981     81221        20
   82002     81242        20
   82023     81263        32
   82056     81296        47
   82104     81344        35
   82140     81380        20
   82185     81425        32
   82242     81482        32
   82275     81515        38
   82573     81756        23
   82718     81901        23
   82810     81993        23
   82834     82017        29
   82876     82059        20
   82967     82150        61
   83071     82254        28
   83134     82317        22
   83158     82341        27
   83238     82421        35
   83278     82461        35
   83365     82548        35
   83428     82611        23
   83466     82649        25
   83510     82699        20
   83560     82754        23
   83616     82810        35
   83652     82846        40
   83693     82887        30
   83733     82927        23
   83784     82978        20
   83859     83053        29
   83889     83083        41
   84038     83232        39
   84123     83344        30
   84196     83417        29
   84226     83447        20
   84273     83493        29
   84575     83755        22
   84717     83904        30
   84748     83935        23
   84790     83977        41
   84919     84106        45
   85005     84192        24
   85075     84262        42
   85328     84482        41
   85390     84544        33
   85439     84593        20
   85486     84640        27
   85514     84668        20
   85543     84697        26
   85577     84731        34
   85625     84779        23
   85731     84873        27
   85851     85006        38
   85923     85078        23
   85962     85117        20
   86001     85156        44
   86073     85228        20
   86094     85249        20
   86142     85297        20
   86166     85321        23
   86233     85391        22
   86256     85414        24
   86492     85663        22
   86571     85751        24
   86942     86163        21
   87073     86323        27
   87216     86462        34
   87483     86734        29
   87595     86846        20
   87667     86918        26
   87699     86950        35
   88002     87253        53
   88174     87449        25
   88310     87585        27
   88395     87670        31
   88428     87703        24
   88704     88008        20
   88746     88050        29
   88815     88119        29
   88912     88232        29
   88942     88262        71
   89017     88337        44
   89062     88382        56
   89149     88469        80
   89248     88568        33
   89282     88602        76
   89354     88678        65
   89420     88744        24
   89472     88820        30
   89508     88856       119
   89628     88976        44
   89673     89021        85
   89769     89118       164
   89934     89283        27
   89962     89311       163
   90126     89475        29
   90156     89505        31
   90200     89549        40
   90241     89590        35
   90277     89626        35
   90313     89662        41
   90355     89704        41
   90396     89739        29
   90426     89769        49
   90476     89819        22
   90499     89842        27
   90527     89870        24
   90552     89895        71
   90642     89985        27
   90675     90018        24
   90700     90043        36
   90752     90091        31
   90807     90146        40
   90848     90187       150
   90999     90338        20
   91020     90359       109
   91130     90469       314
   91445     90784        77
   91523     90862        27
   91551     90890       149
   91707     91046        22
   91733     91072        23
   91782     91121        22
   91805     91144       115
   91923     91262        20
   91946     91285        86
   92035     91374        57
   92114     91453        47
   92162     91501        33
   92196     91535        36
   92233     91572       120
   92396     91744        27
   92432     91780        58
   92507     91855        29
   92537     91885       193
   92745     92087        26
   92772     92114        22
   92814     92156        78
   92913     92255        22
   92947     92289        68
   93044     92386       126
   93178     92520        53
   93237    155088        20
   93258     92600        56
   93329     92671        22
   93352     92694        40
   93429     92771        61
   93491     92833        21
   93513     92855        25
   93539     92881        84
   93624     92966        34
   93665     93007        46
   93738     93080        31
   93770     93112        52
   93872     93214        32
   93906     93248        72
   93979     93321       162
   94184     93526        56
   94295     93643        21
   94322     93670        28
   94351     93699        21
   94373     93721        47
   94421     93769        85
   94533     93881        77
   94611     93959        43
   94657     94005        49
   94707     94055        37
   94745     94093        25
   94771     94119       104
   94895     94243        54
   94950     94298        55
   95029     94377        40
   95076     94424        75
   95152     94500        21
   95174     94522        26
   95201     94549        57
   95259     94607        39
   95299     94647        40
   95340     94688        30
   95382     94739        35
   95441     94798        59
   95525     94882        68
   95594     94951        45
   95640     94997        62
   95703     95060        66
   95786     95143        44
   95866     95223        33
   95903     95260        35
   95955     95312        72
   96028     95385        33
   96091     95484        41
   96162     95555        22
   96201     95594        65
   96267     95660        42
   96310     95703        22
   96334     95727        49
   96395     95788        20
   96416     95809        50
   96467     95860        35
   96503     95896        33
   96550     95943        51
   96633     96026        96
   96730     96123        28
   96759     96152        76
   96836     96229        63
   96900     96293        45
   96963     96356        67
   97050     96443        38
   97110     96503        41
   97153     96546        51
   97205     96598        26
   97232     96625        29
   97262     96655        44
   97335     96728        40
   97376     96769        22
   97399     96792        31
   97431     96824        36
   97468     96861        21
   97496     96889        53
   97550     96943        57
   97610     97003        59
   97670     97063       110
   97781     97174        74
   97872     97265        29
   97911     97304        24
   97980     97373        20
   98003     97396        23
   98027     97420        65
   98106     97499        72
   98179     97572        59
   98238     97625        33
   98272     97659        27
   98312     97699        20
   98319     97717        42
   98355     97758        38
   98404     97807        20
   98531     97928        23
   98555     97952        36
   98625     98017        26
   98668     98064        24
   98733     98128        23
   98765     98160        37
   98803     98198       207
   99021     98416        23
   99087     98492        21
   99109     98518        20
   99193     98608        22
   99216     98631        39
   99256     98671        40
   99313     98728        74
   99388     98803        57
   99452     98868        31
   99479     98911       144
   99624     99056        64
   99689     99121        33
   99723     99155        77
   99816     99248        29
   99846     99278       335
  100182     99614       144
  100348     99783        33
  100405     99840        62
  100470     99903       279
  100750    100183        21
  100772    100205        24
  100815    100248        47
  100863    100296        94
  100958    100391        36
  101006    100439       146
  101153    100586        25
  101179    100612       119
  101317    100750       120
  101438    100871        76
  101515    100948       151
  101667    101100        38
  101706    101139        20
  101728    101162        21
  101770    101205        75
  101846    101281        38
  101901    101336        70
  102008    101441        23
  102032    101465       137
  102170    101603       119
  102308    101741        40
  102349    101782       151
  102513    101946        82
  102593    102022        46
  102665    102094        34
  102700    102129       102
  102803    102226        33
  102854    102277       214
  103069    102492       209
  103279    102702       208
  103520    102942        35
  103583    103002        31
  103614    103035        38
  103655    103076        22
  103678    103099        36
  103715    103136        38
  103823    103248        22
  103886    103318        22
  103932    103359        38
  103971    103398        24
  104048    103464        24
  104073    103489        78
  104190    103606        65
  104256    103672        39
  104289    103741        20
  104310    103804        51
  104390    103895        45
  104564    104065        82
  104751    104247        28
  104780    104276        64
  104860    104356        42
  104910    104406        23
  104939    104435        36
  104976    104472        22
  105022    104519        29
  105065    104562        36
  105110    104607        26
  105167    104659        32
  105200    104692        81
  105331    104822        96
  105428    104919        31
  105462    104953       754
  106217    105708       260
  106478    105969       128
  106607    106098        89
  106697    106188       199
  106897    106388       140
  107109    106600        21
  107131    106622        48
  107234    106723        24
  107273    106763       187
  107474    106965        75
  107570    107061        21
  107592    107083       179
  107764    107254        27
  107792    107282       121
  107925    107415       124
  108120    107616       214
  108331    107822        41
  108383    107873        64
  108466    107956       120
  108602    108092        44
  108670    108159        98
  108785    108274        55
  108841    108330        28
  108915    108404        67
  109027    108512        55
  109088    108573       104
  109203    108687        75
  109336    108819        33
  109402    108900       166
  109569    109067        38
  109608    109106        91
  109700    109198        24
  109752    109250       117
  109870    109368        42
  109913    109411        52
  109975    109470       383
  110374    109869       242
  110617    110112        27
  110671    110166        70
  110742    110237       264
  111007    110502       426
  111435    110930        39
  111475    110970        30
  111506    111001        26
  111533    111028       372
  111906    111401       323
  112240    111735        25
  112299    111794        45
  112345    111840       117
  112463    111958        37
  112477    112004        64
  112556    112083        40
  112627    112155        51
  112679    112207        57
  112750    112278        56
  112881    112408        30
  112932    112459        55
  113000    112525        22
  113026    112551        78
  113139    112663        33
  113288    112822        45
  113401    112936        40
  113460    112995        38
  113560    113092        25
  113586    113118        57
  113680    113218        21
  113735    113257        51
  113787    113309        28
  113816    113338        31
  113863    113385        20
  113884    113406        23
  113913    113435        56
  114067    113588        27
  114101    113611        26
  114206    113716        27
  114279    113789        30
  114397    113907        67
  114486    113996        59
  114550    114060        54
  114629    114139        44
  114698    114208        20
  114782    114292        32
  114815    114325        48
  134766    134054        26
  134799    134076        27
  134924    134200        56
  134986    134262        23
  135010    134286        20
  135046    134322        31
  135078    134354        28
  135107    134383        51
  135192    134452        21
  135250    134516        57
  135308    134574        25
  135395    134658        38
  135452    134715        40
  135560    134824        45
  135721    134995        33
  135789    135062        78
  135871    135144        22
  135906    135177        55
  135982    135253        30
  136087    135357        56
  136157    135427        57
  136215    135485        51
  136297    135568        40
  136352    135623        64
  136393    135696        37
  136431    135734       117
  136549    135852        45
  136628    135931        25
  136664    135967       323
  136988    136291       372
  137361    136664        26
  137388    136691        30
  137419    136722        39
  137460    136763       426
  137887    137190       264
  138152    137455        70
  138249    137552        27
  138277    137580       242
  138535    137838       383
  138928    138228        52
  138981    138281        42
  139024    138324       117
  139169    138469        24
  139194    138494        91
  139286    138586        38
  139325    138625       166
  139524    138839        33
  139615    138929        75
  139701    139014       104
  139811    139124        55
  139911    139220        67
  140024    139333        28
  140053    139362        55
  140125    139434        98
  140247    139555        44
  140307    139615       120
  140446    139754        64
  140521    139828        41
  140559    139861       214
  140844    140152       124
  140980    140288       121
  141102    140410        27
  141122    140429       179
  141302    140609        21
  141344    140651        75
  141433    140741       187
  141635    140944        24
  141714    141021        48
  141763    141070        21
  141856    141163       140
  141997    141304       199
  142197    141504        89
  142287    141594       128
  142416    141723       260
  142677    141984       754
  143434    142741        31
  143466    142773        96
  143612    142918        81
  143694    143000        32
  143757    143058        26
  143792    143093        36
  143842    143143        29
  143895    143197        22
  143918    143220        36
  143960    143262        23
  143991    143293        42
  144049    143351        64
  144114    143416        28
  144247    143544        82
  144458    143751        45
  144532    143836        51
  144584    143930        20
  144598    143980        39
  144638    144020        65
  144742    144124        78
  144821    144203        24
  144898    144269        24
  144923    144294        38
  144985    144351        22
  145048    144421        22
  145140    144517        38
  145179    144556        36
  145216    144593        22
  145241    144618        38
  145279    144658        31
  145338    144714        35
  145406    144781       208
  145615    144990       209
  145825    145200       214
  146057    145432        33
  146091    145460       102
  146194    145563        34
  146254    145623        46
  146298    145663        82
  146393    145758       151
  146545    145910        40
  146604    145969       119
  146724    146089       137
  146862    146227        23
  146922    146285        70
  147009    146372        38
  147048    146411        75
  147144    146508        21
  147167    146532        20
  147188    146553        38
  147227    146592       151
  147379    146744        76
  147456    146821       120
  147595    146960       119
  147715    147080        25
  147741    147106       146
  147899    147264        36
  147936    147301        94
  148031    147396        47
  148097    147462        24
  148122    147487        21
  148144    147509       279
  148426    147789        62
  148512    147875        33
  148567    147933       144
  148712    148078       335
  149048    148414        29
  149093    148459        77
  149171    148537        33
  149205    148571        64
  149270    148636       144
  149410    148792        31
  149448    148831        57
  149506    148889        74
  149597    148980        40
  149638    149021        39
  149678    149061        22
  149764    149153        20
  149785    149178        21
  149849    149252        23
  149883    149286       207
  150091    149494        37
  150137    149540        23
  150201    149603        24
  150242    149648        26
  150302    149703        36
  150339    149740        23
  150469    149864        20
  150500    149895        38
  150532    149932        42
  150561    149972        20
  150594    150005        27
  150622    150033        33
  150655    150060        59
  150715    150120        72
  150801    150206        65
  150867    150272        23
  150893    150298        20
  150958    150363        24
  150992    150397        29
  151038    150443        74
  151113    150518       110
  151224    150629        59
  151286    150691        57
  151344    150749        53
  151404    150809        21
  151426    150831        36
  151463    150868        31
  151495    150900        22
  151518    150923        40
  151587    150992        44
  151632    151037        29
  151662    151067        26
  151689    151094        51
  151742    151147        41
  151805    151210        38
  151863    151268        67
  151948    151353        45
  151994    151399        63
  152058    151463        76
  152135    151540        28
  152164    151569        96
  152292    151697        51
  152357    151762        33
  152391    151796        35
  152427    151832        50
  152478    151883        20
  152510    151915        49
  152561    151966        22
  152584    151989        42
  152627    152032        65
  152709    152114        22
  152761    152166        41
  152832    152273        33
  152866    152307        72
  152955    152396        35
  152994    152435        33
  153063    152504        44
  153124    152565        66
  153191    152632        62
  153254    152695        45
  153300    152741        68
  153393    152834        59
  153476    152917        35
  153523    152973        30
  153554    153004        40
  153595    153045        39
  153635    153085        57
  153693    153143        26
  153720    153170        21
  153742    153192        75
  153824    153274        40
  153888    153338        55
  153944    153394        54
  154018    153468       104
  154123    153573        25
  154149    153599        37
  154187    153637        49
  154239    153689        43
  154283    153733        77
  154387    153837        85
  154473    153923        47
  154521    153971        21
  154543    153993        28
  154577    154027        21
  154653    154109        56
  154752    154208       162
  154915    154371        72
  154989    154445        32
  155071    154527        52
  155124    154580        31
  155182    154638        46
  155235    154691        34
  155270    154726        84
  155355    154811        25
  155381    154837        21
  155403    154859        61
  155501    154957        40
  155542    154998        22
  155579    155035        56
  155636     92583        20
  155662    155118        53
  155723    155179       126
  155878    155334        68
  155958    155414        22
  156001    155457        78
  156099    155555        22
  156122    155578        26
  156163    155613       193
  156357    155807        29
  156403    155853        58
  156470    155920        27
  156540    155999       120
  156661    156120        36
  156698    156157        33
  156732    156191        47
  156801    156260        57
  156861    156320        86
  156950    156409        20
  156973    156432       115
  157089    156548        22
  157137    156596        23
  157164    156623        22
  157193    156652       149
  157343    156802        27
  157371    156830        77
  157449    156908       314
  157764    157223       109
  157874    157333        20
  157895    157354       150
  158046    157505        40
  158110    157569        31
  158157    157612        36
  158194    157649        24
  158224    157679        27
  158270    157725        71
  158342    157797        24
  158367    157822        27
  158395    157850        22
  158418    157873        49
  158468    157923        29
  158497    157946        41
  158539    157988        41
  158581    158030        35
  158617    158066        35
  158653    158102        40
  158706    158155        31
  158738    158187        29
  158768    158217       163
  158932    158381        27
  158960    158409       164
  159135    158585        85
  159221    158671        44
  159266    158716       119
  159391    158841        30
  159449    158923        24
  159474    158948        65
  159535    159013        76
  159612    159090        33
  159664    159142        80
  159775    159253        56
  159832    159310        44
  159880    159358        71
  159952    159430        29
