> gi|407030649|gb|JX513420.1|
       1    139180        78
     574       116        22
     693       235        41
     738       280        23
     762       304        20
     785       327        21
     807       349        26
     834       376        26
     903       445        20
     924       466        59
     984       526        20
    1023       565        20
    1128       670        59
    1188       730        41
    1230       772        47
    1347       889        23
    1371       913        25
    1413       955        35
    1470      1012        38
    1578      1120        34
    1874      1384        51
    1942      1454        20
    1963      1475        26
    2852      2383        26
    3124      2652        20
    4456      3924        26
    5105      4574        21
    5191      4660        20
    5218      4687        23
    5248      4717        23
    5696      5121        22
    6130      5555        44
    6175      5600        21
    7591      7153        27
    7638      7200        29
    8166      7718        39
    8591      8157        21
    8613      8179        23
    8880      8392        30
    8919      8431        21
    8941      8453        28
   32681      3564        22
   34459     16330        26
   34500     16371        25
   35065      9075        23
   35949      9444        37
   36042      9537        20
   36141      9636        20
   36267      9762        44
   36332      9827        39
   36462      9957        20
   36531     10026        47
   36669     10164        44
   36717     10212        26
   36756     10251        27
   36798     10293        21
   36834     10329        41
   36876     10371        29
   36984     10479        26
   37011     10506        27
   37041     10536        30
   37135     10630        53
   37201     10696        29
   37246     10741        23
   37309     10804        21
   37387     10882        62
   37450     10945        23
   37474     10969        30
   37552     11047        26
   37594     11089        29
   37723     11218        20
   37783     11278        22
   37840     11335        20
   37888     11383        26
   37915     11410        26
   38023     11518        32
   38068     11563        20
   38206     11701        20
   38227     11722        29
   38263     11758        20
   38633     12042        35
   38678     12082        27
   39077     12483        20
   39098     12504        20
   39203     12609        21
   40207     13473        28
   40349     38752        22
   40497     38912        21
   40650     39074        23
   40691     39115        20
   40924     39376        26
   40999     39451        32
   41042     39494        28
   41071     39523        53
   41152     39604        31
   41191     39643        32
   41248     39700        47
   41296     39748        38
   41347     39799        20
   41653     40105        44
   41713     40165        23
   41800     40252        71
   41890     40342        29
   41929     40381        20
   41962     40414        20
   41983     40435        23
   42055     40507        35
   42121     40573        35
   42204     40656        21
   42265     40717        20
   42349     40801        29
   42424     40876        20
   42484     40936        23
   42514     40966        32
   42676     41128        26
   42763     41215        26
   42835     41287        41
   42925     41377        38
   42982     41434        59
   43055     41507        29
   43085     41537        20
   43118     41570        61
   43180     41632        45
   43253     41705        20
   43334     41786        56
   43496     41948        23
   43535     41987        23
   43628     42080        23
   43742     42194        32
   43958     42410        20
   44000     42452        23
   44060     42512        38
   44183     42635        26
   44269     42721        27
   44297     42749        20
   44396     42848        20
   44582     43034        20
   44606     43058        29
   44663     43115        29
   44702     43154        28
   44759     43211        29
   44798     43250        35
   44855     43307        27
   44933     43385        20
   45026     43478        32
   45128     43580        27
   45164     43616        83
   45308     43760        30
   45339     43791        21
   45504     43964        28
   46179     44476        35
   46306     44598        39
   46472     44771        26
   46535     44837        21
   46612     44918        23
   46762     45068        28
   46984     45271        42
   47027     45314        20
   47057     45344        20
   47078     45365        20
   47150     45437        30
   47201     45488        33
   47401     45696        24
   47749     46050        26
   47814     46115        24
   48992     47045        38
   49558     47609        20
   49639     47690        49
   49738     47789        23
   50137     48314        38
   51489     49212        23
   51528     49251        27
   51558     49281        21
   51629     49345        27
   51936     49693        25
   51986     49743        20
   52012     49769        29
   52222     50160        59
   53043     50789        35
   53309     51055        21
   53358     51104        22
   53381     51127        41
   53436     51182        24
   53465     51211        24
   53691     51446        26
   53924     51679        20
   53999     51754        20
   54041     51796        20
   54115     51870        54
   54373     52125        24
   54499     52251        23
   55249     53234        36
   55334     53323        24
   55570     53572        25
   55890     53880        20
   55939     53918        28
   56081     54078        73
   56452     54303        22
   56715     54569        20
   56740     54594        31
   56915     54769        20
   57032     54886        23
   57101     54955        37
   57203     55057        29
   57293     55147        20
   57314     55168        29
   57523     55377        21
   57563     55417        23
   57677     55531        23
   57734     55588        26
   57803     55657        23
   57905     55759        20
   58067     55921        50
   58118     55972        25
   58922     56616        21
   59075     56907        58
   59134     56966        20
   59212     57044        31
   59293     57125        29
   59461     57293        23
   59506     57338        29
   59623     57455        20
   59734     57566        20
   59842     57674        26
   59908     57740        20
   60001     57833        41
   60166     57998        23
   60292     58124        21
   60461     58293        22
   63540     59720        33
   64208     60307        26
   64559     60661        29
   65809     61306        23
   66610     62115        26
   66676     62181        47
   66745     62250        21
   66767     62272        23
   66944     62449        25
   67249     62754        20
   67372     62877        23
   67396     62901        21
   68550     64034        22
   68588     64072        22
   68769     64230        41
   68820     64281        32
   68892     64353        36
   68992     64453        25
   69031     64493        26
   69166     64628        38
   69205     64667        56
   69262     64724        24
   70557     65963        38
   70826     66239        29
   70865     66278        20
   70925     66338        20
   71062     66471        53
   71116     66525        31
   71325     66670        34
   71360     66705        53
   71868     67181        33
   72349     67706        22
   72837     68331        39
   72877     68371        33
   72935     68429        21
   73444     68991        23
   73509     69056        32
   73668     69215        23
   73819     69354        22
   74447     69930        30
   74478     69961        28
   74550     70033        20
   74794     70314        27
   75788     70687        20
   76813     70831        20
   77055     71163        24
   77242     71364        30
   77372     71494        20
   77399     71521        29
   77432     71554        32
   77501     71623        20
   77540     71662        23
   77564     71686        26
   77657     71779        21
   77699     71821        20
   77738     71860        35
   77781     71903        49
   77867     71989        20
   77888     72010        20
   77921     72043        29
   78083     72205        24
   78131     72253        29
   78188     72310        35
   78227     72349        32
   78314     72436        44
   78524     72646        20
   78575     72697        20
   78632     72754        20
   78669     72791        22
   78698     72820        24
   78883     73061        21
   78924     73102        25
   79058     73219        53
   79139     73300        20
   79467     73627        35
   79647     73799        24
   80478     74672        51
   80577     74771        23
   80670     74864        20
   80706     74900        38
   80814     75008        20
   80847     75041        29
   80952     75146        32
   81035     75229        24
   81259     75459        25
   81454     75647        23
   81959     76138        30
   82022     76201        26
   82049     76228        32
   82127     76306        39
   82463     76642        20
   83441     77630        32
   83552     77741        23
   83651     77840        20
   83676     77865        31
   83758     77950        29
   83811     77999        20
   84121     78300        20
   84614     78942        32
   84986     79332        32
   85219     79571        21
   85539     79846        20
   85593     79900        31
   86103     80396        39
   86221     80514        32
   86302     80595        23
   86377     80670        23
   86467     80760        24
   86758     81087        25
   87411     81809        23
   88184     82639        24
   88209     82664        24
   89171     83875        22
   89345     84049        21
   89426     84130        32
   89490     84194        65
   89564     84266        42
   89674     84376        20
   89689     84396        22
   89712     84419        31
   89746     84453        41
   89788     84495        41
   89876     84578        43
   89920     84622        40
   89983     84686        26
   90010     84713        23
   90034     84737        41
   90077     84780        23
   90111     84814       111
   90252     84955        75
   90328     85031        29
   90386     85089        30
   90417     85120        25
   90443     85146        20
   90637     85334        25
   90663     85360        65
   90762     85459        39
   90813     85510        26
   90879     85576        24
   90986     85684        22
   91097     85799        45
   95868     86204        35
   95938     86274        23
   95987     86314        58
   96717     86618        22
   96904     86805        30
   97063     86970        28
   97328     87225        29
   98443     87274        25
   98515     87352        32
   98610     87451        37
   98889     88360        80
   98970     88441        49
   99033     88504        20
   99188     88652        21
   99340     88811        24
   99392     88852        27
   99405    134020        42
   99447     88900        23
   99468     88923        41
   99510     88965        39
   99565     89019        22
   99592     89046        45
   99638     89092        58
   99703     89157        64
   99768     89222        33
   99871     89325       173
  100055     89509        46
  100102     89556        52
  100155     89609        86
  100249     89703        62
  100312     89766        27
  100355     89809        62
  100418     89872        44
  100488     89954        53
  100565     90027        27
  100593     90055        33
  100646     90108        22
  100669     90131        44
  100745     90207        23
  100769     90231        27
  100797     90259        54
  100852     90314        22
  100895     90378        31
  101007     90490        21
  101086     90569        40
  101133     90616        20
  101160     90643        94
  101289     90772        53
  101358     90841        20
  101397     90880        49
  101459     90942        51
  101523     91006        41
  101565     91048        39
  101605     91088        76
  101712     91195        34
  101747     91230        38
  101850     91324        36
  101897     91371        51
  101976     91449        20
  102024     91487        27
  102087     91544        24
  102117     91574        31
  102149     91606        20
  102172     91629        20
  102193     91650        44
  102251     91708        26
  102366     91826        21
  102389     91849        39
  102441     91901        29
  102492     91952        22
  102515     91975        23
  102543     92003        35
  102592     92052        24
  102623     92091        45
  102673     92137        61
  102745     92209        34
  102780     92244        23
  102883     92346        46
  102943     92406        31
  103023     92485       125
  103149     92611        64
  103222     92684        24
  103252     92714        34
  103335     92797        68
  103433     92895        22
  103458     92920        61
  103553     93010        25
  104087     93376        32
  104175     93464        22
  104258     93542        34
  104293     93577        28
  104346     93629        33
  104475     93818        24
  104651     93990        21
  104708     94047        20
  104883     94219        46
  104996     94340        21
  105046     94389        23
  105288     94610        78
  105377     94700        28
  105562     94887        94
  105657     94982        25
  105683     95008        46
  105741     95066        34
  105786     95111       187
  106031     95356        41
  106073     95398        59
  106133     95458       105
  106241     95566        60
  106332     95657        37
  106380     95705       182
  106569     95894        67
  106637     95962        34
  106674     95998        23
  106733     96057        48
  106782     96106        20
  106803     96127        71
  106875     96199        41
  106917     96241        37
  107021     96346        80
  107102     96433        20
  107197     96524        48
  107247     96584        30
  107372     96712       115
  107489     96829        38
  107559     96904        40
  107610     96955        41
  107655     97001        51
  107707     97053        22
  107753     97094        21
  107775     97116        28
  107804     97145        51
  107850     97189        21
  107921     97260        60
  108047     97384        23
  108075     97412        35
  108104     97446        53
  108265     97604        46
  108312     97651        28
  108348     97687        61
  108416     97750        27
  108467     97802        65
  108551     97886        63
  108615     97950        34
  108685     98022        36
  108749     98086        50
  108800     98137        41
  108854     98191        23
  108878     98215        48
  109000     98336        30
  109031     98367        23
  109089     98430        27
  109119     98460        22
  109141     98478        26
  109173     98515       100
  109288     98631        57
  109396     98732        25
  109422     98758        34
  109517     98853        40
  109558     98894        35
  109649     98986       142
  109837     99174       117
  109955     99292        25
  110028     99368        20
  110060     99398        65
  110120     99463        42
  110163     99506        60
  110236     99579       156
  110397     99740        44
  110451     99794       112
  110573     99916        37
  110611     99954        32
  110652     99995        43
  110702    100045        28
  110756    100099        36
  110793    100136        33
  110832    100175        79
  110912    100255        27
  110942    100285        39
  111002    100345        39
  111058    100466        25
  111080    100492       166
  111253    100666       124
  111391    100804       127
  111520    100933       134
  111655    101068        49
  111731    101143        89
  111834    101246        39
  111889    101301       102
  111992    101404        50
  112053    101465        30
  112084    101496       138
  112223    101635        30
  112274    101686        34
  112325    101736        39
  112372    101783        21
  112443    101844        50
  112560    101960        20
  112600    120883        28
  112635    102042        23
  112720    102123        62
  112783    102186        51
  112854    102257        23
  112966    102372        29
  113000    102406        22
  113023    102429        20
  113112    102517        76
  113224    102633        29
  113672    102714        43
  113804    102836        88
  113999    103031        21
  114023    103055        20
  114287    103337        43
  115320    105213        22
  115713    105401        21
  116323    105999        20
  116493    106169        20
  116565    106241        32
  116712    106388        47
  116784    106460        26
  116868    106544        22
  116925    106601        23
  117343    107019        21
  117425    107101        21
  117527    107203        21
  119396    109176        31
  119429    109209        31
  119909    109658        30
  120261    110022        21
  120284    110045        23
  120335    110096        30
  120900    110539        20
  121026    110665        21
  121048    110687        46
  121762    111401        22
  121833    111472        20
  121902    111541        26
  121929    111568        20
  122171    111810        23
  122315    111954        22
  122647    112257        26
  122695    112305        23
  123020    112846        23
  123239    113065        23
  123585    113384        24
  123928    113727        23
  123961    113760        20
  124581    114264        47
  124764    114447        23
  124907    114590        21
  124951    114634        30
  125009    114687        20
  125134    114810        32
  125434    115110        44
  125584    115260        57
  126298    115927        20
  126488    116149        26
  126708    116350        24
  126761    116403        22
  126823    116465        26
  127045    116687        20
  127068    116710        39
  127319    116958        20
  127490    117129        26
  127631    117270        23
  127707    117346        25
  127870    117509        21
  127906    117545        21
  128015    117654        26
  128093    117732        20
  128189    117828        23
  128258    117897        26
  128294    117933        29
  128339    117978        26
  128372    118011        20
  134728    119554        43
  135015    119859        20
  135038    119882        21
  135166    120010        88
  135343    120177        43
  135805    120272        29
  135870    120341        76
  136015    120485        20
  136036    120506        22
  136063    120533        29
  136181    120654        23
  136224    120697        51
  136276    120749        62
  136400    120869        23
  136430    102023        28
  136478    120954        20
  136565    121040        50
  136665    121130        21
  136694    121159        39
  136750    121214        34
  136805    121269        30
  136836    121300       138
  136975    121439        30
  137016    121480        50
  137067    121531       102
  137185    121649        39
  137238    121702        89
  137354    121817        49
  137404    121867       134
  137540    122003       127
  137681    122144       124
  137812    122276       166
  137975    122443        25
  138017    122550        39
  138077    122610        39
  138119    122652        27
  138147    122680        79
  138232    122765        33
  138266    122799        36
  138328    122861        28
  138363    122896        43
  138415    122948        32
  138448    122981        37
  138495    123028       112
  138617    123150        44
  138666    123199       156
  138835    123368        60
  138896    123429        42
  138933    123471        65
  139010    123546        20
  139078    123617        25
  139104    123643       117
  139267    123806       142
  139465    124005        35
  139501    124041        40
  139602    124142        34
  139637    124177        25
  139713    124246        57
  139785    124319       100
  139891    124430        26
  139917    124452        22
  139942    124477        27
  140004    124544        23
  140028    124568        30
  140132    124671        48
  140181    124720        23
  140217    124756        41
  140259    124798        50
  140337    124876        36
  140409    124950        34
  140444    124985        63
  140526    125067        65
  140615    125157        27
  140649    125186        61
  140718    125255        28
  140747    125284        46
  140901    125435        53
  140948    125487        35
  140988    125527        23
  141077    125614        60
  141187    125724        21
  141203    125738        51
  141255    125790        28
  141284    125819        21
  141329    125859        22
  141352    125882        51
  141407    125938        41
  141459    125990        40
  141531    126067        38
  141571    126107       115
  141781    126320        30
  141813    126362        48
  141936    126481        20
  141957    126508        80
  142104    126656        37
  142142    126694        41
  142184    126736        71
  142256    126808        20
  142277    126829        48
  142361    126913        23
  142387    126938        34
  142422    126973        67
  142496    127047       182
  142689    127240        37
  142757    127308        60
  142820    127371       105
  142926    127477        59
  142986    127537        41
  143085    127636       187
  143283    127834        34
  143329    127880        46
  143376    127927        25
  143402    127953        94
  143653    128206        28
  143692    128246        78
  143989    128522        23
  144041    128573        21
  144129    128669        46
  144330    128867        20
  144386    128923        21
  144559    129092        24
  144679    129272        33
  144737    129329        28
  144766    129358        34
  144861    129448        22
  144939    129526        32
  145480    129899        25
  145539    129953        61
  145603    130017        22
  145655    130069        68
  145772    130186        34
  145812    130226        24
  145845    130259        64
  145910    130324       125
  146084    130497        31
  146129    130542        46
  146255    130667        23
  146279    130691        34
  146324    130736        61
  146390    130798        45
  146442    130858        24
  146480    130896        35
  146520    130936        23
  146544    130960        22
  146588    131004        29
  146630    131046        39
  146671    131087        21
  146781    131200        26
  146821    131240        44
  146866    131285        20
  146889    131308        20
  146910    131329        31
  146947    131366        24
  147007    131420        27
  147062    131465        20
  147110    131512        51
  147172    131574        36
  147273    131666        38
  147312    131705        34
  147377    131770        76
  147454    131847        39
  147494    131887        41
  147548    131941        51
  147612    132005        49
  147680    132073        20
  147716    132109        53
  147804    132197        94
  147905    132298        20
  147932    132325        40
  148030    132423        21
  148132    132525        31
  148184    132598        22
  148207    132621        54
  148262    132676        27
  148290    132704        23
  148345    132759        44
  148390    132804        22
  148432    132846        33
  148466    132880        27
  148517    132927        53
  148596    133018        44
  148641    133063        62
  148719    133141        27
  148747    133169        62
  148817    133239        86
  148904    133326        52
  148957    133379        46
  149014    133436       173
  149257    133679        33
  149291    133713        64
  149362    133784        58
  149421    133843        45
  149471    133893        22
  149509    133930        39
  149549    133970        41
  149588    134011        23
  149611     88872        42
  149639    134055        27
  149694    134099        24
  149849    134261        21
  150005    134410        20
  150039    134444        49
  150089    134494        80
  150411    135446        37
  150511    135550        32
  150590    135635        25
  151701    135680        29
  151967    135936        28
  152124    136099        30
  152319    136294        22
  153013    136562        58
  153097    136637        23
  153155    136695        35
  157916    137090        45
  158050    137228        22
  158155    137334        24
  158219    137398        26
  158257    137436        39
  158330    137509        65
  158396    137575        25
  158595    137768        20
  158616    137789        25
  158642    137815        30
  158701    137874        29
  158731    137904        75
  158836    138009       111
  158958    138131        23
  158983    138156        41
  159025    138198        23
  159049    138222        26
  159098    138272        40
  159139    138313        43
  159229    138398        41
  159271    138440        41
  159315    138484        31
  159347    138516        22
  159364    138538        20
  159452    138626        42
  159503    138675        65
  159600    138772        32
  159692    138864        21
  159865    139037        22
