> gi|490345002|gb|KC427271.1|
      28    114419        27
     656       119        20
     827       290        23
    1160       623        26
    1205       668        37
    1250       713        23
    1399       862        33
    4441      3613        26
   34436      4504        41
   36178      5442        20
   36263      5527        28
   36292      5556        20
   36577      5841        26
   36670      5934        20
   36889      6153        20
   36920      6184        23
   37130      6394        29
   37802      7066        20
   38542      7603        42
   38599      7652        23
   39995      8294        24
   40020      8319        20
   40227      8471        55
   41121      9390        23
   41382      9651        23
   42036     10305        20
   42549     10818        20
   42582     10851        20
   42685     10954        43
   42978     11247        20
   43017     11286        29
   43124     11389        34
   43207     11472        23
   43320     11585        21
   43858     12123        20
   43912     12177        23
   44398     10443        20
   44475     12740        21
   44479     10524        20
   44818     13083        26
   45228     13493        21
   46307     14195        47
   47139     14954        20
   49012     16096        31
   50138     37083        55
   51411     37462        35
   51942     37860        28
   52153     38039        42
   55158     38538        28
   55766     39073        29
   55986     39267        27
   56938     40101        23
   57142     40305        29
   57421     40584        29
   57469     40632        23
   57583     40746        20
   57973     41136        30
   59023     41792        22
   59076     41845        21
   59132     41901        32
   59600     42369        23
   59756     42525        23
   59864     42633        32
   59921     42690        26
   60393     43162        25
   67184     46454        27
   67216     46486        22
   69041     47443        42
   70907     48608        20
   70909     96523        20
   71167     48786        23
   71193     48812        29
   71222     48842        22
   73293     50305        20
   77015     54127        23
   77081     54193        20
   77177     54289        20
   78014     55126        26
   78086     55198        29
   78302     55414        20
   78655     55819        21
   80465     57480        20
   80525     57540        24
   81050     58038        23
   81813     58727        24
   81943     58857        22
   82066     58980        23
   82135     59049        20
   83830     60618        20
   85377     61960        25
   86083     62661        20
   90896     66928        47
   94721     70381        22
   96350     72214        22
   98821     74543        31
   98853     74575        42
  102071     75214        22
  102177     75320        22
  102371     75514        28
  103107     76203        32
  103150     76246        32
  103243     76339        39
  103287     76383        35
  105237     77259        22
  105488     77451        34
  105539     77502        43
  105583     77546        38
  105627     77590        29
  105657     77620        22
  105784     77748       110
  105908     77872        21
  105973     77937        51
  106071     78035        29
  106118     78082        47
  106167     78131        20
  106228     78192        29
  106258     78222        35
  106296     78260       122
  106419     78383        36
  106504     78468        41
  106546     78510        35
  106634     78598        22
  106657     78621        22
  106770     78734        30
  106801     78765        47
  106849     78813        31
  106943     78907        75
  107146     79084        28
  107318     79245        22
  107365     79292        48
  107430     79354        21
  107492     79417        35
  107528     79453        20
  107585     79514        26
  107634     79563        21
  107701     79635        28
  108164     80024        24
  108192     80052        30
  108277     80137        43
  108394     80256        50
  108500     80362        21
  108620     80482        22
  108692     80554        64
  108786     80649        46
  108931     80792        31
  109110     80929        38
  109149     80968        53
  109223     81043        48
  109350     81146        21
  109444     81246        37
  109485     81287        25
  109520     81321        25
  109554     81355        26
  109626     81427        58
  109685     81507        25
  109744     81566        29
  109800     81622        80
  109881     81703        25
  109923     81745        34
  110003     81823        21
  110025     81845        23
  110070     81890        79
  110162     81982        23
  110188     82008        98
  110287     82108        25
  110452     82255        28
  110499     82302        56
  110592     82395        27
  110627     82430        22
  110696     82499        86
  110783     82586        36
  110820     82623        33
  110857     82660        41
  110899     82702        28
  110946     82755        21
  110988     82797        26
  111018     82827        66
  111085     82894        99
  111185     82999       103
  111289     83103        26
  111317     83131        32
  111350     83164        25
  111383     83197        20
  111445     83259        78
  111597     83411        24
  111652     83466        95
  111770     83584       201
  111977     83791        88
  112067     83881        26
  112112     83926        33
  112156     83970        32
  112335     84131        20
  112394     84190        24
  112431     84227        20
  112675     84470        22
  113037     84780        21
  113059     84802        53
  113775     96551        22
  128772     88086        20
  134645     85145        22
  135330     96863        53
  135384     96917        21
  135745     97226        22
  135991     97471        20
  136024     97504        24
  136087     97567        20
  136254     97716        32
  136297     97759        33
  136349     97811        26
  136377     97839        88
  136471     97933       201
  136695     98157        95
  136821     98283        24
  136919     98381        78
  137039     98501        20
  137067     98529        25
  137093     98555        32
  137127     98589        26
  137154     98616       103
  137258     98725        99
  137358     98825        66
  137428     98895        26
  137475     98942        21
  137515     98988        28
  137544     99017        41
  137589     99062        33
  137623     99096        36
  137660     99133        86
  137793     99266        22
  137823     99296        27
  137887     99360        56
  137962     99435        28
  138130     99585        25
  138156     99612        98
  138257     99713        23
  138293     99749        79
  138394     99850        23
  138418     99874        21
  138485     99939        34
  138536     99990        25
  138562    100016        80
  138669    100123        29
  138732    100186        25
  138758    100233        58
  138862    100337        26
  138897    100372        25
  138932    100406        25
  138961    100435        37
  139071    100551        21
  139171    100627        48
  139240    100697        53
  139294    100751        38
  139480    100895        31
  139610    101023        46
  139686    101100        64
  139800    101214        22
  139921    101335        21
  139998    101412        50
  140122    101538        43
  140220    101636        30
  140254    101670        24
  140713    102055        28
  140787    102134        21
  140831    102178        26
  140894    102245        20
  140915    102266        35
  140991    102343        21
  141029    102378        48
  141102    102451        22
  141268    102606        28
  141443    102755        56
  141562    102874        31
  141594    102906        47
  141642    102954        30
  141763    103075        22
  141786    103098        22
  141861    103173        35
  141897    103209        41
  141987    103299        36
  142024    103336       122
  142149    103461        35
  142185    103497        29
  142255    103567        20
  142277    103589        47
  142342    103654        29
  142418    103730        51
  142513    103825        21
  142548    103860       110
  142763    104076        22
  142786    104099        29
  142828    104141        31
  142860    104173        43
  142920    104233        34
  143183    104437        22
  145120    105300        35
  145160    105340        39
  145260    105440        32
  145303    105483        32
  146043    106176        28
  146243    106376        22
  146349    106482        22
  149547    107101        42
  149590    107144        31
  152070    109482        22
  153699    111315        22
  157499    114743        47
