> gi|179366234|gb|EU549769.1|
       1         1        76
     525       453        30
     585       513        47
     684       612        41
     726       654        23
     750       678        32
     798       726        50
     849       777        23
     873       801        23
     897       825        21
     919       847        28
     966       894        34
    1001       929        90
    1098      1026        38
    1137      1065        41
    1179      1107        23
    1203      1131        55
    1275      1203        20
    1302      1230        59
    1365      1293        83
    1449      1377        47
    1497      1425       124
    1680      1594        34
    1909      1754        29
    1964      1805        36
    2214      2074        23
    2390      2250        34
    2452      2312        21
    2845      2705        20
    3488      3357        20
    3538      3407        26
    3579      3448        25
    3751      3600        38
    3921      3778        32
    4151      3988        22
    4346      4193        24
    4428      4275        47
    5173      5270        44
    5218      5315        29
    5667      5754        29
    6052      6131        24
    6111      6192        39
    6151      6232        29
    7551      7212        56
    7751      7441        45
    7975      7639        31
    8069      7727        24
    8126      7784        37
    8461      8134        21
    8545      8225        24
    8594      8274        32
    8627      8307        36
    8798      8466        49
    8848      8516        26
    8882      8550        32
   28992      8868        22
   29515      9335        49
   30359     10020        20
   30476     10132        35
   30512     10168        32
   31611     10769        20
   31632     10790        21
   31671     10828        32
   31760     10916        20
   31805     10961        27
   31837     10993        24
   32738     11444        31
   32772     11478        24
   33253     11635        38
   33292     11674        30
   34769     31381        20
   34907     31520        21
   35688     32152        21
   35790     32240        20
   35811     32261        21
   35836     32286        38
   35881     32331        29
   35911     32361        20
   35947     32397        24
   35989     32439        59
   36082     32532        26
   36109     32559        53
   36181     32631        47
   36229     32679        62
   36292     32742        20
   36313     32763        65
   36409     32859        54
   36466     32916        56
   36529     32979        53
   36583     33033        68
   36670     33120        38
   36710     33160        28
   36754     33204        20
   36775     33225       189
   36968     33418        23
   36995     33445        37
   37085     33535        33
   37119     33569        28
   37178     33628        20
   37220     33670        27
   37262     33712        23
   37286     33736        32
   37328     33778        65
   37469     33919        23
   37505     33955        20
   37526     33976        20
   37553     34003        32
   37592     34042        20
   37688     34138        20
   37709     34159        20
   37784     34234        35
   37820     34270        23
   37926     34376        40
   38000     34450        62
   38075     34525        29
   38105     34555        23
   38129     34579        23
   38180     34630        35
   38216     34666        41
   38502     34951        34
   38547     34986        24
   38587     35026        23
   38632     35065        21
   38966     35383        34
   39053     35470        23
   39077     35494        70
   39930     35877        73
   40183     36142        47
   40333     36286        20
   40425     36378        32
   40515     36468        20
   40606     36559        49
   40680     36633        20
   40734     36687        37
   40885     36844        20
   40906     36865        38
   40981     36940       110
   41107     37066        23
   41188     37147        38
   41251     37210        26
   41278     37237        20
   41299     37258        29
   41329     37288        26
   41383     37342        26
   41428     37387        20
   41506     37465        34
   41616     37575        45
   41662     37621        26
   41707     37666        29
   41757     37716        24
   41782     37741        20
   41803     37762        50
   41887     37846        74
   41974     37933        29
   42025     37984        38
   42247     38206        20
   42294     38253        28
   42340     38299        32
   42457     38416        23
   42505     38464        23
   42529     38488        56
   42595     38554        28
   42661     38620        32
   42713     38672        25
   42745     38704        61
   42874     38833        89
   42964     38923       204
   43184     39143        71
   43267     39226        51
   43355     39314        47
   43406     39365        38
   43485     39444        28
   43616     39575        29
   43649     39608        26
   43691     39650        41
   43733     39692        23
   43805     39764        26
   43856     39815        41
   43928     39887        69
   43998     39957        28
   44039     39998        41
   44111     40070        20
   44147     40106        64
   44212     40171        72
   44303     40262        23
   44366     40325        38
   44414     40373        26
   44422     38157        24
   44507     40466        26
   44534     40493        83
   44621     40580        38
   44660     40619        35
   44696     40655        23
   44720     40679        35
   44792     40751        23
   44828     40787        35
   44876     40835        50
   44942     40901        50
   45011     40970        35
   45047     41006        26
   45101     41060        36
   45138     41097        58
   45206     41165        30
   45267     41226        22
   45290     41249        64
   45442     41416        27
   45470     41444        56
   46118     42007        26
   46154     42043        23
   46178     42067        35
   46226     42115        24
   46251     42140        50
   46419     42344        39
   46565     42492        27
   46675     42598        28
   46713     42635        22
   46737     42659        20
   46857     42775        22
   46895     42798        21
   46936     42836        47
   46984     42884        26
   47032     42932        26
   47059     42959        26
   47086     42986        20
   47113     43013        77
   47258     43158        32
   47343     43235        37
   47498     43407        51
   47713     43613        27
   47749     43654        21
   47771     43676        24
   47926      9780        21
   47942     43803        74
   48017     43878        23
   48041     43902        25
   48153     44014        22
   48920     44839        20
   48944     44863        32
   48977     44896        29
   49282     45228        34
   49317     45263        23
   49359     45305        29
   49500     45446        34
   49542     45488        32
   49626     45572        41
   49674     45620        79
   49785     45731        20
   49857     45803        20
   49878     45824        28
   50091     46194        63
   51203     46605        26
   51388     46844        68
   51468     46924        32
   51502     46961        22
   51815     47229        24
   51840     47254        22
   51898     47312        21
   51931     47345        27
   52001     46502        25
   52139     47808        54
   52943     48112        37
   52984     48153        20
   53021     48190        22
   53066     48235        41
   53148     48317        36
   53212     48381        23
   53275     48444        51
   53332     48501        26
   53418     48587        21
   53522     48706        53
   53606     48790        32
   53648     48832        32
   53722     48906        35
   53798     48982        23
   53837     49021        74
   53936     49120        20
   53981     49165        23
   54005     49189        37
   54043     49227        36
   54080     49264        23
   54104     49288        60
   54223     49403        24
   54248     49428        21
   54270     49450        31
   54345     49525        44
   54390     49570        38
   54582     49762        34
   55126     50852        52
   55231     50957        26
   55300     51031        21
   55371     51101        23
   55452     51179        36
   55544     51266        24
   55636     51350        21
   55759     51463        22
   55824     51523        35
   55964     51669        23
   55988     51693        73
   56067     51773        20
   56102     51814        20
   56360     52006        30
   56435     52081        21
   56543     52189        42
   56604     52250        27
   56632     52278        43
   56691     52337        31
   56756     52402        35
   56798     52444        29
   56882     52528        23
   56912     52558        23
   57002     52648        35
   57040     52686        21
   57083     52729        50
   57137     52783        23
   57161     52807        26
   57230     52876        20
   57254     52900        31
   57286     52932        39
   57404     53050        74
   57518     53164        26
   57551     53197        41
   57650     53296        32
   57719     53365        35
   57755     53401        41
   57863     53509        20
   57959     53605        20
   57995     53641        39
   58058     53704        32
   58106     53752        29
   58287     53935        20
   58357     54003        23
   58393     54026        26
   58514     54131        23
   58681     54275        23
   58848     54392        32
   58988     54539        23
   59045     54596        61
   59111     54662        31
   59143     54694        23
   59167     54718        26
   59224     54775        29
   59359     54910        32
   59410     54961        29
   59509     55060        29
   59554     55105        41
   59613     55164        21
   59647     55198        23
   59671     55222        47
   59734     55285        44
   59800     55351        54
   59855     55406        32
   59888     55439        40
   59932     55483        29
   59998     55549        23
   60037     55588        20
   60070     55621        23
   60094     55645        24
   60142     55693        29
   60184     55735        32
   60271     55822        20
   60292     55843        35
   60328     55879        23
   60363     55914        29
   60393     55944        42
   60487     56056        22
   60515     56084        40
   60673     56220        23
   60773     56317        28
   60816     56392        22
   61171     56552        30
   61233     56615        21
   61522     56901        22
   61903     57258        48
   61981     57336        36
   62053     57408        20
   62086     57441        23
   62120     57475        40
   62212     57567        44
   62356     57711        30
   62387     57742        22
   62411     57766        20
   62432     57787        22
   62530     57885        32
   62622     57977        24
   63436     58750        24
   63501     58812        20
   63539     58850        25
   63972     59267        37
   64021     59316        28
   64051     59346        20
   64206     59501        20
   64227     59522        20
   64287     59582        32
   64365     59660        26
   64488     59783        20
   65556     60667        28
   65619     60730        42
   65670     60781        34
   65933     61044        42
   65976     61087        31
   66170     61281        36
   66389     61507        46
   66469     61587        21
   66512     61630        65
   66593     61711        23
   66620     61738        32
   66653     61771        40
   66701     61819        25
   66731     61849        32
   66824     61942        30
   66885     62003        20
   66906     62024        37
   67025     62143        29
   67070     62188        20
   67129     62247        21
   67157     62275        20
   67253     62371        23
   67283     62401        20
   67304     62422        23
   67355     62473        32
   67623     62760        21
   68440     63383        27
   68468     63411        23
   68634     63577        50
   68703     63646        32
   68739     63682        26
   68785     63728        26
   68812     63755        26
   68851     63794        46
   68900     63843        42
   68959     63902        21
   69004     63947        20
   69037     63980        47
   69103     64046        80
   69284     64228        29
   69539     64553        20
   70431     65361        27
   70461     65391        23
   70499     65429        23
   70686     65604        22
   70721     65639        23
   70745     65663        35
   70927     65842        50
   70978     65893        26
   71163     66046        20
   71190     66073        84
   71626     66487        57
   72146     67017        32
   72252     67117        25
   72323     67188        41
   72592     67436        28
   72621     67465        41
   72663     67507        36
   72700     67544        20
   72733     67577        97
   73079     67933        22
   73174     68013        27
   73202     68041        39
   73263     68102        22
   73318     68157        25
   73427     68266        55
   73504     68343        22
   73582     68422        20
   73594    149083        20
   73622     68462        33
   73759     68588        31
   73901     68736        23
   73925     68760        33
   74272     69072        52
   74376     69176        20
   74425     69221        47
   74580     69376        23
   74614     69410        23
   74647     69443        53
   75045     69820        28
   75185     69999        21
   75286     70077        20
   75337     70128        21
   75359     70150        27
   75407     70199        43
   75457     70249        32
   75517     70309        28
   75559     70351        41
   75630     70422        21
   75655     70447        20
   75676     70468        42
   75785     70574        28
   76007     70775        30
   76060     70826        23
   76566     71294        24
   76604     71332        26
   76631     71359        26
   76846     71614        25
   76883     71651        26
   77003     71784        22
   77060     71840        33
   77127     71907        47
   77178     71958        23
   77211     71991        23
   77235     72015        47
   77319     72099        26
   77385     72165        23
   77556     72336        23
   77625     72405        47
   77748     72528        20
   77787     72567        32
   77820     72600        32
   77871     72651        32
   77941     72721        21
   77963     72743        27
   78114     72894        29
   78144     72924        20
   78165     72945        20
   78249     73029        23
   78273     73053        31
   78312     73092        20
   78342     73122        35
   78378     73158        44
   78439     73219        35
   78531     73311        20
   78552     73332        28
   78661     73514        27
   78701     73554        70
   78829     73687        24
   78854     73712        21
   78933     73791        45
   78979     73837        49
   79029     73887        35
   79065     73923        22
   79195     74051        23
   79243     74099        20
   79315     74171        20
   79465     74308        32
   79602     74456        25
   79766     74621        43
   79869     74725        20
   80188     75026        20
   80248     75078        35
   80284     75114        23
   80308     75138        35
   80344     75174        20
   80365     75195        32
   80446     75276        38
   80500     75330        50
   80593     75423        44
   80644     75474        53
   80698     75528        20
   80722     75552        20
   80761     75591        46
   80994     75831        29
   81078     75914        47
   81163     76005        34
   81238     76077        21
   81406     76210        21
   81464     76263        25
   81542     76335        25
   81789     76566        46
   81840     76617        50
   81891     76668        35
   81927     76704        20
   81951     76728        35
   82030     76807        28
   82068     76845        71
   82179     76956        20
   82224     77001        32
   82277     77054        24
   82302     77079        74
   82416     77193        28
   82702     77466        20
   82923     77687        29
   82953     77717        20
   83002     77760        48
   83051     77809        28
   83289     78047        47
   83406     78164        35
   83488     78246        20
   83510     78268        40
   83555     78313        32
   83666     78439        26
   83768     78541        40
   83825     78598        23
   83912     78685        29
   84079     78846        33
   84166     78923        25
   84234     78991        29
   84447     79203        29
   84754     79492        37
   84797     79535        33
   84854     79592        29
   84956     79694        54
   85119     79857        35
   85369     80117        20
   85396     80144        83
   85480     80228        53
   85708     80456        23
   85876     80608        21
   85973     80705        23
   86111     80843        50
   86185     80917        21
   86207     80939        23
   86274     81006        27
   86365     81148        20
   86587     81372        28
   86980     81748        25
   87077     81843        20
   87106     81872        21
   87477     82234        30
   87586     82343        23
   87670     82427        34
   87777     82534        23
   87954     82711        24
   88012     82769        37
   88050     82807        21
   88331     83082        27
   88458     83209        38
   88601     83346        21
   88677     83422        39
   88717     83462        30
   88755     83500        20
   88782     83527        20
   88841     83586        39
   88929     83678        43
   88992     83741        30
   89023     83772        24
   89048     83797        20
   89069     83818        23
   89129     83878        20
   89166     83915        91
   89258     84007        32
   89291     84040        50
   89342     84091        43
   89386     84135        64
   89455     84204        31
   89526     84275        55
   89582     84331        58
   89659     84408        33
   89704     84453        57
   89800     84550       301
   90102     84852        34
   90187     84937        43
   90231     84981        76
   90313     85063        30
   90344     85094        26
   90371     85121        56
   90427     85171        94
   90583     85327        71
   90655     85399        55
   90712     85456        23
   90794     85534        43
   90879     85619        63
   90943     85683        33
   91089     85852        53
   91161     85924        50
   91219     85982        27
   91247     86010        49
   91307     86070        65
   91373     86136        60
   91435     86198        40
   91476     86239        25
   91519     86282        34
   91565     86328        37
   91623     86386        47
   91738     86501        25
   91840     86603        21
   91862     86625        39
   91917     86680        34
   91954     86717        22
   91977     86740        86
   92064     86827        24
   92105     86868        46
   92152     86915        40
   92193     86956        25
   92219     86982        35
   92268     87031        39
   92308     87071        71
   92427     87199        27
   92470     87242        25
   92497     87269        20
   92522     87294        88
   92636     87402        24
   92668     87434        54
   92728     87494        30
   92778     87544        24
   92803     87569        22
   92826     87592        20
   92847     87613        57
   92924     87690        25
   93061     87836        47
   93109     87884        34
   93144     87919        35
   93182     87957        26
   93209     87984        25
   93266     88041        67
   93361     88136        21
   93383     88158        32
   93439     88214        20
   93475     88250        24
   93510     88285        33
   93544     88319        25
   93570     88345        22
   93593     88368        49
   93690     88444        32
   93743     88497        22
   93769     88523        22
   93813     88558        40
   93903     88648        32
   93936     88681        47
   93999     88744        34
   94045     88790        23
   94069     88814        21
   94115     88860        71
   94215     88960        55
   94315     89060        37
   94355     89100        23
   94382     89127        25
   94428     89173        28
   94457     89202       228
   94721     89466        54
   94804     89549        46
   94851     89596        55
   94907     89652        66
   94974     89719        62
   95050     89789        23
   95074     89813        26
   95113     89852        21
   95144     89883        21
   95246     89985        40
   95348     90063        22
   95413     90137        35
   95472     90196        59
   95544     90268        29
   95577     90301        21
   95602     90326        22
   95625     90349        36
   95671     90395        77
   95749     90473        51
   95804     90528        57
   95890     90614        31
   95934     90658        44
   95979     90703        22
   96027     90751        30
   96216     90937        83
   96365     91077        41
   96407     91119        36
   96444     91156        53
   96498     91210        35
   96534     91246        46
   96581     91293        51
   96696     91408        20
   96717     91429        41
   96775     91487        40
   96855     91567        75
   96942     91654        34
   96985     91697        27
   97038     91750        23
   97095     91798        23
   97123     91826        31
   97171     91874        26
   97263     91966        78
   97363     92066        38
   97407     92110        42
   97450     92153        41
   97492     92195        60
   97553     92256        36
   97590     92293        36
   97651     92354        25
   97677     92380        30
   97708     92411        26
   97772     92475        39
   97821     92524        21
   97843     92546        38
   98495     92655        31
   98561     92721        61
   98627     92796        21
   98686     92842        37
   98727     92883        24
   98788     92939        21
   98834     93039       154
   98998     93193        43
   99052     93247        24
   99115     93305        24
   99140     93330        21
   99209     93399        37
   99247     93437        39
   99384     93574        34
   99428     93618        73
   99510     93700        36
   99547     93737       107
   99655     93845        64
   99754     93944        34
   99789     93979       117
   99907     94097        26
   99934     94124        62
  100007     94197        46
  100054     94244       214
  100269     94459        65
  100335     94525        30
  100370     94560        66
  100437     94627        62
  100515     94702        28
  100552     94730       130
  100683     94861        32
  100716     94894        41
  100758     94936        27
  100803     94981        30
  100835     95013        32
  100868     95046        25
  100894     95072        94
  100989     95167        36
  101037     95215       172
  101210     95388       103
  101348     95526       113
  101483     95661        53
  101546     95724        86
  101650     95828        47
  101698     95876        38
  101808     95978        42
  101877     96047        31
  101932     96102        47
  101980     96150        22
  102039     96181        23
  102063     96205        42
  102106     96248        94
  102202     96344        73
  102276     96418        27
  102339     96481        40
  102380     96522       151
  102532     96674        38
  102587     96729        39
  102624     96762        52
  102696     96834        34
  102731     96869        23
  102755     96893        78
  102850     96982        35
  102894     97025        51
  102958     97089       141
  103106     97237       128
  103235     97366        50
  103286     97417        77
  103364     97495       107
  103501     97632        28
  103551     97681        30
  103587     97717        23
  103645     97775        38
  103685     97815        23
  103709     97839        36
  103753     97883        32
  103790     97941        24
  103897     98011        27
  104045     98142        41
  104112     98209        76
  104189     98286        69
  104259     98356        32
  104293     98390        42
  104427     98534        27
  104608     98711        27
  104668     98771        23
  104692     98805        33
  104727     98840        21
  104745     98853        38
  104788     98896        42
  104831     98939        40
  104940     99056        23
  104964     99080        55
  105036     99152        22
  105059     99175        20
  105151     99267        21
  105181     99289        48
  105237     99345        81
  105363     99470        43
  105407     99514        31
  105439     99546        25
  105470     99577        28
  105499     99606       275
  105775     99882       339
  106115    100222       138
  106254    100361       260
  106515    100622       107
  106625    100732       243
  106869    100976        64
  106934    101041       140
  107150    101257        33
  107185    101292        27
  107271    101376        24
  107320    101426       107
  107428    101534        51
  107511    101618        44
  107570    101677        36
  107611    101718       115
  107727    101834        28
  107756    101863        30
  107787    101894        34
  108015    101953        94
  108109    102043        37
  108147    102081        25
  108189    102119       172
  108387    102312        22
  108410    102335        92
  108503    102428       117
  108609    102543        27
  108637    102571        46
  108712    102646        80
  108806    102740        24
  108831    102765        26
  108858    102792        31
  108907    102841        37
  108952    102886        45
  109018    102951        35
  109054    102986        46
  109093    103031        26
  109125    103067       104
  109240    103182        21
  109262    103204        66
  109330    103270        25
  109373    103313        25
  109437    103377       108
  109546    103486        25
  109581    103521       183
  109765    103705        20
  109789    103729       117
  109907    103847        95
  110012    103949       383
  110403    104340       280
  110705    104642       241
  110954    104891        39
  110994    104931        43
  111038    104975        30
  111069    105006       141
  111211    105148       142
  111355    105292       115
  111472    105409        70
  111543    105480        77
  111621    105558        59
  111681    105618       193
  111875    105812        67
  111943    105880       323
  112277    106214       104
  112382    106319       112
  112500    106437        30
  112514    106483        30
  112540    106508        56
  112612    106580        21
  112658    106616       158
  112912    106864        33
  112974    106937        32
  113035    106996        24
  113063    107024        78
  113176    107136        30
  113210    107170        35
  113342    107299        23
  113419    107372        32
  113498    107450        35
  113761    107559        36
  113801    107599        67
  113908    107706        29
  113950    107748        60
  114011    107809        22
  114105    107907        26
  114167    107963        27
  114238    108034        43
  114288    108084        22
  114316    108112        20
  114337    108133        25
  114387    108183        39
  114427    108223        61
  114507    108303        41
  114549    108345        44
  114597    108393        29
  114795    108585        25
  114870    108666        30
  134375    126859        29
  134408    126892        44
  134453    126937        41
  134513    126997        61
  134575    127059        39
  134639    127123        25
  134665    127149        20
  134691    127175        22
  134720    127204        43
  134807    127291        27
  134870    127348        26
  134968    127450        22
  134991    127473        60
  135064    127546        29
  135133    127615        67
  135204    127686        25
  135468    127796        35
  135556    127883        26
  135636    127959        23
  135756    128076        35
  135795    128115        30
  135860    128179        78
  135942    128261        24
  135995    128312        32
  136056    128384        33
  136185    128507       158
  136368    128680        21
  136405    128717        56
  136457    128768        30
  136471    128814        26
  136507    128850       112
  136620    128963       104
  136735    129078       323
  137059    129402       261
  137321    129664        59
  137381    129724        77
  137459    129802        70
  137531    129874       116
  137650    129993       140
  137791    130134       141
  137933    130276        30
  137964    130307        43
  138012    130355        35
  138055    130398       241
  138318    130661       280
  138606    130949       383
  138999    131339        95
  139095    131435       117
  139216    131556        20
  139237    131577       183
  139430    131770        25
  139456    131796       108
  139603    131943        25
  139646    131986        25
  139673    132011        66
  139740    132078        21
  139772    132110       104
  139882    132224        26
  139901    132249        46
  139948    132295        35
  140004    132350        45
  140057    132403        37
  140112    132458        31
  140144    132490        26
  140171    132517        24
  140209    132555        80
  140318    132664        46
  140365    132711        27
  140381    132736       117
  140499    132854        92
  140592    132947        22
  140640    132990       172
  140829    133175        25
  140855    133201        37
  140892    133234        94
  141180    133353        21
  141192    133367        22
  141215    133390        30
  141246    133421        28
  141275    133450       115
  141395    133570        36
  141446    133621        44
  141522    133698        51
  141574    133750       107
  141706    133883        24
  141789    133964        27
  141818    133993        33
  141927    134102       140
  142068    134243        64
  142133    134308       243
  142379    134554       107
  142487    134662       260
  142748    134923       138
  142887    135062       339
  143227    135402       275
  143503    135678        28
  143537    135712        25
  143563    135738        31
  143595    135770        43
  143683    135857        81
  143772    135946        48
  143829    135995        21
  143922    136088        20
  143943    136109        22
  143982    136148        55
  144038    136204        23
  144130    136304        40
  144171    136345        42
  144218    136392        38
  144253    136422        21
  144276    136445        33
  144310    136489        23
  144366    136545        27
  144547    136722        27
  144666    136851        42
  144710    136895        32
  144743    136928        69
  144813    136998        76
  144915    137100        41
  145077    137245        27
  145187    137318        24
  145216    137368        32
  145256    137408        36
  145293    137445        23
  145318    137470        38
  145391    137543        23
  145420    137572        30
  145472    137623        28
  145530    137681       107
  145638    137789        77
  145716    137867        50
  145767    137918       128
  145902    138053       141
  146056    138207        51
  146116    138266        35
  146168    138312        78
  146247    138391        23
  146271    138415        34
  146325    138469        52
  146375    138515        39
  146431    138571        38
  146470    138610       151
  146622    138762        40
  146698    138838        27
  146726    138866        73
  146801    138941        94
  146896    139036        42
  146939    139079        23
  146999    139111        22
  147022    139134        47
  147093    139205        31
  147151    139263        42
  147265    139369        38
  147304    139408        47
  147369    139473        86
  147465    139569        53
  147540    139644       113
  147688    139792       103
  147792    139896       172
  147976    140080        36
  148013    140117        94
  148108    140212        25
  148134    140238        32
  148168    140272        30
  148216    140320        27
  148244    140348        41
  148286    140390        32
  148319    140423       130
  148458    140553        28
  148502    140594        62
  148565    140657        66
  148636    140728        30
  148667    140759        65
  148733    140825       214
  148948    141040        46
  149005    141097        62
  149068    141160        26
  149095    141187       117
  149213    141305        34
  149282    141374        64
  149347    141439       107
  149455    141547        36
  149500    141592        73
  149583    141675        34
  149715    141807        39
  149755    141847        37
  149840    141932        21
  149862    141954        24
  149925    142012        24
  149960    142047        43
  150013    142090       154
  150192    142323        21
  150250    142376        24
  150278    142404        37
  150353    142466        21
  150379    142501        61
  150475    142597        31
  151120    142699        38
  151159    142738        21
  151190    142769        39
  151267    142846        26
  151294    142873        30
  151325    142904        25
  151375    142954        36
  151412    142991        36
  151449    143028        60
  151510    143089        41
  151552    143131        42
  151600    143179        38
  151660    143239        78
  151804    143383        26
  151847    143426        31
  151883    143462        23
  151940    143510        23
  151989    143559        27
  152025    143595        34
  152071    143641        75
  152186    143756        40
  152243    143813        41
  152285    143855        20
  152369    143939        51
  152421    143991        46
  152468    144038        35
  152504    144074        53
  152558    144128        36
  152595    144165        41
  152702    144263        83
  152944    144502        30
  153000    144558        22
  153023    144581        44
  153080    144638        31
  153140    144698        57
  153201    144759        51
  153253    144811        77
  153340    144898        36
  153377    144935        22
  153403    144961        21
  153428    144986        29
  153470    145028        59
  153553    145111        35
  153631    145198        22
  153715    145258        40
  153836    145379        21
  153867    145410        21
  153901    145444        26
  153928    145471        23
  153965    145502        62
  154028    145565        66
  154095    145632        55
  154151    145688        46
  154226    145763        54
  154316    145853       228
  154545    146082        28
  154594    146131        25
  154623    146160        23
  154649    146186        37
  154731    146268        55
  154815    146352        71
  154911    146448        21
  154933    146470        23
  154968    146505        34
  155018    146555        47
  155066    146603        32
  155148    146685        40
  155210    146738        22
  155236    146764        22
  155279    146807        32
  155359    146866        49
  155409    146916        22
  155432    146939        25
  155458    146965        33
  155502    147009        24
  155542    147049        20
  155586    147093        32
  155619    147126        21
  155668    147175        67
  155767    147274        25
  155793    147300        26
  155822    147329        35
  155858    147365        34
  155893    147400        47
  156052    147568        25
  156097    147613        57
  156155    147671        20
  156176    147692        22
  156199    147715        24
  156243    147759        30
  156279    147795        54
  156341    147857        24
  156391    147901        88
  156484    147994        20
  156506    148016        25
  156547    148057        27
  156622    148141        71
  156694    148213        39
  156747    148266        35
  156783    148302        25
  156809    148328        40
  156850    148369        46
  156913    148432        24
  156938    148457        86
  157025    148544        22
  157050    148569        34
  157100    148619        39
  157140    148659        21
  157238    148757        25
  157331    148850        47
  157399    148918        37
  157448    148967        34
  157500    149019        25
  157526    149045        40
  157568    149087        60
  157629    149148        65
  157705    149224        49
  157755    149274        27
  157790    149309        50
  157859    149378        53
  158025    149567        33
  158059    149601        63
  158164    149706        43
  158266    149804        23
  158291    149829        55
  158347    149885        71
  158480    150018        94
  158574    150106        56
  158631    150163        26
  158658    150190        30
  158694    150226        76
  158771    150303        43
  158865    150397        34
  158900    150432       301
  159240    150773        57
  159309    150842        33
  159361    150894        58
  159420    150953        55
  159515    151048        31
  159551    151084        64
  159616    151149        43
  159660    151193        50
  159711    151244        32
  159744    151277        91
  159852    151385        20
  159909    151442        23
  159933    151466        20
  159954    151487        24
  159979    151512        30
  160029    151562        43
