> gi|318084464|gb|HQ325742.1|
       3         1        38
      42        40        39
     491       462        63
     630       601        23
     654       625        41
     702       673        77
     798       769        21
     864       835        35
     900       871        35
     978       949        25
    1005       976        26
    1035      1006        23
    1059      1030        35
    1115      1086        68
    1184      1155        36
    1260      1231        44
    1305      1276        53
    1371      1342        32
    1404      1375        26
    1467      1438        60
    1597      1565        35
    1786      1803        60
    1859      1894        36
    2257      2330        43
    2310      2383        21
    2586      2659        21
    2958      3031        21
    3067      3131        21
    3181      3245        39
    3276      3340        26
    3653      3709        28
    3829      3881        24
    3857      3915        25
    3997      4047        21
    4097      4136        20
    4306      4348        63
    5180      5429        31
    6266      6961        33
    6300      6995        46
    6513      7212        25
    6704      7372        22
    6852      7520        31
    7373      7970        27
    7425      8022        47
    7735      8172        32
    7782      8219        40
    7804     37253        21
    8771      9144        40
    8861      9234        34
    8975      9371        29
    9078      9479        23
    9240      9622        41
    9497      9841        23
    9558      9906        71
   10038     10180        72
   10466     10390        31
   10498     10422        26
   10534     10458        20
   10567     10491        23
   10870     10794        23
   10930     10854        44
   10977     10901        30
   11011     10935        41
   11056     10980        44
   11107     11031        20
   11287     11211        43
   11386     11310        20
   11422     11346        26
   11500     11424        38
   11557     11481        60
   11663     11587        40
   11719     11643        24
   11749     11673        20
   11813     11737        31
   11845     11769        40
   11938     11849        21
   12042     11976        27
   12078     12012        23
   12134     12068        33
   12198     12132        23
   12312     12246        37
   12350     12284        39
   12434     12388        21
   12828     12849        23
   12935     12958        30
   12991     13015        23
   13097     13135        20
   13118     13156        40
   13198     13236        34
   13386     13695        22
   13603     13900        31
   13729     14026        20
   13777     14074        31
   14791     15157        21
   14810     15181        21
   14991     15363        26
   15033     15405        29
   15066     15438        35
   15109     15481        28
   15237     15609        23
   15278     15650        27
   15312     15684        35
   15414     15786        23
   15438     15810        53
   15492     15864        20
   15543     15915        26
   15587     15959        24
   15764     16135        22
   15964     16327        44
   16026     16389        24
   16051     16414        20
   16077     16440        24
   16217     16580        21
   16279     16642        25
   16381     16744        43
   16460     16823        76
   16552     16915        20
   16606     16969        29
   16662     17025        26
   17073     17440        25
   17138     17505        22
   17164     17531        42
   17234     17601        26
   17336     17703        23
   17375     17742        38
   17438     17805        37
   17476     17843        25
   17603     17970        29
   17633     18000        26
   17660     18027        32
   18037     18398        20
   18202     18554        26
   18788     19149        20
   18846     19207        22
   19018     19379        39
   19070     19431        25
   19186     19547        27
   19261     19622        27
   19790     20157        26
   19817     20184        32
   19850     20217        24
   19973     20340        20
   20024     20391        23
   20048     20415        25
   20111     20478        26
   20330     20697        26
   20412     20779        76
   20561     20928        35
   20612     20979        38
   20651     21018        26
   20678     21045        23
   20720     21087        23
   20756     21123        23
   20786     21153        30
   20858     21225        29
   20905     21272        21
   20951     21318        29
   20981     21348        45
   21310     21686        20
   21388     21764        27
   21416     21792        22
   21439     21815        25
   21752     22122        34
   21814     22184        35
   21916     22286        20
   21937     22307        23
   21979     22349        20
   22011     22381        29
   22041     22411        24
   22081     22451        23
   22147     22517        26
   22210     22580        50
   22261     22631        23
   22285     22655        20
   22330     22700        31
   22362     22732        20
   22393     22763        26
   22443     22813        39
   22483     22853        55
   22561     22931        25
   22594     22964        21
   22736     23106        43
   22798     23168        20
   22819     23189        26
   22849     23219        31
   22927     23295        36
   23346     23644        24
   23518     23818        28
   23600     23900        22
   23680     23973        34
   23758     24051        25
   23856     24149        20
   23925     24218        20
   23994     24287        38
   24060     24353        20
   24081     24374        20
   24123     24416        26
   24154     24447        42
   24242     24535        29
   24272     24565        25
   24330     24623        28
   24376     24669        41
   24452     24745        26
   24491     24784        20
   24512     24805        26
   24676     24969        36
   24716     25009        23
   24794     25087        37
   24839     25132        20
   24913     25206        21
   25135     25428        33
   25192     25485        24
   25217     25510        20
   25238     25531        20
   25304     25597        27
   25342     25635        24
   25503     25796        25
   25639     25932        21
   25721     26014        26
   25748     26041        32
   25781     26074        26
   25877     26170        26
   26051     26338        20
   26090     26377        20
   26111     26398        59
   26316     26603        25
   26402     26689        23
   26429     26716        20
   26474     26761        27
   26560     26847        57
   26618      7791        21
   26686     26973        24
   26753     27040        35
   26811     27098        31
   26843     27130        59
   26909     27196        21
   26936     27223        23
   26972     27259        26
   27015     27302        25
   27102     27389        21
   27128     27415        28
   27227     27514        53
   27311     27598        20
   28388     28873        35
   28426     28912        39
   29339     29495        23
   29390     29546        65
   30351     30770        20
   30381     30800        20
   30405     30824        23
   30462     30871        44
   30525     30973        22
   30579     31027        22
   30895     31360        63
   30959     31424        28
   31411     31932       110
   31571     32085        45
   31666     32180        43
   32219     33004        71
   32517     33379        26
   32659     33518        21
   32788     33639        20
   33381     34122        24
   33505     34252        21
   33723     34459        33
   33757     34493        35
   33799     34535        30
   33832     34568        32
   33865     34601        29
   33910     34646        23
   33958     34694        20
   34021     34757        26
   34138     34874        23
   34162     34898        26
   34235     34971        31
   34273     35009        89
   34420     35156        41
   34462     35198        20
   34483     35219        20
   34525     35261        83
   34630     35366        32
   34690     35426       150
   34865     35601        26
   35015     35751        41
   35090     35826        26
   35144     35880        38
   35186     35922        20
   35210     35946        32
   35243     35979        23
   35303     36039        23
   35345     36081        38
   35435     36171        23
   35459     36195        27
   35505     36241        52
   35570     36306        28
   35609     36345        71
   35705     36441        53
   35777     36513        38
   35828     36564        21
   35879     36615        27
   35990     36726        26
   36035     36771        44
   36086     36822        23
   36125     36861        26
   36170     36906        22
   36428     37172        45
   36475     37219        23
   36848     37577        34
   36900     37629        44
   36950     37679        21
   36972     37701        20
   37029     37758        23
   37804     38615        66
   38053     38857        21
   38256     39056        33
   38305     39105        31
   38338     39138        23
   38380     39180        20
   38465     39265        20
   38496     39296        37
   38600     39394        31
   38712     39512        32
   38745     39545        44
   38799     39599        41
   38841     39641        35
   38877     39677        20
   38904     39704        65
   38970     39770        20
   39000     39800        71
   39093     39893        65
   39186     39986        20
   39294     40094        68
   39537     40337        23
   39561     40361        26
   39603     40403        95
   39699     40499        26
   39738     40538        44
   39792     40592        23
   39831     40631        35
   39867     40667        46
   39921     40721        26
   39977     40777        30
   40014     40814        32
   40122     40922        29
   40164     40964        53
   40326     41126        65
   40410     41210        26
   40461     41261        23
   40524     41324        23
   40620     41420        23
   40689     41489        37
   40759     41559        28
   40788     41588        29
   40818     41618       107
   40926     41726        33
   40960     41760        35
   41002     41802        41
   41044     41844       113
   41172     41972        20
   41193     41993        30
   41224     42024        20
   41245     42045        20
   41290     42090        25
   41324     42124        57
   41400     42200        24
   41425     42225        32
   41479     42279        26
   41548     42348        32
   41599     42399        26
   41715     42515        30
   41761     42561        26
   41791     42591        23
   41824     42624        22
   41847     42647        39
   41887     42687        80
   41998     42798        29
   42028     42828        91
   42120     42920        27
   42178     42978        20
   42199     42999        25
   42336     43136        33
   42370     43170        23
   42424     43224        23
   42448     43248        20
   42490     43290        26
   42535     43335        23
   42580     43380        26
   42607     43407        26
   42637     43437        23
   42697     43497        86
   42811     43611        26
   42853     43653        20
   42874     43674        47
   42976     43776        20
   42999     43799        60
   43069     43869        23
   43099     43899        25
   43125     43925        24
   43150     43950        52
   43316     44140        44
   43725     44575        20
   43912     44953        20
   43948     44989        26
   44032     45073        63
   44182     45271        28
   44263     45339        32
   44388     45432        34
   44640     45681        22
   44752     45831        27
   44780     45859        20
   44807     45886        35
   44894     45973        62
   44960     46039        52
   45071     46164        22
   45122     46217        23
   45146     46241        28
   45418     46499        37
   45509     46585        27
   45566     46642        33
   45610     46686        22
   45735     46850        26
   45762     46877        96
   45867     46982        20
   46787     47276        51
   46842     47331        37
   47158     47645        23
   47295     47782        27
   47369     47856        20
   47399     47886        35
   47450     47937        38
   47489     47976        25
   47546     48033        35
   47582     48069        23
   47606     48093        20
   47681     48168        27
   47717     48204        43
   48188     48795        30
   48219     48826        28
   48991     49819        22
   49351     50215        42
   49401     50265        40
   49442     50306        31
   49513     50402        30
   49845     50751        31
   49897     50809        30
   49928     50840        33
   50302     51204        25
   50394     51284        57
   51315     52087        29
   51345     52117        47
   51465     52237        24
   51528     52300        22
   51563     52335        21
   51585     52357        26
   51612     52384        47
   51660     52432        21
   51684     52456        76
   52119     52884        29
   52200     52965        20
   52221     52986        20
   52410     53175        26
   52437     53202        23
   52488     53253        42
   52548     53313        32
   52796     53541        31
   52864     53609        39
   52955     53700        23
   52991     53736        22
   53463     54684        49
   53556     54777        54
   53832     55039        21
   53891     55093        32
   53936     55138        25
   54113     55311        31
   54154     55351        20
   54350     55562        73
   54761     55925        32
   54834     55998        23
   54929     56093        20
   54950     56114        31
   55001     56165        26
   55045     56209        26
   55094     56258        29
   55162     56326        29
   55204     56368        29
   55234     56398        23
   55294     56458        29
   55333     56497        20
   55354     56518        26
   55381     56545        23
   55435     56599        20
   55627     56791        20
   55654     56818        28
   55693     56857        32
   55789     56953        56
   55855     57019        38
   55900     57064        20
   55926     57090        57
   56023     57187        38
   56092     57256        23
   56137     57301        29
   56224     57388        29
   56294     57458        21
   56389     57553        23
   56467     57631        31
   56503     57667        20
   56677     57840        26
   57018     58233        20
   57153     58505        23
   57311     58648        20
   57352     58689        30
   57425     58762        26
   57460     58797        24
   57485     58822        35
   57533     58870        38
   57572     58909        23
   57692     59029        47
   57746     59083        26
   57802     59139        21
   57842     59179        23
   57878     59215        26
   57923     59260        23
   57956     59293        26
   57986     59323        20
   58007     59344        32
   58050     59387        28
   58079     59416        20
   58109     59446        20
   58193     59530        56
   58262     59599        20
   58397     59734        41
   58448     59785        26
   58505     59842        30
   58553     59890        33
   58613     59950        24
   58638     59975        37
   58688     60025        70
   58776     60182        21
   58830     60224        32
   58861     60252        23
   58896     60393        21
   59911     61333        25
   60122     61532        22
   60219     61626        31
   60392     61799        24
   60485     61892        24
   60558     61965        29
   60588     61995        67
   60656     62063        39
   60696     62103        20
   60777     62184        44
   60843     62250        26
   60945     62352        27
   61125     63098        22
   61183     63156        20
   61217     63190        29
   61779     63675        20
   61948     63844        23
   61990     63886        22
   62083     63979        20
   62155     64051        47
   62213     64109        34
   62299     64195        22
   62901     65189        22
   62924     65212        47
   63000     65288        23
   63033     65321        26
   63311     65599        26
   63338     65626        20
   63359     65647        20
   63380     65668        23
   63404     65692        26
   63456     65744        34
   63572     65860        32
   63771     66070        29
   63811     66110        25
   63909     66208        29
   63948     66247        26
   64011     66310        20
   64088     66387        27
   64251     66550        20
   64287     66586        35
   64485     66784        23
   64548     66847        42
   64620     66919        26
   64647     66946        21
   64713     67012        48
   64764     67063        22
   65456     67927        23
   65698     68212        44
   65764     68278        51
   65826     68340        23
   65895     68409        21
   65963     68472       105
   66111     68618        26
   66150     68657        72
   66266     68773        39
   66306     68813        20
   66360     68867        23
   66384     68891        23
   66408     68915        94
   66510     69008        23
   66576     69073        20
   66603     69100        59
   66967     19704        20
   67675     69844        21
   67697     69866        25
   67727     69896        33
   67910     70105        35
   67946     70141        26
   68147     70386        35
   68183     70422        50
   68418     70642        23
   68442     70666        24
   68877     71080        25
   69255     71795        29
   69656     72289        21
   69697     72330        59
   69768     72401        25
   69809     72442        22
   70102     72669        20
   70298     72870        20
   70326     72898        20
   70347     72919        23
   70379     72951        35
   70422     72994        30
   70522     73094        21
   70860     73448        23
   71321     73876        30
   71647     74210        39
   71692     74255        20
   71725     74288        31
   72147     74723        32
   72304     74925        25
   72390     75001        21
   72458     75079        20
   72580     75201        24
   72747     75368        38
   73104     75751        34
   73360     76023        30
   74122     76765        34
   74157     76800        23
   74193     76836        35
   74235     76878        20
   74286     76929        35
   74322     76965        21
   74385     77028        35
   74421     77064        20
   74442     77085        32
   74544     77187        38
   74685     77328        22
   74708     77351        54
   74814     77457        38
   74886     77529        29
   74937     77580        20
   74964     77607        23
   75024     77667        50
   75195     77838        32
   75306     77949        44
   75378     78021        35
   75414     78057        47
   75468     78111        20
   75537     78180        29
   75567     78210        20
   75597     78240        23
   75763     78424        39
   75811     78472        33
   75860     78521        29
   75911     78572        23
   75981     78648        31
   76023     78690        26
   76050     78717        33
   76105     78772        20
   76192     78841        22
   76300     78949        29
   76408     79057        26
   76438     79087        21
   76567     79220        31
   76599     79252        24
   76669     79323        22
   76720     79374        26
   77055     79776        41
   77283     79981        23
   77344     80041        37
   77391     80088        35
   77505     80202        23
   77529     80226        50
   77580     80277        54
   77895     80592        32
   77940     80637        21
   78098     80799        24
   78188     80885        38
   78393     81084        21
   78586     81265        32
   78699     81378        25
   78865     81597        24
   78930     81662        24
   79024     81756        29
   79126     81858        26
   79153     81885        20
   79174     81906        26
   79216     81948        23
   79240     81972        20
   79294     82026        23
   79342     82074        32
   79797     82480        23
   79898     82581        29
   79968     82651        20
   79989     82672        29
   80078     82761        27
   80220     82903        20
   80261     82944        21
   80328     83011        34
   80388     83071        20
   80453     83136        24
   80502     83185        36
   80562     83245        21
   80604     83293        24
   80714     83408        20
   80759     83453        25
   80911     83605        39
   80981     83675        58
   81330     84009        26
   81467     84141        24
   81698     84339        26
   81904     84533        23
   81988     84617        38
   82074     84712        28
   82138     84776        28
   82199     84837        23
   82478     85084        41
   82520     85126        27
   82548     85154        26
   82575     85181        29
   82638     85244        27
   82688     85294        36
   82757     85363        20
   82809     85415        21
   82885     85480        24
   83126     85704        50
   83194     85772        21
   83291     85869        21
   83342     85920        26
   83374     85952        25
   83432     86013        24
   84270    103831        20
   84795     87362        35
   84854     87421        20
   85029     87596        20
   85154     87721        33
   85320     87887        43
   85545     88067        20
   85691     88212        26
   85779     88300        24
   86012     88557        26
   86096     88641        23
   86198     88743        29
   86310     88849        20
   86331     88870        50
   86389     88928        22
   86412     88951        61
   86487     89026        21
   86509     89048        22
   86547     89086        80
   86655     89194        24
   86680     89219        76
   86767     89310        75
   86880     89425        42
   86930     89475        40
   86971     89516        76
   87056     89601        24
   87081     89626        65
   87147     89692        39
   87187     89738       123
   87326     89877        22
   87349     89900        27
   87377     89928        46
   87424     89975       175
   87620     90171        35
   87656     90207        71
   87728     90279        41
   87770     90321        64
   87835     90386        49
   87885     90436        20
   87908     90459        27
   87948     90499        20
   87969     90520        81
   88051     90602        27
   88084     90635        25
   88136     90687        68
   88205     90759        33
   88239     90793       154
   88398     90952        37
   88446     91000       115
   88562     91116        27
   88600     91154        37
   88638     91192        31
   88689     91243        20
   88715     91269        20
   88736     91290        20
   88757     91311        32
   88792     91346        43
   88836     91390        44
   88881     91435        71
   88956     91510       104
   89061     91615        41
   89120     91674        32
   89153     91707        26
   89201     91755        26
   89228     91782        86
   89315     91869        30
   89367     91921        58
   89435     91989        51
   89516     92070        73
   89598     92152        36
   89635     92189        69
   89705     92259        46
   89756     92310        26
   89783     92337        36
   89836     92390        81
   89918     92472        29
   89974     92528        84
   90059     92613        40
   90100     92654        20
   90121     92675        20
   90148     92696        42
   90191     92739        25
   90236     92784        44
   90281     92829        42
   90336     92884        55
   90391     92948        26
   90421     92978        24
   90446     93003        38
   90485     93042        36
   90529     93086        36
   90573     93130        74
   90639    155865        20
   90663     93220        21
   90685     93242       111
   90818     93375        58
   90947     93498       104
   91067     93618        68
   91136     93687        33
   91178     93729        52
   91272     93823        41
   91314     93865        53
   91387     93938        44
   91432     93983        23
   91456     94007        51
   91525     94076       119
   91649     94200        25
   91703     94260        21
   91740     94297        40
   91805     94362        23
   91861     94418        20
   91882     94439        32
   91930     94487        88
   92019     94576        44
   92065     94622        49
   92127     94684        34
   92182     94739        68
   92252     94809        49
   92304     94861        28
   92333     94890        24
   92379     94936        57
   92444     95001        41
   92505     95062       104
   92608     95174        89
   92698     95264        91
   92781     95356        45
   92827     95402        77
   92951     95526       146
   93102     95677        47
   93189     95764        39
   93230     95805        29
   93265     95840        33
   93310     95885        27
   93370     95945        56
   93439     96029        25
   93482     96108        34
   93548     96174        36
   93585     96211        53
   93651     96277        42
   93694     96320        25
   93720     96346        32
   93779     96405        20
   93800     96426        56
   93864     96490        55
   93934     96560        77
   94012     96638        78
   94091     96717        22
   94145     96771        50
   94196     96822        23
   94220     96846       118
   94347     96973        86
   94439     97065        33
   94494     97120        41
   94537     97163        35
   94606     97232        39
   94691     97317        27
   94733     97359        21
   94755     97381        27
   94835     97461        38
   94880     97506        53
   94934     97560        50
   94997     97623        56
   95054     97680        70
   95125     97751        47
   95174     97800        24
   95199     97825        69
   95295     97921        24
   95320     97946        21
   95360     97985        22
   95396     98021        73
   95483     98110        22
   95540     98167        40
   95580     98212        44
   95631     98263        47
   95679     98311        25
   95691     98334        30
   95727     98375        23
   95789     98445        21
   95811     98467        23
   95865     98521        53
   95919     98575        50
   95998     98663        24
   96019     98688        30
   96077     98745        30
   96116     98784        25
   96221     98820        41
   96263     98862       131
   96388     98995        22
   96431     99038        25
   96509     99141        21
   96546     99179        23
   96601     99232        32
   96634     99265        69
   96729     99360        47
   96768     99406        20
   96810     99448        36
   96879     99492        31
   96906     99535        25
   96934     99563       173
   97117     99746       110
   97243     99872        29
   97273     99902        54
   97328     99957        64
   97393    100022       215
   97618    100247       135
   97775    100407        33
   97835    100464        54
   97890    100519        21
   97929    100558        98
   98028    100657        36
   98065    100694        59
   98125    100754        31
   98157    100786        20
   98178    100807        53
   98249    100875       136
   98389    101015       133
   98523    101149        60
   98584    101210       162
   98747    101373       114
   98862    101488        44
   98907    101533       125
   99033    101659       110
   99150    101777        29
   99193    101818        22
   99216    101841        47
   99285    101910        33
   99324    101949        34
   99361    101986        24
   99395    102020        24
   99437    102062       107
   99554    102179       226
   99793    102418        54
   99848    102473        94
   99946    102570        25
   99972    102596        85
  100084    102708        41
  100126    102750        26
  100153    102777        75
  100228    102847        20
  100288    102904        39
  100346    102962        27
  100374    102990        91
  100475    103091       108
  100602    103218        80
  100683    103299        26
  100710    103326       131
  100842    103458        35
  100886    103502        32
  100941    103557        39
  101040    103655        25
  101073    103697        61
  101145    103769        22
  101242    103876        22
  101265    103899        30
  101296    103930        31
  101360    103985        29
  101436    104056        32
  101478    104098        26
  101505    104125        42
  101548    104168        51
  101620    104240        53
  101686    104306        39
  101773    104462        39
  101833    104534        30
  101864    104565        86
  102011    104712        34
  102068    104760        34
  102129    104821        28
  102213    104896        31
  102245    104928        20
  102266    104949        43
  102327    105010        37
  102384    105058        23
  102413    105087        22
  102479    105153        51
  102545    105219        31
  102602    105268        22
  102681    105348        76
  102758    105425        24
  102811    105474        57
  102881    105544        20
  102942    105605       117
  103060    105723       315
  103377    106040       328
  103706    106369        38
  103745    106408        24
  103770    106433        33
  103804    106467       149
  103955    106618       111
  104067    106730       329
  104397    107060        87
  104488    107151        29
  104524    107187        21
  104574    107237        31
  104618    107281        41
  104701    107361        42
  104749    107410       201
  104951    107612        80
  105032    107693        41
  105074    107735       180
  105247    107906        28
  105286    107945        22
  105313    107972        70
  105388    108047        20
  105409    108068        84
  105507    108166        26
  105616    108275        21
  105644    108302       229
  105869    108526        64
  105934    108591        78
  106029    108686        43
  106088    108745        54
  106169    108825        64
  106234    108890        36
  106271    108927        55
  106327    108983        47
  106375    109031        22
  106398    109054        26
  106442    109098        23
  106513    109165        59
  106573    109228        76
  106650    109305        22
  106692    109347        68
  106779    109434        25
  106800    109459        51
  106846    109510        35
  106877    109563       153
  107051    109737        35
  107090    109776        91
  107182    109868        28
  107231    109917        29
  107261    109947        22
  107284    109970       110
  107395    110081        54
  107451    110137       318
  107770    110456        82
  107866    110552        20
  107887    110573       152
  108040    110726        54
  108095    110781        28
  108150    110836        70
  108221    110907       174
  108409    111095        26
  108443    111129        42
  108486    111172       143
  108630    111316       266
  108897    111583        56
  108954    111640        57
  109012    111698        22
  109035    111721       145
  109181    111867        56
  109238    111924       447
  109686    112372        21
  109709    112395        35
  109780    112464       163
  109953    112632        33
  109963    112674        32
  109996    112707        31
  110042    112753        41
  110084    112795        23
  110113    112830        51
  110165    112882        57
  110236    112953        30
  110267    112984        40
  110368    113087        41
  110411    113138        51
  110458    113181        41
  110500    113223        87
  110603    113326        61
  110806    113521        52
  110888    113616        22
  110947    113675        38
  111049    113776        33
  111083    113810        36
  111137    113864        31
  111161    135159        22
  111178    113913        23
  111205    113940        48
  111254    113989        33
  111288    114023        29
  111391    114125        46
  111526    114254        30
  111749    114466        33
  111814    114531        20
  111870    114587        24
  111895    114612        42
  111966    114683        52
  112019    114736        42
  112078    114795        23
  112102    114819        44
  112210    114927        29
  112255    114972        23
  112306    115023        27
  112377    115094        20
  117865    103833        22
  132024    134801        30
  132143    134914        46
  132263    135033        29
  132293    135063        33
  132327    135097        48
  132379    135149        23
  132397    113904        22
  132412    135190        31
  132461    135239        36
  132498    135276        33
  132595    135372        38
  132670    135447        22
  132722    135512        52
  132916    135698        61
  132993    135775        87
  133081    135863        41
  133118    135896        51
  133171    135957        41
  133273    136061        40
  133314    136102        30
  133358    136146        57
  133416    136204        51
  133473    136267        23
  133497    136291        41
  133553    136347        31
  133585    136379        32
  133594    136420        33
  133637    136458       163
  133836    136655        35
  133873    136692        21
  133895    136714       447
  134343    137162        56
  134400    137219       145
  134546    137365        22
  134569    137388        57
  134627    137446        56
  134684    137503       266
  134951    137770       143
  135095    137914        42
  135145    137964        26
  135185    138004       174
  135360    138179        70
  135457    138276        28
  135486    138305        54
  135541    138360       152
  135694    138513        20
  135728    138547        82
  135811    138630       318
  136131    138950        54
  136186    139005       110
  136297    139116        22
  136320    139139        29
  136370    139189        28
  136399    139218        91
  136494    139313        35
  136550    139369       153
  136699    139540        35
  136729    139575        51
  136776    139626        25
  136820    139670        68
  136908    139758        22
  136931    139781        76
  137008    139861        59
  137115    139964        23
  137156    140005        26
  137183    140032        22
  137206    140055        47
  137254    140103        55
  137310    140159        36
  137347    140196        64
  137438    140286        54
  137508    140356        43
  137568    140416        78
  137647    140495        64
  137707    140554       229
  137943    140789        21
  138047    140893        26
  138087    140933        84
  138172    141018        20
  138197    141043        70
  138272    141118        22
  138305    141151        28
  138326    141170       180
  138507    141351        41
  138549    141393        80
  138630    141474       201
  138837    141682        42
  138921    141763        41
  138975    141817        31
  139035    141877        21
  139063    141905        29
  139096    141938        87
  139184    142026       329
  139514    142356       111
  139627    142469       149
  139777    142619        33
  139811    142653        24
  139836    142678        38
  139875    142717       328
  140205    143047       315
  140521    143363       117
  140679    143521        20
  140712    143554        57
  140798    143636        24
  140823    143661        76
  140956    143795        22
  141004    143835        31
  141050    143881        51
  141145    143976        22
  141173    144004        23
  141216    144038        37
  141271    144093        43
  141315    144137        20
  141336    144158        31
  141423    144236        28
  141478    144291        34
  141535    144339        34
  141630    144434        86
  141717    144521        30
  141768    144584        39
  141855    144740        39
  141907    144792        53
  141981    144866        51
  142033    144918        42
  142076    144961        26
  142112    144997        32
  142191    145071        29
  142253    145124        31
  142285    145156        30
  142316    145187        22
  142413    145294        22
  142446    145327        61
  142515    145405        25
  142600    145489        39
  142662    145551        32
  142703    145592        35
  142739    145628       131
  142871    145760        26
  142898    145787        80
  142997    145886       108
  143115    146004        91
  143207    146096        27
  143253    146142        39
  143332    146218        20
  143352    146233        75
  143428    146309        26
  143455    146336        41
  143523    146404        85
  143609    146490        25
  143638    146518        94
  143733    146613        54
  143800    146680       226
  144036    146916       107
  144161    147041        24
  144195    147075        24
  144222    147102        34
  144262    147142        33
  144317    147197        47
  144365    147245        22
  144401    147279        29
  144437    147316       110
  144548    147427       125
  144674    147553        44
  144719    147598       114
  144834    147713       162
  144997    147876        60
  145058    147937       133
  145195    148074       136
  145349    148225        53
  145403    148279        20
  145424    148300        31
  145456    148332        59
  145516    148392        36
  145553    148429        98
  145669    148545        21
  145691    148567        54
  145772    148645        33
  145827    148703       135
  145972    148848       215
  146188    149064        64
  146253    149129        54
  146308    149184        29
  146353    149229       110
  146473    149349       173
  146649    149525        25
  146670    149562        31
  146734    149601        36
  146792    149659        20
  146804    149678        47
  146877    149751        69
  146947    149821        32
  147011    149883        23
  147050    149923        21
  147124    150022        25
  147170    150068        22
  147186    150092       131
  147318    150224        41
  147439    150276        25
  147473    150310        30
  147531    150367        30
  147558    150398        24
  147611    150460        50
  147662    150511        53
  147746    150595        23
  147770    150619        21
  147830    150687        23
  147859    150721        30
  147876    150749        25
  147902    150775        47
  147956    150829        44
  148000    150878        40
  148075    150953        22
  148111    150991        73
  148198    151078        22
  148239    151118        21
  148261    151140        24
  148312    151191        69
  148382    151261        24
  148408    151287        47
  148456    151335        70
  148527    151406        56
  148596    151475        50
  148647    151526        53
  148707    151586        38
  148798    151677        27
  148826    151705        21
  148862    151741        27
  148935    151814        39
  149008    151887        35
  149045    151924        41
  149108    151987        33
  149147    152026        86
  149242    152121       118
  149361    152240        23
  149385    152264        50
  149467    152346        22
  149490    152369        78
  149569    152448        77
  149661    152540        55
  149724    152603        56
  149781    152660        20
  149828    152707        32
  149861    152740        25
  149887    152766        42
  149942    152821        53
  149996    152875        36
  150064    152943        34
  150116    153031        25
  150154    153084        56
  150243    153173        27
  150282    153212        33
  150321    153251        29
  150352    153282        39
  150431    153361        47
  150483    153413       146
  150676    153606        77
  150754    153684        45
  150791    153730        91
  150883    153822        89
  150971    153919       104
  151095    154043        41
  151144    154092        57
  151223    154171        24
  151248    154196        28
  151279    154227        49
  151330    154278        68
  151419    154367        34
  151466    154414        49
  151517    154465        44
  151562    154510        88
  151666    154614        32
  151699    154647        20
  151752    154700        23
  151800    154748        40
  151856    154804        21
  151906    154860        25
  151936    154890       119
  152073    155027        51
  152125    155079        23
  152149    155103        44
  152213    155167        53
  152267    155221        41
  152350    155304        52
  152411    155365        33
  152445    155399        68
  152529    155483       104
  152704    155652        58
  152784    155732       111
  152896    155844        21
  152921     93200        20
  152933    155881        74
  153015    155963        36
  153059    156007        36
  153096    156044        38
  153135    156083        24
  153163    156111        26
  153189    156146        55
  153257    156214        42
  153300    156257        44
  153364    156321        25
  153390    156347        42
  153439    156390        20
  153460    156411        20
  153481    156432        40
  153522    156473        84
  153633    156584        29
  153663    156614        81
  153761    156712        36
  153798    156749        26
  153829    156780        46
  153876    156827        69
  153946    156897        36
  153991    156942        73
  154094    157045        51
  154155    157106        58
  154235    157186        30
  154266    157217        86
  154353    157304        26
  154401    157352        26
  154428    157379        32
  154478    157429        41
  154520    157471       104
  154628    157579        71
  154700    157651        44
  154745    157696        43
  154791    157742        32
  154824    157775        20
  154845    157796        20
  154871    157822        20
  154911    157862        31
  154943    157894        37
  154991    157942        27
  155019    157970       115
  155145    158096        37
  155187    158138       154
  155342    158293        33
  155376    158330        68
  155471    158425        25
  155502    158456        27
  155530    158484        81
  155612    158566        20
  155645    158599        27
  155675    158629        20
  155696    158650        49
  155746    158700        64
  155811    158765        41
  155853    158807        71
  155925    158879        35
  155981    158935       175
  156157    159111        46
  156204    159158        27
  156232    159186        22
  156270    159224       123
  156394    159354        39
  156434    159394        65
  156500    159460        24
  156533    159493        76
  156610    159570        40
  156658    159618        42
  156738    159700        75
  156824    159790        76
  156901    159867        24
  156953    159919        80
  157049    160015        22
  157072    160038        21
  157107    160073        61
  157169    160135        22
  157199    160165        50
  157250    160216        20
