> gi|318084464|gb|HQ325742.1|
     116       461        22
     223       568        20
     256       601        20
     304       649        20
     349       694        26
     376       721        26
     445       790        20
     466       811        59
     526       871        20
     562       907        20
     685      1030        35
     730      1075        41
     772      1117        28
     889      1234        26
     955      1300        35
     991      1336        20
    1012      1357        38
    1051      1396        20
    1120      1465        34
    1384      1804        51
    1475      1913        26
    1730      2180        20
    3473      3917        23
    3716      4136        20
    3910      4365        30
    4602      5330        20
    4650      5378        20
    4671      5399        20
    4701      5429        29
    5545      6312        44
    5590      6357        21
    5668      6412        20
    7079      6967        27
    7127      7015        28
    7521      7401        20
    7645      7525        39
    8320      8171        30
    8381      8232        27
    9349     34453        24
    9390     34494        21
    9464     34568        23
    9488     34592        29
    9692     34796        26
    9770     34874        23
    9887     34991        20
    9926     35030        77
   10010     35114        29
   10094     35198        20
   10115     35219        23
   10145     35249        23
   10181     35285        27
   10223     35327        21
   10259     35363        53
   10313     35417        29
   10343     35447        20
   10409     35513        26
   10436     35540        27
   10473     35577        23
   10560     35664        50
   10731     35835        24
   10815     35919        23
   10842     35946        32
   10875     35979        27
   10903     36007        26
   10977     36081        26
   11019     36123        29
   11061     36165        23
   11148     36252        20
   11208     36312        23
   11265     36369        20
   11319     36423        47
   11409     36513        26
   11448     36552        32
   11520     36624        50
   11622     36726        44
   11688     36792        21
   11969     37172        39
   12012     37220        51
   12386     37606        22
   12409     37629        20
   12430     37650        20
   12482     37702        27
   13401     38857        21
   16253     33000        26
   16294     33041        25
   38681     38984        20
   38818     39117        44
   39001     39291        23
   39297     39560        29
   39378     39641        32
   39441     39704        20
   39462     39725        41
   39537     39800        32
   39570     39833        32
   39627     39890        74
   39780     40043        23
   39858     40121        32
   40179     40442        71
   40341     40604        20
   40362     40625        23
   40404     40667        29
   40434     40697        35
   40513     40776        22
   40644     40907        20
   40737     41000        20
   40788     41051        32
   40893     41156        32
   41058     41321        23
   41142     41405        26
   41226     41489        29
   41304     41567        38
   41355     41618        50
   41434     41697        29
   41464     41727        20
   41485     41748        53
   41559     41822        45
   41632     41895        20
   41686     41949        22
   41713     41976        38
   41854     42117        20
   41875     42138        26
   42121     42384        38
   42337     42600        20
   42379     42642        23
   42439     42702        65
   42562     42825        26
   42961     43224        20
   42985     43248        20
   43138     43401        20
   43177     43440        20
   43224     43487        37
   43262     43525        24
   43387     43650        20
   43411     43674        26
   43513     43776        22
   43543     43806        20
   43564     43827        32
   43600     43863        29
   43680     43943        37
   43718     43981        21
   43740     44003        22
   43891     44166        28
   44523     45083        38
   44696     45277        22
   44755     45339        28
   44804     45385        23
   44899     45473        21
   45207     45819        39
   45247     45859        20
   45361     45973        39
   45427     46039        27
   45489     46101        25
   45629     46249        20
   45717     46334        20
   45989     46590        26
   46053     46654        22
   46920     47270        23
   46944     47294        36
   46981     47331        34
   47493     47837        21
   47542     47886        35
   47596     47940        26
   47632     47976        40
   47725     48069        20
   47854     48198        20
   48241     48827        38
   49144     50243        23
   49183     50282        23
   49213     50312        21
   49278     50401        31
   49675     50819        20
   49701     50845        28
   50079     51272        69
   50720     52066        20
   50986     52332        21
   51058     52404        27
   51113     52459        24
   51142     52488        24
   51709     53082        20
   51751     53124        23
   51802     53175        20
   51823     53196        29
   51880     53253        29
   52056     53436        34
   52093     53473        25
   52182     53562        23
   52254     53634        29
   53174     54701        32
   53237     54764        27
   53257     54787        24
   53814     55351        20
   53852     55400        28
   54012     55563        73
   54503     56168        20
   54527     56192        32
   54700     56365        23
   54889     56554        26
   54934     56599        23
   55108     56773        23
   55311     56976        21
   55354     57019        20
   55465     57130        29
   55495     57160        26
   55558     57223        20
   55579     57244        20
   55615     57280        23
   55815     57480        23
   55864     57529        41
   56847     58669        53
   56901     58723        20
   56979     58801        20
   57060     58882        26
   57111     58933        26
   57213     59035        38
   57471     59293        23
   57507     59329        20
   57777     59599        20
   57933     59755        23
   58059     59881        21
   58089     59911        20
   58228     60050        22
   58264     60086        22
   59649     63184        33
   60332     63910        23
   60531     64109        25
   60572     64147        20
   61247     65398        20
   62053     66211        35
   62119     66277        26
   62213     66371        36
   62272     66430        23
   62392     66550        20
   62487     66645        24
   62695     66853        20
   62770     66928        23
   63046     58078        20
   63917     68209        23
   63965     68257        20
   64010     68302        22
   64168     68475        41
   64219     68526        32
   64252     68559        22
   64291     68602        36
   64391     68702        25
   64431     68741        26
   64581     68891        23
   64614     68924        47
   64716     69016        22
   65895     69840        25
   66163     70105        38
   66404     70393        28
   66449     70438        31
   66594     70631        34
   66629     70666        53
   67186     71194        20
   67638     71688        20
   68286     72314        39
   68326     72354        33
   68384     72412        21
   68945     72844        24
   69017     72916        29
   69309     73206        22
   69413     73361        29
   69626     73563        25
   70288     74255        26
   70642     75293        20
   71109     76597        25
   71291     76755        47
   71462     76926        29
   71495     76959        32
   71564     77028        20
   71603     77067        23
   71627     77091        35
   71699     77163        20
   71720     77184        20
   71747     77211        35
   71867     77331        26
   71924     77388        21
   71979     77443        22
   72059     77523        23
   72146     77610        20
   72194     77658        29
   72290     77754        26
   72377     77841        44
   72587     78051        20
   72695     78159        20
   72761     78225        24
   73002     78472        21
   73043     78513        25
   73150     78638        24
   73175     78663        38
   73241     78729        20
   73390     78879        24
   73740     79227        24
   74252    145233        21
   74617     80103        35
   74716     80202        20
   74791     80277        38
   74846     80332        28
   74986     80472        26
   75034     80520        23
   75061     80547        29
   75394     80895        25
   76088     81592        20
   76109     81613        29
   76255     81759        32
   76504     82008        26
   76582     82086        20
   77191     82626        27
   77255     82690        26
   77578     83013        24
   77806     83241        25
   77939     83386        20
   78240     83696        25
   78266     83722        22
   78623     84020        21
   79492     84793        21
   79764     85076        23
   79829     85141        23
   80042     85351        29
   80435     85764        32
   80519     85848        23
   80588     85917        34
   80623     85952        20
   80677     86009        41
   81006     86350        25
   81383     86785        21
   81729     87097        23
   82558     87876        25
   82584     87902        24
   83801     88906        22
   83930     89035        26
   84120     89225        65
   84192     89303        42
   84291     89426        31
   84345     89475        31
   84379     89509        41
   84421     89551        61
   84504     89639        43
   84548     89683        46
   84612     89747        26
   84639     89774        23
   84663     89798        41
   84706     89841        23
   84740     89875        24
   84765     89900        27
   84793     89928        58
   84881     90016       120
   85046     90181        46
   85093     90228        21
   85126     90261        33
   85260     90395        25
   85301     90436        22
   85324     90459        30
   85385     90520        39
   85502     90637        22
   85725     90851        45
   85961     95600        33
   86130     95763        35
   86240     95882        30
   86544     96648        22
   86896     96994        28
   87271     98449        24
   87372     98546        28
   88254     98829        80
   88335     98910        49
   88398     98973        20
   88546     99142        20
   88705     99300        24
   88740     99346        33
   88766    149678        42
   88817     99428        41
   88913     99542        22
   88940     99569        45
   88986     99615        58
   89047     99676        68
   89116     99745        45
   89243     99872        29
   89273     99902       119
   89403    100032        46
   89450    100079        52
   89503    100132        86
   89609    100238        50
   89660    100289        27
   89703    100332        50
   89775    100407        33
   89848    100468        53
   89921    100542        27
   89949    100570        33
   90002    100623        22
   90025    100646        44
   90101    100722        23
   90125    100746        27
   90153    100774        32
   90186    100807        44
   90272    100872        31
   90384    100984        21
   90406    101006        27
   90448    101048        55
   90510    101110        20
   90537    101137        72
   90610    101210        21
   90666    101266        53
   90735    101335        37
   90773    101373        50
   90836    101436        51
   90900    101500        41
   90942    101542        29
   90982    101582        76
   91089    101689        87
   91210    101821        44
   91265    101876        28
   91294    101905        22
   91381    102003        40
   91439    102065        28
   91468    102094        31
   91500    102126        20
   91523    102149        20
   91544    102170        44
   91602    102228        26
   91720    102343        21
   91743    102366        39
   91795    102418        29
   91846    102469        22
   91869    102492        23
   91897    102520        35
   91947    102570        23
   91985    102600        45
   92031    102646        46
   92099    102714        62
   92240    102850        33
   92300    102910        31
   92379    102990       190
   92578    103189        24
   92608    103219        34
   92691    103302        23
   92715    103326        44
   92789    103400        22
   92814    103425        61
   93244    104031        22
   93317    104105        34
   93352    104140        22
   93405    104199        24
   93465    104258        28
   93517    104311        33
   93704    104540        25
   93772    104627        22
   93859    104714        21
   93916    104771        20
   93974    104835        20
   94088    104946        47
   94209    105059        21
   94479    105347        94
   94690    105553        23
   94756    105620        94
   94851    105715        25
   94877    105741        46
   94935    105799        34
   94980    105844       187
   95225    106089        41
   95267    106131        59
   95327    106191       105
   95435    106299        77
   95526    106390        37
   95574    106438       188
   95763    106627        67
   95831    106695        34
   95926    106791        48
   95975    106840        20
   95996    106861        71
   96068    106933        36
   96110    106975        37
   96215    107079        80
   96302    107160        29
   96412    107274        29
   96581    107429       115
   96698    107546        38
   96767    107611        46
   96824    107668        24
   96867    107710        24
   96892    107735        29
   96922    107765        22
   96963    107811        21
   96985    107833        28
   97014    107862        51
   97058    107908        21
   97129    107979        60
   97253    108105        27
   97281    108133        35
   97315    108162        30
   97473    108329        46
   97520    108376        28
   97556    108412        61
   97618    108474        28
   97672    108526        64
   97737    108591        81
   97819    108673        34
   97893    108745        34
   97961    108812        44
   98006    108857        41
   98048    108899        27
   98084    108935        47
   98158    109010        20
   98199    109051        36
   98236    109088        23
   98329    109172        22
   98347    109194        31
   98378    109220       106
   98495    109335        62
   98627    109478        32
   98662    109518        26
   98722    109600        40
   98763    109641        35
   98860    109737        38
   98899    109776        91
   98998    109875        20
   99043    109920       143
   99237    110111        20
   99267    110140        65
   99332    110200        42
   99375    110243        60
   99448    110316       156
   99609    110477        44
   99671    110539       104
   99785    110653        37
   99823    110691        32
   99864    110732        43
   99908    110776        33
   99968    110836        36
  100005    110873        38
  100044    110912        79
  100124    110992        27
  100154    111022        39
  100214    111082        39
  100335    111138        25
  100373    111172       154
  100535    111333       124
  100673    111471       168
  100842    111640        30
  100873    111671        26
  100900    111698        36
  100937    111735        49
  101012    111811        89
  101115    111914        39
  101170    111969       101
  101273    112072        50
  101334    112133        30
  101365    112164       138
  101504    112303        30
  101555    112354        34
  101604    112404        26
  101713    112523        50
  101829    112640        20
  101894    136347        26
  101992    112838        43
  102055    112901        38
  102094    112940        25
  102126    112972        23
  102202    113044        22
  102235    113077        35
  102271    113113        20
  102298    113140        20
  102386    113227        76
  102500    113336        31
  102583    113798        43
  102722    113937        51
  102892    114107        29
  102924    114139        20
  103201    114391        32
  103870    119896        28
  104420    120471        20
  104794    120815        26
  104875    120896        26
  119741    134926        20
  119764    134949        29
  119912    135097        51
  120059    135244        43
  120154    135718        31
  120223    135782        76
  120367    135925        20
  120394    135952        20
  120415    135973        35
  120461    136019        22
  120536    136090        23
  120566    136120        25
  120592    136146        38
  120650    136204        43
  120765    112712        26
  120836    136425        20
  120922    136512        50
  121055    136655        26
  121096    136697        34
  121151    136752        30
  121182    136783       138
  121321    136922        30
  121362    136963        50
  121414    137015       101
  121531    137132        39
  121584    137185        89
  121699    137301        49
  121749    137351        36
  121786    137388        26
  121813    137415        30
  121844    137446       168
  122026    137628       124
  122158    137759       154
  122325    137922        25
  122432    137964        39
  122492    138024        39
  122534    138066        27
  122562    138094        79
  122642    138174        38
  122681    138213        36
  122744    138276        33
  122778    138310        43
  122830    138362        32
  122863    138395        37
  122910    138442       104
  123032    138564        44
  123081    138613       156
  123250    138782        60
  123311    138843        42
  123353    138880        65
  123428    138954        20
  123499    139022       143
  123667    139190        20
  123695    139218        91
  123787    139310        38
  123887    139409        35
  123923    139445        40
  123997    139541        26
  124026    139575        32
  124128    139688        62
  124201    139759       106
  124307    139860        31
  124334    139891        22
  124426    139974        23
  124450    139998        36
  124507    140055        20
  124554    140103        47
  124610    140159        27
  124638    140187        41
  124680    140229        44
  124758    140306        34
  124832    140378        34
  124867    140413        81
  124949    140495        64
  125039    140583        28
  125068    140612        61
  125137    140681        28
  125166    140710        46
  125340    140893        30
  125369    140917        35
  125405    140953        27
  125496    141046        60
  125606    141156        21
  125620    141172        51
  125672    141224        28
  125701    141253        21
  125741    141298        22
  125764    141321        29
  125794    141351        24
  125837    141393        24
  125872    141428        46
  125949    141501        38
  125989    141541       115
  126244    141782        29
  126354    141896        29
  126390    141926        80
  126538    142073        37
  126581    142116        36
  126618    142153        71
  126690    142225        20
  126711    142246        48
  126820    142356        34
  126855    142391        67
  126923    142459       188
  127122    142658        37
  127173    142709        77
  127253    142789       105
  127359    142895        59
  127419    142955        41
  127518    143054       187
  127716    143252        34
  127762    143298        46
  127809    143345        25
  127835    143371        94
  127972    143509        23
  128112    143644        94
  128455    144005        21
  128550    144092        47
  128691    144230        20
  128749    144294        20
  128805    144350        21
  128891    144436        22
  128956    144520        25
  129135    144741        33
  129192    144799        28
  129256    144862        24
  129311    144923        22
  129334    144946        34
  129419    145032        22
  129810    145599        61
  129874    145663        22
  129926    145715        44
  129971    145760        23
  130043    145832        34
  130083    145872        24
  130116    145905       190
  130354    146144        31
  130412    146202        33
  130524    146309        62
  130608    146393        46
  130655    146440        45
  130715    146492        23
  130753    146530        35
  130793    146570        23
  130817    146594        22
  130861    146638        29
  130903    146680        39
  130944    146721        21
  131057    146831        26
  131097    146871        44
  131142    146916        20
  131165    146939        20
  131186    146960        31
  131218    146992        28
  131264    147042        40
  131369    147158        22
  131392    147181        28
  131431    147220        44
  131509    147309        87
  131627    147427        76
  131714    147514        29
  131744    147544        41
  131798    147598        51
  131862    147662        50
  131913    147713        37
  131966    147766        53
  132054    147854        21
  132076    147876        72
  132155    147955        20
  132182    147982        55
  132252    148052        27
  132280    148080        21
  132382    148182        31
  132455    148234        44
  132500    148279        32
  132533    148312        27
  132561    148340        23
  132616    148395        44
  132661    148440        22
  132703    148482        33
  132737    148516        27
  132784    148564        53
  132877    148645        33
  132932    148703        50
  132998    148769        27
  133026    148797        50
  133096    148867        86
  133183    148954        52
  133236    149007        46
  133293    149064       119
  133413    149184        29
  133524    149295        45
  133570    149341        68
  133641    149412        58
  133700    149471        45
  133750    149521        22
  133827    149616        41
  133877     99365        42
  133912    149706        33
  133956    149761        24
  134119    149923        20
  134267    150092        20
  134301    150126        49
  134351    150176        80
  135285    150511        28
  135390    150612        24
  135761    152063        28
  136119    152415        22
  136415    153173        30
  136520    153287        35
  136691    153452        33
  136915    158189        45
  137161    158426        22
  137261    158526        39
  137331    158596        30
  137362    158627        22
  137400    158665        25
  137526    158791        33
  137571    158836        21
  137593    158858        46
  137684    158949       120
  137834    159099        58
  137893    159158        27
  137921    159186        24
  137956    159221        23
  137981    159246        41
  138023    159288        23
  138047    159312        26
  138091    159356        46
  138138    159403        43
  138203    159473        61
  138265    159535        41
  138309    159579        31
  138363    159628        31
  138451    159740        42
  138500    159795        65
  138729    160024        26
  138862    160157        22
  139004         1        79
