> gi|514253292|gb|KC893637.1|
     223       450        37
     304       531        20
     376       603        26
     445       672        20
     466       693        23
     490       717        35
     526       753        47
     670       897        20
     691       918        49
     745       972        20
     775      1002        35
     886      1113        29
     943      1170        41
    1060      1287        35
    1123      1350        31
    1385      1646        38
    1475      1739        26
    3620      3904        21
    3917      4246        38
    8380     16097        29
   13600     52461        64
   13674     52545        27
   14318     53199        30
   16494     14995        21
   16906     30588        24
   17001     30659        70
   17124     30787        51
   17178     30841        36
   17565     31333        75
   18447     31586        22
   18638     31807        50
   19541     32667        23
   19565     32691        24
   22316     35439        23
   22533     35656        36
   22579     35702        29
   22637     35760        30
   22699     35816        23
   23047     36152        20
   23068     36173        22
   23359     36452        22
   23422     36515        23
   23479     36572        30
   23641     36734        20
   23764     36857        34
   23839     36932        23
   24496     37598        27
   24567     37669        21
   24634     37736        23
   24769     37871        35
   24805     37907        21
   24943     38045        23
   25372     38470        21
   25498     39383        22
   25808     39699        22
   25843     39734        23
   26008     39899        37
   26338     40229        31
   26497     40388        30
   26560     40451        22
   27005     40905        20
   27342     41253        29
   27564     41475        21
   27586     41497        31
   27753     41664        38
   27843     41754        30
   27876     41787        35
   28012     41926        31
   28069     41983        23
   28290     42186        44
   28380     42276        23
   28428     42324        27
   30876     44406        24
   31092     44631        23
   31361     44900        32
   31506     45045        39
   31722     45261        22
   32040     18684        20
   32277     45781        42
   32397     45901        24
   32784     46288        27
   33326     46744        34
   33418     46836        20
   33637     47055        20
   33685     47103        20
   33748     47166        20
   33793     47211        23
   34683     48378        26
   34782     48477        29
   34812     48507        32
   34875     48570        22
   35405     49080        27
   35465     49140        32
   35933     49638        21
   36167     49768        26
   36237     49822        49
   36332     49917        25
   37019     50587        25
   37066     50634        22
   37090     50658        32
   37138     50706        20
   37288     50856        20
   37351     50919        23
   37397     50965        25
   37480     51048        28
   37522     51090        29
   37612     51180        20
   37675     51243        32
   37723     51291        25
   37750     51318        20
   37813     51381        20
   37936     51504        32
   38083     51651        21
   38289     51857        21
   38472     52151        29
   38502     52181        45
   47146     53900        33
   48378     29754        21
   59810     59426        38
   62286     61724        32
   62349     61787        21
   62371     61809        23
   62646     62084        20
   62856     62294        23
   64134     63482        21
   64171     63519        22
   64335     63698        35
   64380     63743        35
   64452     63815        42
   64754     64116        22
   64787     64149        35
   66107     65123        24
   66375     65369        31
   66473     65467        20
   66611     65634        79
   66817     65925        22
   66840     65948        57
   68515     67505        33
   69605     68574        23
   69650     68620        20
   69709     68693        23
   70073     69099        29
   70457     69469        39
   70982     71478        20
   71504     71907        29
   71687     72090        35
   71748     72151        25
   71909     72312        35
   71951     72354        20
   71990     72393        34
   72056     72459        29
   72335     72738        24
   72389     72792        35
   72566     72969        46
   72776     73179        20
   73187     73586        25
   74688     75111        22
   74864     75285        21
   74981     75402        23
   75050     75471        29
   75167     75588        29
   75341     75762        21
   75584     76013        25
   75772     76196        23
   76273     76668        25
   76331     76726        26
   76370     76765        20
   76436     76831        53
   76616     77011        23
   76763     77158        29
   77409     77813        20
   77760     78164        32
   77970     78374        20
   77996     78400        21
   78415     78838        35
   79386     79880        20
   79437     79931        22
   79957     80576        26
   80019     80638        23
   80777     81401        45
   82754     83413        20
   82778     83437        21
   84166     84391        20
   84262     84487        35
   84311     84536        22
   84334     84559        42
   84390     84617        24
   84513     84781        22
   84536     84804        31
   84577     84845        34
   84613     84881        24
   84705     84978        33
   84739     85012        22
   84803     85092        26
   84854     85143        41
   84897     85186        23
   84934     85223        31
   84977     85266        65
   85072     85361        26
   85114     85403        53
   85168     85457        24
   85237     85526        25
   85263     85552        20
   85451     85740        25
   85477     85766        37
   85580     85869        35
   85622     85911        31
   85799     86083        25
   85916     86475        45
   86152     91214        25
   86305     91361        28
   86390     91446        24
   86431     91499        58
   86737     92225        20
   86922     92410        22
   87087     92569        28
   87137     92619        21
   87187     92669        21
   87342     92828        29
   88445     93861        80
   88526     93942        49
   88737     94176        32
   88824     94262        25
   88937     94385        27
   88978    142630        21
   88985     94440        23
   89008     94461        22
   89143     94597        33
   89185     94639        31
   89242     94696        46
   89307     94761        27
   89418     94872        34
   89453     94907        65
   89519     94973        31
   89551     95005        32
   89594     95048        46
   89656     95110        26
   89694     95148        78
   89788     95242        62
   89851     95305        27
   89894     95348        55
   89979     95433        22
   90039     95487        49
   90143     95598        30
   90193     95648        21
   90233     95688        27
   90292     95747        23
   90316     95771        27
   90392     95847        29
   90471     95904        23
   90575     96008        21
   90597     96030        27
   90654     96087        46
   90701     96134        20
   90728     96161        72
   90801     96234        21
   90851     96284        24
   90876     96309        31
   90946     96379        68
   91027     96460        57
   91091     96524        41
   91133     96566        23
   91173     96606        25
   91199     96632        50
   91298     96731        35
   91334     96767        33
   91410     96853        31
   91630     97069        28
   91659     97098        31
   91691     97130        20
   91735     97174        44
   91795     97234        24
   91911     97347        21
   91934     97370        39
   91986     97422        29
   92037     97473        22
   92190     97619        31
   92222     97651        65
   92303     97732        25
   92437     97856        35
   92491     97910        31
   92600     98020        30
   92631     98051        32
   92671     98091        27
   92700     98120        60
   92769     98189        24
   92799     98219        22
   92846     98266        35
   92897     98317        20
   92918     98338        23
   92980     98400        22
   93005     98425        29
   93008     81487        42
   93041     98461        20
   93543     99113        22
   93895     99370        24
   94305     99768        32
   94348     99819        24
   94396     99866        22
   94469     99940        21
   94554    100024        28
   94692    100175        47
   94740    100223        35
   94966    100440        25
   94992    100466        51
   95061    100535        25
   95087    100561        25
   95113    100587        20
   95145    100619        34
   95190    100664       182
   95435    100909       101
   95542    101016       100
   95645    101119        77
   95736    101210        37
   95797    101271       175
   95973    101447        67
   96041    101515        33
   96136    101611        48
   96206    101681        45
   96252    101727        25
   96278    101753        41
   96320    101795        37
   96425    101899        80
   96581    102049        20
   96620    102092        31
   96791    102257        59
   96851    102317        30
   96908    102374        38
   96985    102447        38
   97043    102505        21
   97077    102538        28
   97195    102658        28
   97224    102687        23
   97248    102711        41
   97373    102838        27
   97463    102935        20
   97491    102963        29
   97525    102995        39
   97684    103156        45
   97730    103202        28
   97766    103238        58
   97881    103352        65
   97947    103418        72
   98029    103500        34
   98082    103551        55
   98216    103684        53
   98273    103741        20
   98294    103762        48
   98416    103885        29
   98477    103941        20
   98539    104013        22
   98557    104035        31
   98588    104061        55
   98644    104117        50
   98705    104175        62
   98837    104320        30
   98872    104355        26
   98933    104416        39
   98973    104456        35
   99065    104548        20
   99086    104569        74
   99161    104644        35
   99253    104738        30
   99284    104769        91
   99376    104861        20
   99447    104929        20
   99477    104959        64
   99547    105024        31
   99585    105062        60
   99658    105135       120
   99779    105256        35
   99819    105296        44
   99875    105352       110
  100001    105478        31
  100033    105510        32
  100074    105551        43
  100125    105602        27
  100178    105655        36
  100254    105731        55
  100310    105787        23
  100364    105841        39
  100444    105921        26
  100576    105984        43
  100620    106028        50
  100671    106079        66
  100745    106152       124
  100889    106296       122
  101012    106419        70
  101110    106517        22
  101163    106570        33
  101229    106637        89
  101325    106733        39
  101380    106788       101
  101483    106891        50
  101544    106952        30
  101575    106983       123
  101714    107122        30
  101776    107184        23
  101814    107223        31
  101923    107343        50
  102039    107460        20
  102121    107535        23
  102202    107624        62
  102265    107687        51
  102336    107758        23
  102412    107831        22
  102453    107876        27
  102596    108012        76
  102710    108122        22
  102805    108580        31
  102919    108695        84
  103102    108878        29
  103407    109203        38
  104080    114397        22
  105004    115365        24
  105055    115416        20
  105085    115446        26
  119663    127808        38
  119977    128142        29
  120105    128270        84
  120272    128438        31
  120376    128905        22
  120436    128961        76
  120628    129146        27
  120674    129196        22
  120749    129268        23
  120792    129311        51
  120844    129363        62
  120964    129491        23
  121049    129569        20
  121135    129656        50
  121263    129795        31
  121309    129842        23
  121364    129897        30
  121410    129943       123
  121534    130067        30
  121575    130108        50
  121627    130160       101
  121744    130277        39
  121790    130323        89
  121912    130446        33
  121976    130510        22
  122026    130560        70
  122097    130631       122
  122239    130773       124
  122371    130904        66
  122438    130971        50
  122489    131022        43
  122638    131102        26
  122705    131169        39
  122775    131239        23
  122799    131263        55
  122894    131358        36
  122956    131420        27
  122991    131455        43
  123043    131507        32
  123076    131540        31
  123123    131587       110
  123245    131709        44
  123294    131758        35
  123330    131794       120
  123463    131927        60
  123530    131994        31
  123567    132026        64
  123641    132100        20
  123712    132168        20
  123733    132189        91
  123825    132281        30
  123912    132370        35
  123948    132406        74
  124023    132481        20
  124100    132558        35
  124136    132594        39
  124210    132668        26
  124241    132699        30
  124341    132812        62
  124414    132882        50
  124465    132933        55
  124520    132983        31
  124547    133014        22
  124611    133088        20
  124663    133135        29
  124766    133239        48
  124815    133288        20
  124839    133312        53
  124971    133443        55
  125045    133515        34
  125089    133559        72
  125162    133632        65
  125284    133753        58
  125350    133819        28
  125379    133848        45
  125544    134015        39
  125588    134057        29
  125625    134094        20
  125708    134184        27
  125819    134297        41
  125861    134339        23
  125885    134363        28
  126003    134483        28
  126044    134523        21
  126085    134564        38
  126162    134637        38
  126227    134702        30
  126258    134733        59
  126457    134926        31
  126507    134980        20
  126603    135070        80
  126751    135217        37
  126789    135255        41
  126831    135297        25
  126857    135323        45
  126924    135390        48
  127034    135501        33
  127068    135535        67
  127136    135603       175
  127335    135802        37
  127386    135853        77
  127466    135933       100
  127572    136039       101
  127736    136203       182
  127929    136396        34
  127975    136442        20
  127996    136463        25
  128022    136489        25
  128065    136532        51
  128117    136584        25
  128333    136791        35
  128369    136827        47
  128526    136997        28
  128618    137088        21
  128690    137161        22
  128736    137206        24
  128771    137249        32
  129189    137655        24
  129543    137914        22
  130047    138568        20
  130061    118240        39
  130074    138595        29
  130106    138627        22
  130167    138688        23
  130191    138712        20
  130227    138748        35
  130287    138808        22
  130315    138836        24
  130348    138869        60
  130410    138931        27
  130445    138966        32
  130478    138999        30
  130586    139108        31
  130636    139158        35
  130780    139292        25
  130821    139333        65
  130887    139399        31
  131049    139554        22
  131093    139598        29
  131135    139640        39
  131176    139681        21
  131289    139791        24
  131329    139831        44
  131397    139899        20
  131418    139920        31
  131450    139952        28
  131667    140165        31
  131741    140249        33
  131775    140283        35
  131859    140367        50
  131910    140418        25
  131952    140460        23
  131976    140484        41
  132024    140532        57
  132094    140602        68
  132201    140709        31
  132233    140741        24
  132286    140794        21
  132308    140816        72
  132387    140895        20
  132408    140916        46
  132484    140992        27
  132512    141020        21
  132614    141122        23
  132687    141173        29
  132765    141251        27
  132793    141279        23
  132848    141334        27
  132894    141380        21
  132935    141421        30
  133020    141513        49
  133107    141594        22
  133159    141646        55
  133230    141717        27
  133258    141745        62
  133336    141823        78
  133426    141913        26
  133468    141955        46
  133525    142012        32
  133558    142045        31
  133590    142077        65
  133656    142143        34
  133774    142261        27
  133820    142307        46
  133892    142379        31
  133932    142419        33
  134078    142566        22
  134100    142586        23
  134109     94398        21
  134144    142637        27
  134259    142762        25
  134339    142841        32
  134533    143058        49
  134583    143108        80
  135737    144192        29
  135900    144359        21
  135950    144409        21
  135993    144452        28
  136164    144617        22
  136351    144804        20
  136619    145492        58
  136694    145579        24
  136775    145660        28
  136931    145810        25
  137147    150529        45
  137284    150941        25
  137455    151107        31
  137493    151145        35
  137594    151246        37
  137632    151284        25
  137825    151477        20
  137846    151498        25
  137916    151568        24
  137941    151593        53
  138010    151662        26
  138066    151718        65
  138143    151795        31
  138188    151840        23
  138213    151865        41
  138279    151931        26
  138347    152015        22
  138370    152038        33
  138471    152144        24
  138497    152170        34
  138541    152214        31
  138573    152246        22
  138694    152408        24
  138732    152448        42
  138775    152491        22
  138811    152527        35
  138922    152638        20
  139236         1        49
  139286        51        28
