> gi|335354648|gb|JN019791.1|
      35       122        27
      63       150        49
     431       579        21
     453       601        38
     519       667        32
     597       745        53
     651       799        59
     732       880        83
     816       964        26
     906      1054        26
    1002      1150        35
    1038      1186        50
    1092      1240        25
    1143      1291        23
    1182      1330        35
    1230      1378        25
    1256      1404        39
    1317      1465        29
    1347      1495        29
    1416      1564        76
    1491      1632        23
    1561      1685        27
    1732      1915        60
    1813      2018        44
    2203      2441        23
    2248      2486        29
    3127      3368        27
    3217      3458        26
    3245      3486        25
    3442      3686        20
    3758      3993        20
    4171      4408        43
    4227      4464        28
    4256      4493        45
    5042      5352        25
    5104      5411        21
    5191      5498        26
    5299      5615        22
    5329      5645        20
    5651      5991        39
    6113      6436        44
    6158      6481        26
    6205      6519        20
    7141      7076        33
    7175      7110        48
    7383      7292        21
    7405      7314        20
    7477      7376        22
    7797      7640        50
    8072      8100        27
    8124      8152        20
    8343      8298        36
    8387      8342        48
    9040      9253        45
    9191      9401        28
    9236      9480        38
    9281      9530        25
    9338      9588        39
    9469      9711        21
    9663      9953        25
    9740     10030        70
   10030     10298        78
   10419    103516        20
   10741     10442        28
   10800     10501        35
   10836     10537        35
   10887     10588        29
   10917     10618        20
   11009     10710        27
   11037     10738        35
   11178     10879        22
   11208     10909        32
   11277     10978        44
   11397     11098        44
   11652     11353        32
   11706     11407        26
   11763     11464        44
   11988     11689        62
   12096     11797        22
   12183     11884        20
   12204     11905        20
   12465     12192        27
   12583     12310        29
   12681     12408        27
   12828     13368        25
   13337     14025        38
   13454     14142        23
   13478     14166        32
   13511     14199        49
   14077     15476        22
   14101     15500        23
   14128     15527        35
   14171     15570        46
   14224     15623        20
   14266     15665        23
   14359     15758        29
   14407     15806        20
   14476     15875        65
   14665     16064        40
   14708     16107        37
   14825     16223        23
   14996     16389        20
   15017     16410        21
   15056     16449        24
   15081     16474        20
   15140     16533        21
   15162     16555        29
   15192     16585        32
   15261     16654        21
   15354     16747        26
   15417     16810        32
   15450     16843        20
   15501     16894        21
   15523     16916        43
   15633     17026        49
   16103     17502        21
   16163     17562        29
   16193     17592        44
   16304     17703        29
   16365     17764        34
   16400     17799        26
   16433     17832        29
   16472     17871        28
   16537     17936        36
   16591     17990        33
   16685     18084        26
   16867     18266        21
   17224     18626        21
   17519     18921        20
   17765     19167        27
   17939     19350        23
   17989     19400        22
   18023     19434        38
   18086     19497        22
   18600     20017        22
   18656     20073        20
   18698     20115        20
   18731     20148        20
   18755     20172        41
   18817     20234        24
   19037     20454        23
   19070     20487        29
   19289     20706        25
   19418     20835        65
   19547     20964        29
   19640     21057        23
   19664     21081        26
   19727     21144        65
   19797     21214        28
   19830     21247        37
   19901     21318        47
   19978     21395        28
   20146     21563        29
   20306     21728        20
   20424     21846        36
   20552     21974        23
   20681     22103        20
   20738     22160        47
   20804     22226        20
   20825     22247        26
   20855     22277        35
   20927     22349        23
   21012     22434        25
   21077     22499        53
   21227     22649        62
   21290     22712        20
   21359     22781        26
   21413     22835        32
   21503     22925        62
   21566     22988        28
   21605     23027        20
   21695     23117        20
   21768     23190        34
   21815     23237        32
   21848     23270        35
   21929     23349        20
   21950     23370        20
   22149     23539        24
   22210     23603        26
   22314     23717        24
   22398     23814        31
   22460     23875        20
   22539     23952        32
   22573     23986        21
   22688     24101        35
   22754     24167        41
   22838     24251        23
   22883     24296        20
   22928     24341        35
   22973     24386        20
   23060     24473        30
   23089     24497        61
   23151     24559        25
   23283     24691        62
   23394     24802        26
   23433     24841        47
   23481     24889        20
   23514     24922        32
   23571     24979        20
   23625     25033        29
   23655     25063        26
   23742     25150        38
   23781     25189        20
   23883     25291        26
   23910     25318        20
   23979     25387        41
   24081     25489        26
   24144     25552        35
   24192     25600        20
   24215     25623        30
   24248     25656        25
   24357     25765        29
   24459     25867        20
   24596     26004        39
   24663     26071        26
   24753     26161        23
   24819     26227        26
   24856     26264        21
   24954     26362        22
   24987     26395        20
   25170     26578        20
   25212     26620        26
   25239     26647        23
   25377     26785        60
   25438     26846        40
   25510     26918        25
   25554      7921        21
   25598     27006        23
   25622     27030        42
   25728     27136        56
   25797     27205        44
   25932     27340        32
   26004     27412        33
   26079     27487        32
   26152     27560        25
   26178     27586        35
   26247     27655        23
   26404     27812        31
   26585     28027        28
   27509     28959        35
   27547     28998        28
   28338     29588        22
   28382     29632        65
   29534     30404        20
   29717     30583        44
   29771     30637        35
   29927     30782        26
   29978     30833        38
   30816     31173        81
   31373     31754        90
   31490     31871        72
   31663     32021        23
   32147     32783        74
   32544     33155        33
   32604     33215        31
   33158     33850        20
   33478     34191        24
   33546     34256        29
   33576     34286        35
   33612     34322        38
   33651     34361        29
   33681     34391        33
   33729     34439        23
   33798     34508        20
   33843     34553        59
   33930     34640        26
   33957     34667        23
   34023     34733        41
   34065     34775        29
   34095     34805        47
   34143     34853        44
   34210     34920        28
   34239     34949        77
   34317     35027       134
   34452     35162        29
   34500     35210        41
   34542     35252       117
   34660     35370        20
   34681     35391        29
   34768     35478        44
   34834     35544        38
   34904     35614        22
   34927     35637        29
   34957     35667        41
   35002     35712        59
   35062     35772        23
   35101     35811        38
   35213     35923        22
   35260     35970        29
   35296     36006        27
   35324     36034        46
   35389     36099        29
   35482     36192        26
   35509     36219        30
   35542     36252        29
   35596     36306        20
   35704     36414        21
   35755     36465        23
   35809     36519        29
   35872     36582        32
   35947     36657        32
   35989     36699        25
   36140     36855        21
   36248     36970        69
   36741     37409        33
   36776     37444        28
   36807     37475        42
   36916     37584        20
   37271     38350        36
   37308     38387        29
   37581     38587        33
   37712     38714        20
   37783     38785        34
   37866     38868        41
   37950     38952        22
   37983     38985        61
   38238     39236        29
   38268     39266        20
   38289     39287        23
   38343     39341        53
   38397     39395        20
   38430     39428        26
   38457     39455        44
   38547     39545        53
   38616     39614        26
   38649     39647        47
   38697     39695        20
   38718     39716        20
   38826     39824        68
   38895     39893        26
   38925     39923        20
   38952     39950        26
   39063     40061        23
   39093     40091        26
   39156     40154        71
   39237     40235        32
   39288     40286        26
   39315     40313        32
   39348     40346        26
   39417     40415        35
   39453     40451        29
   39626     40624        21
   39687     40685        35
   39723     40721        31
   39786     40784        23
   39827     40825        21
   39858     40856        29
   39930     40928        26
   39957     40955        34
   39993     40991        23
   40056     41054        26
   40137     41135        29
   40179     41177        41
   40221     41219        62
   40284     41282        65
   40350     41348        50
   40401     41399        90
   40492     41490        41
   40558     41556        56
   40615     41613        77
   40756     41754        20
   40777     41775        20
   40873     41871        40
   40933     41931        32
   41113     42111        50
   41248     42246        32
   41281     42279        35
   41329     42327        47
   41379     42377        33
   41419     42417        86
   41518     42516        20
   41557     42555        44
   41604     42602        20
   41652     42650        39
   41728     42726        28
   41866     42864        26
   41893     42891        32
   41947     42945        32
   41980     42978        20
   42064     43062        21
   42105     43103        27
   42133     43131        29
   42169     43167        23
   42235     43233        21
   42257     43255        24
   42292     43290        32
   42352     43350        26
   42379     43377        23
   42406     43404        29
   42454     43452        29
   42508     43506        23
   42535     43533        23
   42562     43560        29
   42595     43593        26
   42631     43629        38
   42682     43680        74
   42776     43759        24
   42844     43847        77
   42935     43938        24
   43014     44019        24
   43319     44289        27
   43495     44636        35
   43546     44687        26
   43627     44769        35
   43713     44867        24
   43823     44969        28
   43885     45037        32
   43977     45130        20
   44051     45204        23
   44111     45268        37
   44148     45304        22
   44229     45379        20
   44382     45490        20
   44403     45511        28
   44432     45540        47
   44480     45588        29
   44525     45633        20
   44546     45654        20
   44579     45687        29
   44612     45720        62
   44685     45794        53
   44798     45909        28
   44931     46034        21
   44989     46092        27
   45146     46258        27
   45181     46291        42
   45249     46359        24
   45351     46505        29
   45384     46538        68
   45453     46607        24
   46359     46932        22
   46382     46955        31
   46415     46988        33
   46769     47332        23
   46802     47365        35
   46850     47413        24
   46887     47450        21
   46958     47521        21
   47021     47584        50
   47075     47638        32
   47132     47695        24
   47180     47743        23
   47248     47811        22
   47285     47848        23
   47731     48433        70
   48742     49880        66
   48809     49947        36
   48846     49984        27
   48916     50078        32
   49169     50462        45
   49215     50508        33
   49600     50880        20
   49679     50954        57
   49762     51037        21
   50467     51730        29
   50497     51760        20
   50533     51796        20
   50616     51879        24
   50680     51943        22
   50746     52009        20
   50767     52030        44
   50854     52117        20
   50915     52178        25
   51068     52323        27
   51277     52532        41
   51328     52583        26
   51370     52625        26
   51430     52685        20
   51466     52721        20
   51562     52817        20
   51592     52847        20
   51613     52868        20
   51646     52901        33
   51683     52938        43
   51889     53156        41
   51931     53198        71
   52054     53321        20
   52134     53401        20
   52726     54308        45
   52825     54410        41
   52912     54501        20
   52989     54586        31
   53110     54704        24
   53166     54760        29
   53248     54844        20
   53358     54951        22
   53381     54973        21
   53403     54995        21
   53422     55019        34
   53560     55177        22
   53583     55200        71
   53827     55508        26
   53955     55636        35
   54004     55685        20
   54025     55706        24
   54050     55731        28
   54088     55769        32
   54199     55880        27
   54347     56020        32
   54404     56077        40
   54446     56119        23
   54479     56152        50
   54548     56221        23
   54635     56308        50
   54722     56395        38
   54770     56443        25
   54797     56470        50
   54875     56548        26
   54902     56575        59
   54989     56662        20
   55061     56734        35
   55112     56785        80
   55208     56881        26
   55253     56926        23
   55337     57010        26
   55379     57052        20
   55400     57073        25
   55445     57118        32
   55490     57163        35
   55553     57226        23
   55580     57253        26
   55692     57365        31
   55997     57657        27
   56147     57858        25
   56253     58117        24
   56283     58147        31
   56452     58317        57
   56510     58375        23
   56591     58456        26
   56630     58495        26
   56681     58546        32
   56789     58654        20
   56886     58751        25
   56921     58786        29
   56963     58828        41
   57005     58870        26
   57041     58906        29
   57092     58957        44
   57137     59002        32
   57170     59035        23
   57224     59089        29
   57289     59154        21
   57314     59179        20
   57350     59215        53
   57404     59269        26
   57482     59347        38
   57533     59398        30
   57593     59458        27
   57621     59486        25
   57647     59512        50
   57698     59563        24
   57800     59665        41
   57845     59761        41
   57958     59848        22
   58033     59901        27
   58815     60753        21
   59288     61229        20
   59339     61280        26
   59397     61338        25
   59437     61378        20
   59534     61475        29
   59564     61505        20
   59625     61566        37
   59663     61604        20
   59690     61631        25
   59716     61657        27
   59813     61754        23
   59911     61852        24
   59936     61877        35
   60502     62696        23
   60567     62761        21
   60589     62783        24
   60982     63160        32
   61077     63252        20
   61268     63443        26
   61346     63521        22
   61433     63608        39
   61499     63674        33
   61544     63719        23
   61571     63746        35
   62093     64791        22
   62159     64857        23
   62193     64891        27
   62236     64934        34
   62439     65137        35
   62493     65191        33
   62531     65229        41
   62591     65289        21
   62628     65326        43
   62714     65412        38
   62765     65463        29
   62942     65665        32
   62975     65698        32
   63033     65756        21
   63126     65849        23
   63153     65876        29
   63201     65924        23
   63271     65994        25
   63360     66083        20
   63429     66152        33
   63465     66188        35
   63528     66251        29
   63704     66427        21
   63804     66527        24
   63891     66614        47
   63943     66666        20
   64099     66831        24
   64971     67809        26
   65028     67866        46
   65151     67990        30
   65224     68056        81
   65306     68138        36
   65349     68185        31
   65400     68236        28
   65498     68334        25
   65524     68360        21
   65618     68454        23
   65645     68481        20
   65666     68502        20
   65687     68523        51
   65821     68648        32
   65860     68687        26
   66955     69411        33
   67036     69492        20
   67226     69679        34
   67267     69720        32
   67468     69972        34
   67503     70007        46
   67670     70232        26
   67697     70259        66
   68182     70674        30
   68258     70750        26
   68309     70801        21
   68773     71340        20
   68796     71363        29
   68940     71507        23
   69154     71939        40
   69195     71980        62
   69258     72043        23
   69292     72077        62
   69363     72148        20
   69636     72345        21
   69742     72446        21
   69775     72479        29
   69805     72509        31
   69931     72635        33
   69982     72686        29
   70063     72767        25
   70148     72838        73
   70335     73053        52
   70415     73125        23
   70528     73240        24
   70835     73534        32
   70892     73591        20
   70927     73626        30
   71163     73880        73
   71325     74042        54
   71471     74182        22
   71666     74366        30
   71701     74401        27
   71805     74531        20
   71870     74594        22
   71919     74659        37
   72013     74753        52
   72133     74873        46
   72180     74920        38
   72231     74971        42
   72300     75040        24
   72360     75100        32
   72629     75431        46
   72792     75600        21
   72912     75718        20
   72972     75779        22
   73198     76023        23
   73383     76197        23
   73460     76269        31
   73615     76396        22
   73638     76419        62
   73701     76482        23
   73752     76533        26
   73791     76572        23
   73821     76602        23
   73854     76635        32
   73935     76716        29
   73965     76746        26
   73995     76776        23
   74085     76866        26
   74133     76914        44
   74268     77049        23
   74352     77133        44
   74397     77178        26
   74430     77211        32
   74487     77268        26
   74544     77325        23
   74616     77397        20
   74700     77481        20
   74726     77507        27
   74838     77619        50
   74910     77691        20
   74931     77712        56
   74988     77769        23
   75027     77808        20
   75054     77835        36
   75129     77910        20
   75150     77931        31
   75350     78128        30
   75381     78159        27
   75427     78205        26
   75490     78261        28
   75559     78329        20
   75591     78361        21
   75613     78383        46
   75675     78445        24
   75770     78522        20
   75806     78562        40
   75971     78724        28
   76004     78757        32
   76142     78896        34
   76257     79011        29
   76298     79056        22
   76407     79179        22
   76463     79245        34
   76520     79300        21
   76571     79351        35
   76665     79456        27
   76718     79509        26
   76895     79687        23
   76921     79717        24
   76984     79780        38
   77026     79822        44
   77125     79921        23
   77164     79960        54
   77354     80150        25
   77446     80242        23
   77470     80266        41
   77645     80444        37
   77676     80474        30
   77720     44202        21
   77775     80575        37
   77975     80771        22
   78141     80940        39
   78217     81021        23
   78257     81061        24
   78439     81279        24
   78490     81330        47
   78562     81402        20
   78598     81438        33
   78676     81516        26
   78703     81543        23
   78727     81567        20
   78748     81588        23
   78778     81618        56
   78844     81684        35
   78886     81726        25
   78919     81759        24
   78958     81798        29
   79213     82056        20
   79262     82105        34
   79330     82173        37
   79453     82296        20
   79486     82329        23
   79537     82380        29
   79607     82450        28
   79636     82479        29
   79764     82607        24
   79807     82650        23
   79878     82721        39
   79957     82800        29
   80041     82884        23
   80067     82910        24
   80150     82999        32
   80199     83053        23
   80259     83119        47
   80367     83227        23
   80403     83263        29
   80448     83308        26
   80499     83359        23
   80523     83383        41
   80624     83484        31
   80664     83524        47
   80785     83642        35
   80860     83717        26
   80941     83795        22
   81392     84205        26
   81464     84277        23
   81516     84329        25
   81602     84415        27
   81665     84478        20
   81698     84511        21
   81752     84565        38
   82012     84800        23
   82102     84890        29
   82132     84920        25
   82158     84946        20
   82183     84971        38
   82228     85016        20
   82284     85072        33
   82396     85179        21
   82533     85315        35
   82572     85354        20
   82626     85408        32
   82680     85462        26
   82746     85528        23
   82773     85555        38
   82821     85603        20
   82845     85627        26
   82877     85659        31
   82950     85731        26
   83211     86058        24
   83440     86347        27
   83880     86798        22
   84084     87073        29
   84133     87122        26
   84190     87179        20
   84447     87436        37
   84612     87601        40
   84994     87928        33
   85029     87963        30
   85354     88270        32
   85471     88387        20
   85654     88568       101
   85756     88670        86
   85853     88767        37
   85903     88817        68
   85999     88913        24
   86024     88938        76
   86096     89014        90
   86218     89144        42
   86267     89193        41
   86309     89235        77
   86386     89306        47
   86434     89354        29
   86464     89384        66
   86532     89458       140
   86693     89619        27
   86721     89647        78
   86800     89726        50
   86851     89777        62
   86914     89840        32
   86959     89885        40
   87000     89926        35
   87036     89962        77
   87114     90040        64
   87179     90105        49
   87229     90155        24
   87254     90180        25
   87280     90206       114
   87395     90321        27
   87428     90354        45
   87474     90400        65
   87549     90475       221
   87771     90697        96
   87868     90794        40
   87909     90835        20
   87977     90897        59
   88037     90957        30
   88077     90997        46
   88124     91044        22
   88147     91067        52
   88200     91120        40
   88258     91178        47
   88306     91226        47
   88373     91293        82
   88461     91381        44
   88533     91453        61
   88595     91515        20
   88622     91542        45
   88668     91588        30
   88711     91637        50
   88785     91711        27
   88857     91789        62
   88980     91912        23
   89004     91936        67
   89076     92008        20
   89124     92056        52
   89187     92119        51
   89259     92191        29
   89289     92221       179
   89483     92415        41
   89525     92457        26
   89560     92492        90
   89659     92591       102
   89765     92697        24
   89790     92722        43
   89834     92766        82
   89917     92849        74
   89983    155398        20
   90013     92945        94
   90108     93040        44
   90162     93094        21
   90184     93116        43
   90283     93218        78
   90362     93297        24
   90402     93337        36
   90439     93374        31
   90483     93418        29
   90513     93448        59
   90676     93605        34
   90711     93640        50
   90762     93691       120
   90896     93825        36
   90933     93862        51
   91085     94020        33
   91146     94081        23
   91214     94149        24
   91271     94206        88
   91406     94341        49
   91462     94397        40
   91503     94438        65
   91579     94514        33
   91613     94548        49
   91674     94609        24
   91699     94634        20
   91720     94655        57
   91778     94713        34
   91825     94760        28
   91854     94789        34
   91891     94826        62
   91954     94889        47
   92016     94951        26
   92048     94983        24
   92080     95015        46
   92127     95062        21
   92149     95084        35
   92186     95121        77
   92321     95256       139
   92461     95396       127
   92592     95527        26
   92624     95559        21
   92660     95595        36
   92713     95648        72
   92800     95750        24
   92813     95745        24
   92841     95827        45
   92918     95904        25
   92944     95930        65
   93010     95996        20
   93031     96017        21
   93053     96039        73
   93138     96124        20
   93159     96145        93
   93253     96239        26
   93293     96279        22
   93316     96302        54
   93371     96357        45
   93417     96403        50
   93473     96459        25
   93502     96488        43
   93551     96537        27
   93579     96565       107
   93706     96692        52
   93793     96779        38
   93853     96839        41
   93907     96893        36
   93974     96960        30
   94005     96991        44
   94050     97036        25
   94088     97074        32
   94121     97107        20
   94165     97160        31
   94224     97219        34
   94312     97307        30
   94354     97349        36
   94404     97399        32
   94437     97432        65
   94523     97518        79
   94623     97618        21
   94692     97687        44
   94750     97741        43
   94794     97785        54
   94849     97840        77
   94927     97918        26
   94967     97958        36
   95004     97995        21
   95051     98053        31
   95090     98099        29
   95133     98142        21
   95155     98164        23
   95217     98226        43
   95261     98270        23
   95299     98308        39
   95350     98361        20
   95371     98382        25
   95393     98408        30
   95452     98466        37
   95490     98504        28
   95519     98533        21
   95541     98548        37
   95579     98586        60
   95645     98652        25
   95676     98683        21
   95755     98862        20
   95804     98907        28
   95849     98952        55
   95905     99008        36
   95955     99058        88
   96044     99147        52
   96108     99212        31
   96135     99255        25
   96161     99281       190
   96352     99472        61
   96415     99535        40
   96472     99592        84
   96557     99677        64
   96622     99742        50
   96673     99793        20
   96694     99814       138
   96847     99967        29
   96877     99997        76
   96954    100074        28
   97004    100127        33
   97061    100184        79
   97141    100264       241
   97426    100549        24
   97469    100592        69
   97531    100658        76
   97608    100735       115
   97724    100851        32
   97757    100884        41
   97799    100926       110
   97910    101037        44
   97966    101093       127
   98094    101221       281
   98369    101498        26
   98414    101544        36
   98451    101581        28
   98490    101620        29
   98551    101681        43
   98590    101721        42
   98650    101781        96
   98747    101878        36
   98810    101941       110
   98921    102052        73
   98995    102126       151
   99158    102290        24
   99183    102315        50
   99234    102366        46
   99296    145885        24
   99321    102453        43
   99365    102497       106
   99489    102621        42
   99532    102664        56
   99589    102721        31
   99639    102771        39
   99679    102811       150
   99839    102971        33
   99873    103005        40
   99926    103058        73
  100000    103132        69
  100184    103497        20
  100212    103561        30
  100269    103618        21
  100336    103685        45
  100450    103781        23
  100483    103814        21
  100509    103840        95
  100625    103956        90
  100747    104133        20
  100768    104154        28
  100815    104212        26
  100892    104288        30
  101032    104428        41
  101113    104502        38
  101190    104579        21
  101215    104604        20
  101252    104641        25
  101294    104683        30
  101451    104829        39
  101491    104869        20
  101614    104987        25
  101656    105022        96
  101787    105152       126
  101916    105281       434
  102351    105716       336
  102688    106053       462
  103151    106516        66
  103235    106600       129
  103365    106730       162
  103548    106913        31
  103580    106945        52
  103676    107037        45
  103750    107113       184
  103935    107298        75
  104024    107387        28
  104053    107416        22
  104076    107439        57
  104134    107497        98
  104228    107587        27
  104256    107615        59
  104316    107675        26
  104343    107702        29
  104394    107748       124
  104585    107949        24
  104610    107974        84
  104704    108068       101
  104812    108176        35
  104843    108206        64
  104908    108271       138
  105062    108425        54
  105130    108492        98
  105245    108607        55
  105301    108663        42
  105366    108728        50
  105417    108779        25
  105488    108846        57
  105551    108900       107
  105659    109008        22
  105682    109031        51
  105765    109114        25
  105799    109147        43
  105874    109231       139
  106048    109405        38
  106087    109444        91
  106179    109536        28
  106231    109588        53
  106285    109642        68
  106354    109711        37
  106392    109749        54
  106448    109805       229
  106678    110035       171
  106869    110226        64
  106934    110291       183
  107146    110504        70
  107217    110575       168
  107398    110756        60
  107459    110817        22
  107482    110840       467
  107950    111308        57
  108008    111366        36
  108061    111419        74
  108136    111494        74
  108211    111569       524
  108774    112132       153
  108927    112286        33
  108979    112342        30
  109004    112368        21
  109082    112463        23
  109123    112510        39
  109163    112550        57
  109234    112621        39
  109278    135635        27
  109327    112719        20
  109364    112751        39
  109440    112827        29
  109480    112868        22
  109503    112891        87
  109616    113004        45
  109813    113213        31
  109889    113434        24
  109928    113479        52
  109981    113532        31
  110005    134743        22
  110022    113581        23
  110046    113605        51
  110098    113657        20
  110119    113678        54
  110189    113748        32
  110222    113781        23
  110254    113813        25
  110381    113936        28
  110412    113961        24
  110438    113987        24
  110510    114059        32
  110575    114124        43
  110650    114199        20
  110710    114259        63
  110795    114344        38
  110834    114383        20
  110855    114404        42
  110914    114463        23
  110938    114487        44
  111142    114691        30
  121626     72663        20
  130747    134326        24
  130773    134352        24
  130800    134373        28
  130930    134499        25
  130964    134533        23
  130988    134557        32
  131036    134605        54
  131091    134660        20
  131112    134681        51
  131164    134733        23
  131182    113572        22
  131197    134774        31
  131229    134806        52
  131296    134879        24
  131365    135093        31
  131548    135288        45
  131619    135359        87
  131707    135447        22
  131740    135481        29
  131806    135547        39
  131862    135598        20
  131904    112675        27
  131936    135677        39
  131989    135730        57
  132047    135788        39
  132104    135851        23
  132184    135948        21
  132200    135965        30
  132249    136018        33
  132282    136052       153
  132474    136244       524
  132999    136769        74
  133074    136844        74
  133165    136935        36
  133202    136972        57
  133260    137030       467
  133728    137498        22
  133751    137521        60
  133824    137594       168
  133993    137763        70
  134092    137863       183
  134276    138047        64
  134360    138131       171
  134532    138303       229
  134763    138534        54
  134818    138589        37
  134856    138627        68
  134925    138696        53
  135002    138773        28
  135031    138802        91
  135123    138894        38
  135196    138967       139
  135367    139147        43
  135419    139198        25
  135476    139255        51
  135528    139307        22
  135551    139330       107
  135664    139434        57
  135767    139533        25
  135793    139559        50
  135866    139632        42
  135909    139675        55
  135981    139747        98
  136093    139858        54
  136163    139928       138
  136302    140067        64
  136362    140126        35
  136404    140168       101
  136515    140279        84
  136600    140364        24
  136691    140465       124
  136837    140606        29
  136867    140636        26
  136894    140663        59
  136954    140723        27
  136977    140742        98
  137076    140841        57
  137134    140899        22
  137157    140922        28
  137199    140964        75
  137275    141040       184
  137488    141255        45
  137577    141340        52
  137630    141393        31
  137682    141445       162
  137845    141608       129
  137992    141755        66
  138059    141822       462
  138522    142285       336
  138859    142622       434
  139296    143059       126
  139457    143219        96
  139570    143325        25
  139698    143448        20
  139719    143469        39
  139885    143624        30
  139932    143671        25
  139974    143713        20
  139998    143737        21
  140058    143797        38
  140136    143868        41
  140287    144019        30
  140368    144099        26
  140413    144155        28
  140442    144184        20
  140494    144291        90
  140605    144402        95
  140705    144502        21
  140736    144533        23
  140828    144607        45
  140919    144698        21
  140967    144746        30
  141005    144820        20
  141140    145136        69
  141210    145206        73
  141296    145292        40
  141337    145333        33
  141380    145376       150
  141531    145527        39
  141589    145585        31
  141621    145617        56
  141678    145674        42
  141738    145734       106
  141845    145841        43
  141889    102428        24
  141929    145925        46
  141976    145972        50
  142027    146023        24
  142063    146060       151
  142215    146212        73
  142289    146286       110
  142426    146423        36
  142463    146460        96
  142577    146574        42
  142615    146613        43
  142690    146688        29
  142730    146728        28
  142759    146757        36
  142814    146813        26
  142834    146835       281
  143116    147117       127
  143255    147256        44
  143300    147301       110
  143411    147412        41
  143453    147454        32
  143486    147487       115
  143602    147603        76
  143671    147676        69
  143759    147764        24
  143827    147832       241
  144069    148074        79
  144172    148177        33
  144227    148235        28
  144256    148264        76
  144333    148341        29
  144377    148385       138
  144516    148524        20
  144537    148545        50
  144588    148596        64
  144653    148661        84
  144754    148762        40
  144796    148804        61
  144858    148866       190
  145049    149057        25
  145070    149094        31
  145113    149138        52
  145166    149191        88
  145268    149293        36
  145305    149330        55
  145377    149402        28
  145434    149455        20
  145512    149633        21
  145539    149660        25
  145570    149691        60
  145631    149752        37
  145669    149783        21
  145691    149805        28
  145720    149834        37
  145786    149899        30
  145813    149930        25
  145839    149956        20
  145871    149990        39
  145925    150044        23
  145949    150068        43
  146031    150150        23
  146055    150174        21
  146090    150209        29
  146127    150253        31
  146184    150321        21
  146206    150343        36
  146256    150393        26
  146283    150420        77
  146361    150498        54
  146416    150553        43
  146473    150606        44
  146565    150698        21
  146607    150740        79
  146707    150840        65
  146773    150906        32
  146819    150952        36
  146867    151000        30
  146951    151084        34
  147013    151146        31
  147068    151210        20
  147089    151231        32
  147134    151276        25
  147160    151302        44
  147205    151347        30
  147266    151408        36
  147315    151457        41
  147378    151520        38
  147451    151593        52
  147523    151665       107
  147631    151773        27
  147664    151806        43
  147711    151853        25
  147742    151884        50
  147793    151935        45
  147839    151981        54
  147894    152036        22
  147930    152072        26
  147957    152099        93
  148051    152193        20
  148083    152225        73
  148157    152299        21
  148179    152321        20
  148200    152342        65
  148266    152408        25
  148323    152465        45
  148372    152568        24
  148385    152563        24
  148424    152617        72
  148513    152706        36
  148564    152757        21
  148591    152784        26
  148621    152814       127
  148749    152942       139
  148946    153139        77
  149025    153218        35
  149061    153254        21
  149083    153276        46
  149137    153330        24
  149167    153360        26
  149208    153401        47
  149256    153449        62
  149321    153514        34
  149356    153549        28
  149397    153590        34
  149432    153625        57
  149490    153683        20
  149511    153704        24
  149547    153740        49
  149597    153790        33
  149641    153834        65
  149707    153900        40
  149754    153947        49
  149850    154043        88
  149971    154164        24
  150040    154233        23
  150091    154284        33
  150225    154424        51
  150277    154476        36
  150327    154526       120
  150448    154647        50
  150499    154698        34
  150637    154830        59
  150697    154890        29
  150739    154932        31
  150771    154964        36
  150823    155016        24
  150848    155041        78
  150982    155178        43
  151026    155222        21
  151057    155253        44
  151102    155298        94
  151206     92919        20
  151218    155414        74
  151293    155489        82
  151376    155572        43
  151420    155616        24
  151448    155644       102
  151559    155755        90
  151658    155854        26
  151685    155881        41
  151741    155937       179
  151921    156117        29
  151971    156167        51
  152033    156229        52
  152113    156309        20
  152138    156334        67
  152206    156402        23
  152290    156486        62
  152397    156599        27
  152448    156650        50
  152511    156719        30
  152542    156750        45
  152594    156802        20
  152615    156823        61
  152704    156912        44
  152754    156962        82
  152856    157064        47
  152904    157112        47
  152969    157177        40
  153010    157218        52
  153063    157271        22
  153086    157294        46
  153142    157350        30
  153173    157381        59
  153280    157482        20
  153301    157503        40
  153342    157544        96
  153439    157641       221
  153670    157872        65
  153736    157938        45
  153787    157989        27
  153815    158017       114
  153930    158132        25
  153956    158158        24
  153981    158183        49
  154031    158233        64
  154096    158298        77
  154174    158376        35
  154210    158412        40
  154263    158465        32
  154296    158498        62
  154359    158561        50
  154410    158612        78
  154489    158691        27
  154537    158739       140
  154679    158887        66
  154746    158954        29
  154776    158984        47
  154823    159025        77
  154901    159103        41
  154949    159151        42
  155023    159233        90
  155109    159323        76
  155186    159400        24
  155238    159452        68
  155319    159533        37
  155367    159581        86
  155454    159668       101
