> gi|490345002|gb|KC427271.1|
      49    114405        41
     477        74        20
     522       119        20
    1026       623        26
    1265       862        30
    4256      3610        29
    7878     95128        20
   32141      4482        21
   32163      4504        41
   33876      5442        20
   33961      5527        28
   34275      5841        26
   34368      5934        20
   34587      6153        20
   34618      6184        23
   34759      6325        20
   34828      6394        29
   35671      7237        20
   35950      7516        20
   36248      7608        35
   37274      8294        24
   37559      8471        55
   38460      9390        23
   38712      9642        32
   38760      9690        29
   38861      9791        21
   39363     10293        26
   39590     12740        21
   39885     10815        20
   40317     11247        20
   40356     11286        29
   40463     11389        34
   40659     11585        21
   41138     12064        23
   41251     12177        23
   41737     10443        22
   42163     13089        20
   42334     13260        20
   42567     13493        21
   43630     14195        32
   46392     16069        22
   46419     16096        32
   47063     16513        20
   47739     37083        55
   48742     37462        35
   49220     37860        28
   49679     38039        42
   52743     38538        28
   53358     39080        22
   53567     39267        27
   54434     40101        23
   54644     40311        23
   54809     40476        23
   54917     40584        29
   54989     40656        23
   55058     40725        20
   55175     40842        23
   55340     41007        23
   55469     41136        20
   56493     41845        21
   56768     42120        20
   56915     42267        23
   57173     42525        23
   57289     42641        21
   57810     43162        25
   64953     46776        23
   67478     48608        20
   67480     96523        20
   67705     48812        29
   67734     48842        22
   73671     54127        23
   74670     55126        26
   74958     55414        20
   75377     55815        25
   77197     57480        20
   77791     58038        21
   78568     58797        20
   78751     58980        20
   78820     59049        20
   79804     59985        22
   81482     61505        20
   82773     62661        25
   83869     63539        27
   87640     66928        47
   91465     70381        22
   93088     72214        22
   95548     74543        30
   95580     74575        42
   98712     75214        22
   98818     75320        22
   99012     75514        28
   99737     76203        32
   99780     76246        32
   99854     76320        58
   99926     76392        26
  101680     77259        22
  101931     77451        34
  101982     77502        43
  102026     77546        38
  102070     77590        29
  102100     77620        22
  102227     77748       110
  102342     77863        30
  102416     77937        51
  102514     78035        29
  102561     78082        47
  102610     78131        20
  102651     78172        36
  102701     78222        35
  102739     78260       122
  102862     78383        36
  102947     78468        41
  102989     78510        35
  103077     78598        22
  103100     78621        22
  103244     78765        47
  103292     78813        31
  103347     78868        26
  103386     78907        75
  103589     79084        28
  103767     79245        22
  103814     79292        48
  103879     79354        21
  103942     79417        35
  103978     79453        20
  104035     79514        26
  104084     79563        21
  104151     79635        28
  104618     80024        24
  104646     80052        30
  104731     80137        43
  104843     80256        50
  104949     80362        21
  105069     80482        22
  105097     80510        22
  105141     80554        64
  105235     80649        46
  105380     80792        31
  105568     80929        38
  105607     80968        51
  105682     81045        46
  105812     81146        21
  105912     81246        37
  105953     81287        25
  105988     81321        33
  106094     81427        58
  106153     81507        25
  106285     81639        68
  106354     81708        20
  106391     81745        34
  106468     81823        21
  106490     81845        23
  106535     81890        79
  106627     81982        23
  106653     82008        24
  106678     82033        73
  106752     82108        25
  106964     82302        56
  107057     82395        27
  107093     82431        21
  107160     82499        86
  107247     82586        36
  107284     82623        33
  107321     82660        41
  107363     82702        22
  107410     82755        21
  107482     82827        66
  107549     82894        99
  107649     82999       103
  107753     83103        26
  107781     83131        32
  107814     83164        25
  107847     83197        20
  107910     83260        70
  108050     83400        35
  108136     83486        74
  108234     83584       146
  108381     83731        54
  108441     83791        88
  108531     83881        26
  108576     83926        33
  108620     83970        32
  108799     84131        30
  108858     84190        24
  108895     84227        20
  109148     84470        22
  109506     84780        21
  109528     84802        53
  110075     96551        22
  131112     85145        22
  131628     96863        53
  131682     96917        21
  132039     97226        22
  132294     97471        20
  132327     97504        24
  132380     97557        30
  132557     97716        32
  132600     97759        33
  132652     97811        26
  132680     97839        88
  132774     97933        54
  132829     97988       146
  132999     98158        74
  133124     98283        35
  133229     98388        70
  133342     98501        20
  133370     98529        25
  133396     98555        32
  133430     98589        26
  133457     98616       103
  133561     98725        99
  133661     98825        66
  133778     98942        21
  133824     98994        22
  133847     99017        41
  133892     99062        33
  133926     99096        36
  133963     99133        86
  134095     99266        21
  134125     99296        27
  134189     99360        56
  134432     99585        25
  134458     99612        73
  134532     99686        24
  134559     99713        23
  134595     99749        79
  134696     99850        23
  134720     99874        21
  134784     99939        34
  134835     99990        20
  134856    100011        68
  135031    100186        25
  135057    100233        58
  135188    100364        33
  135231    100406        25
  135260    100435        37
  135376    100551        21
  135481    100627        46
  135551    100699        51
  135603    100751        38
  135798    100895        31
  135928    101023        46
  136004    101100        64
  136090    101186        22
  136118    101214        22
  136239    101335        21
  136316    101412        50
  136435    101538        43
  136533    101636        30
  136567    101670        24
  137030    102055        28
  137104    102134        21
  137148    102178        26
  137211    102245        20
  137232    102266        35
  137309    102343        21
  137347    102378        48
  137420    102451        22
  137592    102606        28
  137767    102755        56
  137836    102824        26
  137886    102874        31
  137918    102906        47
  138087    103075        22
  138110    103098        22
  138185    103173        35
  138221    103209        41
  138311    103299        36
  138348    103336       122
  138473    103461        35
  138522    103510        36
  138579    103567        20
  138601    103589        47
  138666    103654        29
  138742    103730        51
  138837    103825        30
  138872    103860       110
  139087    104076        22
  139110    104099        29
  139152    104141        31
  139184    104173        43
  139244    104233        34
  139507    104437        22
  141257    105300        26
  141297    105340        58
  141397    105440        32
  141440    105483        32
  142169    106176        28
  142369    106376        22
  142475    106482        22
  145587    107101        42
  145631    107145        30
  148099    109482        22
  149722    111315        22
  153522    114743        47
