> gi|50659959|gb|AY660566.1|
     130     66494        23
     154     66518        23
     247     66611        23
     295     66659        20
     484     66848        32
     745     67109        23
    1039     67403        23
    1371     67854        23
    3941     70328        30
    6117     73926        30
    7040     43746        31
    7084     75382        36
    7876     76380        21
    8331     76836        20
    8819     78762        27
    9262     79252        21
    9296     79286        23
    9323     79313        21
    9356     79346        20
    9377     79367        20
    9617     79607        20
   10319     80309        20
   12534     82254        29
   12624     82344        23
   13599     83285        20
   13890     83576        23
   15116     84812        29
   15885     86001        24
   18594     89373        29
   18639     89418        32
   20309     91083        28
   21008     91782        22
   22721     93501        24
   22975     93755        23
   23173     93953        21
   24885     95683        30
   34172     77215        27
   42677     53176        22
   42740     53243        21
   63894    116434        20
   91994     99566        21
   92039     99611        31
   92988    101031        29
   93171    101211        38
   93342    101382        26
   93407    101447        23
   94016    102083        20
   94037    102104        20
   94411    102478        29
   95454    103436        28
   95515    103497        20
   96190    104197        31
   96283    104290        29
   96358    104365        29
   96406    104413        20
   98283    106697        23
   98307    106721        47
   98573    106971        77
   98676    107082        31
   98739    107145        24
   98782    107189        25
   98827    107234        89
   98917    107324        20
   98938    107345        26
   99000    107407       115
   99118    107525       135
   99254    107661        30
   99304    107711        46
   99375    107782        21
   99397    107804        24
   99422    107829        72
   99495    107902        31
   99561    107968        94
   99678    108085        47
   99738    108145        45
   99822    108229        79
   99906    108313        63
   99970    108377        27
   99998    108405        59
  100204    108631        24
  100359    108817        52
  100661    109132        29
  100759    109233        25
  100857    109335        20
  101100    109569        21
  101233    109707        36
  101321    109799        41
  101462    109947        20
  101508    109993        20
  101685    110168        21
  101730    110213        33
  101846    110331        23
  102179    110629        28
  102269    110728        37
  102472    111918        70
  102557    112003        23
  102617    112063        43
  102661    112107        45
  102719    112165        26
  102795    112241        27
  102835    112282        21
  102858    112305        32
  102891    112338        29
  102922    112369        36
  102961    112408        27
  102990    112437        24
  103021    112468        36
  103082    112528        33
  103123    112569        98
  103222    112668        37
  103260    112706        60
  103320    112767        32
  103353    112800        40
  103437    112891        28
  103475    112929        36
  103545    112999        51
  103633    113087        25
  103660    113115        36
  103718    113173       116
  103855    113310        73
  103929    113384        29
  103974    113434        26
  104060    113520        23
  104087    113547        29
  104117    113577        89
  104217    113683        64
  104282    113748        38
  104321    113787        32
  104354    113820       123
  104481    113947        94
  104653    114120        28
  104686    114153        20
  104707    114174        65
  104789    114256        90
  104880    114347       122
  105010    114477        27
  105038    114505        58
  105097    114564        61
  105159    114626        79
  105249    114716        22
  105356    114823        21
  105425    114892        30
  105456    114923        33
  105716    115199        42
  106073    115533        20
  106094    115554        53
  106661    116460        42
  109249    118266        29
  109355    118372        22
  110025    119042        26
  127342    141961        42
  127898    142856        53
  127952    142910        20
  128287    143222        42
  128556    143507        33
  128590    143541        30
  128668    143619        21
  128774    143725        22
  128807    143758        79
  128887    143838        61
  128949    143900        58
  129008    143959        27
  129043    143994       122
  129166    144117        90
  129273    144224        65
  129339    144290        20
  129364    144315        28
  129470    144422        94
  129568    144520       123
  129692    144644        32
  129725    144677        38
  129764    144716        64
  129839    144797        89
  129929    144887        29
  129962    144920        23
  130045    145003        26
  130087    145050        29
  130117    145080        73
  130211    145174       116
  130349    145312        36
  130387    145351        25
  130449    145413        51
  130534    145498        36
  130580    145544        28
  130652    145623        40
  130693    145664        32
  130725    145697        60
  130786    145758        37
  130824    145796        98
  130930    145902        33
  130988    145959        36
  131031    146002        24
  131057    146028        27
  131087    146058        36
  131125    146096        29
  131155    146126        32
  131189    146160        21
  131223    146195        27
  131300    146272        26
  131339    146311        45
  131385    146357        43
  131465    146437        23
  131503    146475        70
  131739    147698        37
  131838    147806        28
  132176    148109        23
  132282    148217        33
  132339    148274        21
  132517    148450        20
  132563    148496        20
  132683    148623        41
  132776    148720        36
  132924    148873        21
  133168    149108        20
  133261    149205        25
  133355    149302        29
  133634    149594        52
  133817    149808        24
  133988    149999        59
  134048    150059        27
  134076    150087        63
  134144    150155        79
  134262    150273        45
  134320    150331        47
  134390    150401        94
  134519    150530        31
  134551    150562        72
  134624    150635        24
  134649    150660        21
  134695    150706        46
  134761    150772        30
  134792    150803       135
  134930    150941       115
  135081    151092        26
  135108    151119        20
  135129    151140        89
  135238    151249        25
  135282    151294        24
  135338    151350        31
  135395    151415        77
  135691    151695        47
  135739    151743        23
  137539     45205        20
  137619    154030        20
  137658    154069        29
  137733    154144        29
  137824    154235        31
  149818        53        26
  149871       106        23
  150730      1035        31
  151478      1776        21
  151692      1990        20
  151932     66170        25
  151958     66196        21
