> gi|514253126|gb|KC893635.1|
     230     93003        20
     418       387        20
     463       432        29
     511       480        26
     550       519        46
     619       588        20
     664       633        20
     754       723        26
     796       765        20
     850       819        47
     928       897        20
     967       936        20
    1216      1185        26
    1460      1450        20
    1842    143065        22
    1942      1637        29
    6129    122485        20
    9887     16069        24
   30174     43296        20
   40114     16130        22
   49189      5187        20
   49606     53717        30
   62554     58587        26
   63500     59168        24
   66647     61410        44
   67364     62127        20
   67454     62217        27
   68796     63320        20
   68899     63450        20
   68935     63486        23
   69005     63556        41
   69092     63643        20
   69179     63730        22
   69265     63816        39
   71207     64865        24
   71689     65371        33
   71738     65420        30
   71930     65656        24
   71955     65681        33
   72392     66079        23
   73329     67196        28
   73619     67595        20
   73884     67869        20
   74615     68687        22
   74986     69095        35
   76547    143069        20
   77316     71494        24
   77824     72002        20
   77909     72087        25
   78112     72290        23
   78139     72317        20
   78304     72482        23
   78376     72554        23
   78505     72683        20
   78565     72743        29
   78598     72776        41
   78658     72836        27
   78712     72890        23
   78736     72914        32
   78787     72965        23
   78997     73183        31
   79476     73678        26
   80792     75022        26
   80954     75184        26
   81113     75343        32
   81385     75604        30
   82031     76271        26
   82128     76368        26
   82200     76440        33
   82260     76500        20
   82518     76758        24
   83576     77800        20
   83965     78203        21
   86331     80976        20
   86695     81564        21
   87257     82177        25
   87564     82507        23
   88944     83786        25
   88992     83834        26
   89277     84119        20
   89992     84822        20
   90933     85993        51
   96926     91056        21
   97105     91322        30
   97219     91436        40
   98954     92853        21
   99003     92902        28
  100723     93391        80
  101582     94213        21
  101612     94243        27
  101818     94449        20
  101986     94617        20
  102007     94638        26
  102124     94755        21
  102152     94783        25
  102178     94809        28
  102233     94864        64
  102332     94956        27
  102526     95154        31
  102615     95238        26
  102643     95266        23
  103039     95621        29
  103131     95713        20
  103175     95757        26
  103228     95810        22
  103285     95867        34
  103320     95902        38
  103369     95951        38
  103420     96002        29
  103454     96036        31
  103568     96150        55
  104048     96610        20
  104069     96631        29
  104150     96712        35
  104195     96757        35
  104293     96855        27
  104348     96910        23
  104388     96950        28
  104417     96979        25
  104444     97006        32
  104607     97171        20
  104636     97200        20
  104689     65508        21
  104871     97389        20
  105152     97672        32
  105194     97714        59
  105269     97789        35
  105341     97861        23
  105365     97885        20
  105436     81071        32
  107182     99700        45
  107228     99746        29
  107424     99968        38
  107463    100007        33
  107499    100043        66
  107566    100110        44
  107611    100155        31
  107643    100187        40
  107715    100259       115
  107847    100391        38
  107888    100432       101
  107995    100539        37
  108033    100577       191
  108225    100769        24
  108250    100794       103
  108367    100911        31
  108420    100964       107
  108549    101093        60
  108610    101154        28
  108706    101250        67
  108774    101318       167
  108942    101486        22
  108971    101515        21
  109090    101634        22
  109248    101784        55
  109311    101847        23
  109367    101903        32
  109434    101970        23
  109653    102181        28
  109706    102234        24
  109787    102318        25
  109834    102367        21
  109898    102437        23
  110093    102641        37
  110131    102679        36
  110211    102758        49
  110334    102876        70
  110518    103060        20
  110560    103102        24
  110652    103193        44
  110731    103267        46
  110874    103412        33
  110910    103464        21
  110993    103561        28
  111029    103605        34
  111064    103640        27
  111150    103723        37
  111253    103832        41
  111299    103878        24
  111395    103979        35
  111507    104092        74
  111627    104211        20
  111712    104298        85
  111798    104384        20
  111819    104405        54
  111896    104482        38
  111935    104521        25
  111993    104579       104
  112114    104700        78
  112196    104781        77
  112302    104887        41
  112353    104938        25
  112379    104964        24
  112416    105001        26
  112443    105028        59
  112503    105088        29
  112540    105125        33
  112591    105176        43
  112664    105249        60
  112725    105310        42
  112768    105353        70
  112929    105513        37
  112968    105552        28
  112997    105581        20
  113018    105602        73
  113097    105681        67
  113165    105749        35
  113201    105785        20
  113235    105819       193
  113436    106020        20
  113461    106045        21
  113509    106093        24
  113534    106118        23
  113589    106173        69
  113669    106253       159
  113829    106413        54
  113891    106475        86
  113978    106562        67
  114046    106630        73
  114123    106707        29
  114253    106831        25
  114286    106865        57
  114349    106928        21
  114462    107044        21
  114623    107183        54
  114714    107274        24
  114945    107534        78
  115771    108243        62
  121707    110685        29
  122192    111209        21
  125628    114920        20
  125736    115028        23
  126446    115738        21
  128290    117875        39
  128357    117942        20
  128495    118080        26
  129182    118674        23
  129238    118730        23
  130658    120182        20
  132401    121752        22
  132473    121824        20
  132541    121892        20
  133632    122946        20
  134530    123792        67
  135258     93004        21
  137289    125059        20
  137418    125188        26
  137925    125695        32
  138162    125932        29
  140413    127787        62
  141223    128480        78
  141508    128794        24
  141569    128855        54
  141763    129027        21
  141876    129143        21
  141903    129170        57
  141968    129236        25
  142094    129356        29
  142127    129389        73
  142201    129463        67
  142269    129531        86
  142363    129625        54
  142418    129680       159
  142588    129850        69
  142689    129951        23
  142713    129975        24
  142764    130026        21
  142790    130052        20
  142818    130080       193
  143025    130287        20
  143046    130308        35
  143082    130344        67
  143155    130417        73
  143229    130491        20
  143250    130512        28
  143280    130542        37
  143408    130669        70
  143479    130740        42
  143522    130783        60
  143612    130873        43
  143673    130934        33
  143714    130975        29
  143744    131005        59
  143804    131065        26
  143843    131104        24
  143868    131129        25
  143903    131164        41
  143973    131234        77
  144054    131314        78
  144149    131409       104
  144286    131546        25
  144312    131572        38
  144373    131633        54
  144428    131688        20
  144449    131709        85
  144599    131861        20
  144665    131926        74
  144816    132078        35
  144923    132190        24
  144952    132219        41
  145059    132332        37
  145155    132425        27
  145183    132453        34
  145225    132503        28
  145315    132607        21
  145339    132647        33
  145469    132779        46
  145550    132855        44
  145662    132966        24
  145708    133012        20
  145842    133146        70
  145986    133285        49
  146079    133377        36
  146116    133414        37
  146325    133632        23
  146391    133704        21
  146434    133749        25
  146516    133834        24
  146565    133883        28
  146789    134099        23
  146847    134157        32
  146912    134222        23
  146943    134253        55
  147134    134436        22
  147254    134556        21
  147282    134584        22
  147305    134607       167
  147473    134775        67
  147608    134910        28
  147637    134939        60
  147719    135021       107
  147848    135150        31
  147893    135195       103
  147997    135299        24
  148022    135324       191
  148214    135516        37
  148257    135559       101
  148361    135663        38
  148416    135718       115
  148563    135865        40
  148604    135906        31
  148636    135938        44
  148681    135983        66
  148750    136052        33
  148784    136086        38
  148989    136317        29
  149019    136347        45
  150778    117754        32
  150861    138187        20
  150882    138208        23
  150942    138268        35
  150993    138319        59
  151062    138388        32
  151355    138683        20
  151590    138872        20
  151619    138901        20
  151770    139054        32
  151804    139088        25
  151830    139114        28
  151875    139159        23
  151926    139210        27
  152016    139300        35
  152061    139345        35
  152148    139432        29
  152178    139462        20
  152226     66803        21
  152515    139784        27
  152623    139887        55
  152761    140025        31
  152797    140061        29
  152839    140103        38
  152888    140152        38
  152927    140191        34
  152996    140260        22
  153045    140309        26
  153095    140359        20
  153178    140442        29
  153580    140803        23
  153605    140828        26
  153689    140907        31
  153887    141109        27
  153949    141164        64
  154040    141255        28
  154069    141284        25
  154101    141316        21
  154213    141428        26
  154240    141455        20
  154408    141623        20
  154607    141822        27
  154643    141858        21
  155443    142621        80
