> gi|514253043|gb|KC893634.1|
       1         1        80
      80        79        26
     217       216        24
     264       263        34
     302       301        36
     339       338       688
    1028      1027        51
    1080      1079       230
    1311      1310       133
    1445      1444        94
    1557      1556        24
    1582      1581        20
    1603      1602        88
    1692      1691        23
    1705      1712        87
    1793      1800        61
    1864      1871        25
    1877      1890        22
    1909      1916        27
    1955      1958        93
    2065      2068        53
    2119      2122        41
    2185      2188       133
    2319      2322        23
    2362      2365       107
    2470      2473        39
    2510      2513       290
    2815      2818        70
    2886      2889        27
    2934      2937       340
    3275      3278        26
    3302      3305       166
    3469      3472        57
    3532      3534        50
    3583      3585        62
    3652      3654        76
    3723      3724       217
    3941      3942        86
    4045      4045       277
    4318      4319        57
    4368      4368        38
    4407      4407        20
    4428      4428        37
    4482      4481        35
    4519      4511        30
    4557      4549        26
    4584      4576       107
    4692      4684        42
    4735      4727        36
    4760      4760        44
    4833      4836        53
    4887      4890        28
    4920      4907        30
    4943      4947        46
    4990      4994        52
    5060      5056        22
    5083      5079        83
    5168      5164        34
    5189      5183        27
    5201      5212        91
    5318      5329        32
    5351      5362        40
    5403      5414        43
    5462      5473        24
    5487      5498        35
    5523      5534        83
    5616      5627        55
    5672      5683        48
    5721      5732       217
    5947      5958       112
    6060      6071       238
    6299      6310        54
    6354      6365       341
    6696      6707       174
    6871      6882        81
    6976      6990        26
    7004      7018        25
    7039      7053        65
    7105      7119        31
    7137      7151        33
    7181      7194        82
    7382      7268        22
    7405      7291        93
    7499      7385        64
    7564      7450       192
    7757      7643       130
    7888      7774       162
    8051      7937       323
    8375      8261        20
    8396      8282       165
    8562      8448       576
    9139      9025        50
    9190      9076       218
    9410      9296        35
    9446      9332        32
    9479      9365       146
    9658      9536       184
    9843      9721        91
    9935      9813        41
    9977      9855        56
   10034      9912        46
   10081      9959        63
   10163     10041       110
   10274     10152        46
   10321     10199        92
   10414     10292        82
   10492     10351        32
   10525     10384        46
   10590     10454        34
   10622     10475        26
   10649     10502        48
   10694     10540       234
   10929     10775        95
   11048     10894        96
   11145     10991        22
   11163     11013       196
   11360     11210        49
   11410     11260       137
   11548     11398       191
   11740     11590        20
   11765     11615       247
   12013     11863       260
   12292     12142        68
   12361     12211        52
   12414     12264       145
   12576     12426        31
   12608     12458        82
   12696     12546        26
   12749     12599        20
   12776     12624        43
   12823     12667        22
   12846     12690        39
   12886     12730        51
   12961     12805        27
   12989     12833        49
   13045     12889        26
   13072     12916       128
   13201     13045        42
   13236     13077        54
   13307     13148        39
   13368     13208        34
   13408     13248        36
   13446     13285        85
   13540     13379        22
   13563     13402        35
   13604     13443       104
   13709     13548        93
   13820     13659        71
   13892     13731        29
   13922     13761       334
   14272     14111        31
   14304     14143        20
   14324     14169        45
   14370     14215        54
   14418     14264        55
   14464     14312        32
   14488     14342        73
   14562     14416        22
   14604     14458        87
   14692     14546        38
   14731     14585        44
   14780     14630        26
   14807     14657        54
   14880     14730       247
   15128     14978        76
   15200     15054       148
   15364     15218       323
   15688     15542        46
   15735     15589       202
   15938     15792        82
   16025     15874       242
   16269     16118        28
   16298     16147        56
   16346     16202        37
   16384     16240       620
   17005     16861        81
   17087     16943        28
   17138     16994        83
   17222     17078       177
   17400     17256       109
   17522     17378       198
   17721     17577        70
   17792     17648        54
   17847     17703        90
   17938     17794       197
   18136     17992        58
   18195     18051       133
   18329     18185        50
   18380     18234        23
   18457     18409        31
   18489     18441       121
   18611     18563        67
   18684     18638        20
   18705     18659        37
   18753     18697        97
   18875     18814      1515
   20391     20330       338
   20730     20669       257
   20988     20927        51
   21040     20979       163
   21204     21143       491
   21696     21635        91
   21788     21727       288
   22077     22016        76
   22154     22093       364
   22528     22467       191
   22735     22674       174
   22910     22849       640
   23554     23493        29
   23584     23523       205
   23804     23743        74
   23899     23838       201
   24101     24040        61
   24163     24102        80
   24244     24195       101
   24346     24297        67
   24414     24365        20
   24441     24388        95
   24564     24489        25
   24586     24512        30
   24615     24539        25
   24661     24585        27
   24709     24645        83
   24851     24787        79
   24931     24867        42
   24982     24918        23
   25017     24963        41
   25071     25017        77
   25149     25095       275
   25425     25371        67
   25493     25439        29
   25536     25482        24
   25551     25498        44
   25598     25545        82
   25681     25628       233
   25916     25862        56
   26013     25947        56
   26084     26018        41
   26126     26060       107
   26246     26180       179
   26441     26375       383
   26825     26759       663
   27489     27423        41
   27531     27465       578
   28110     28044       574
   28717     28651        22
   28785     28719        54
   28847     28786        42
   28890     28829        65
   28969     28908        46
   29051     28989        46
   29098     29036        71
   29182     29120        31
   29207     29139       148
   29356     29288        54
   29418     29350       129
   29548     29480        60
   29617     29549        55
   29692     29630        85
   29778     29716        76
   29873     29811        34
   29908     29846        38
   29947     29885        33
   29992     29942        21
   30014     29964        23
   30053     29999        49
   30103     30049        70
   30174     30120        43
   30245     30186        98
   30344     30285       100
   30436     30376        48
   30509     30449       228
   30738     30678       170
   30945     30883        45
   30991     30929        47
   31062     30997        93
   31179     31116        32
   31236     31165       140
   31369      9519        20
   31384     31305        39
   31445     31366        27
   31485     31404        74
   31560     31479        49
   31610     31529        22
   31633     31552        43
   31671     31595       151
   31823     31747        41
   31888     31813        51
   31928     31856        97
   32026     31954       109
   32167     32096       102
   32271     32200        24
   32306     32230        41
   32348     32272        39
   32405     32332        23
   32429     32356        39
   32475     32405        77
   32553     32483       142
   32696     32626        48
   32753     32683        21
   32769     32695        33
   32803     32729        99
   32929     32855        44
   32968     32893       103
   33079     33004        31
   33155     33079        22
   33178     33102        23
   33265     33190       118
   33415     33340        29
   33437     33368       178
   33616     33547       188
   33806     33737        31
   33861     33791        53
   33905     33842        55
   33961     33898        29
   33994     33935        84
   34105     34046        24
   34150     34144        62
   34224     34218        65
   34297     34296        25
   34362     34361        50
   34415     34414        36
   34442     34442        56
   34511     34511        51
   34563     34563        77
   34616     34637        53
   34670     34691        49
   34720     34741       120
   34841     34862        62
   34904     34925        39
   34944     34965        43
   34988     35009        27
   35016     35037       400
   35417     35438        26
   35444     35465        84
   35529     35550       421
   35951     35972       134
   36086     36107        98
   36185     36206       290
   36476     36497        37
   36521     36542        62
   36584     36605        90
   36675     36696       202
   36878     36899       490
   37369     37390       471
   37841     37862        23
   37865     37886       301
   38167     38188       261
   38429     38450       124
   38568     38589        50
   38655     38675        31
   38686     38738       140
   38827     38879        94
   38948     38993        22
   38987     39030        25
   39013     39056        42
   39056     39099        41
   39108     39155        90
   39193     39241       130
   39324     39372        25
   39350     39398        23
   39374     39422        32
   39407     39455       170
   39578     39626        23
   39602     39650       194
   39797     39845        89
   39887     39935        26
   39914     39962       125
   40040     40088       127
   40168     40216        39
   40208     40256       249
   40466     40514       311
   40778     40826        29
   40808     40856       114
   40946     40994       309
   41256     41304       149
   41425     41473       160
   41586     41634       293
   41880     41928       702
   42591     42639       114
   42706     42754       166
   42873     42921        44
   42918     42966        41
   42960     43008       203
   43164     43212        38
   43203     43251       154
   43358     43406        78
   43437     43485       144
   43582     43630       132
   43718     43766       175
   43894     43942        31
   43945     43993        71
   44017     44065        35
   44077     44125        91
   44169     44217        22
   44192     44240        40
   44233     44281        60
   44294     44342        93
   44388     44436       353
   44742     44790        47
   44790     44838        21
   44812     44860        25
   44838     44886       216
   45055     45103        22
   45092     45140        45
   45151     45199        43
   45195     45243       197
   45397     45445        33
   45434     45482       433
   45868     45916       251
   46120     46168        54
   46175     46223        85
   46265     46409        97
   46363     46507       251
   46624     46768       173
   46798     46942       307
   47106     47250       132
   47239     47383        21
   47433     47428        52
   47502     47490       108
   47644     47636        23
   47668     47660        57
   47726     47718        48
   47775     47767        72
   47849     47841        80
   47930     47922        43
   47986     47980        68
   48067     48061       243
   48311     48305       223
   48535     48529        89
   48660     48654        34
   48695     48689        84
   48768     48764        22
   48789     48787       336
   49126     49124        65
   49192     49190       142
   49336     49336        81
   49431     49431        71
   49494     49496        25
   49520     49522       263
   49784     49786        47
   49832     49834       161
   49998     50000       190
   50189     50191       134
   50324     50326        74
   50399     50401        44
   50444     50446       182
   50627     50629        32
   50660     50662       621
   51282     51284        49
   51332     51334        23
   51356     51358       447
   51804     51806        48
   51870     51872        31
   51894     51893       165
   52059     52059       103
   52198     52198        20
   52230     52230        35
   52264     52268       101
   52366     52370        80
   52447     52452        63
   52511     52516       104
   52627     52632        24
   52668     52673       104
   52773     52778        27
   52801     52806       142
   52944     52949        54
   52999     53004        62
   53070     53075        26
   53097     53102        25
   53138     53200        37
   53167     53230        45
   53225     53288        71
   53297     53359        77
   53405     53461        68
   53474     53530        58
   53553     53609        31
   53606     53657        39
   53646     53697       139
   53783     53833       120
   53904     53954       203
   54109     54162       120
   54230     54283        54
   54285     54338       126
   54387     54464        51
   54439     54516       271
   54704     54779       182
   54881     54955        24
   54906     54980        27
   54934     55008        52
   55041     55124        20
   55062     55145        42
   55142     55202        28
   55171     55231        35
   55206     55272        66
   55273     55339        57
   55331     55397        45
   55409     55469        24
   55442     55500        23
   55481     55540        25
   55527     55586        26
   55560     55619        49
   55610     55669        56
   55667     55726       118
   55789     55846       115
   55939     55996        48
   55988     56045        53
   56061     56118       187
   56249     56306        36
   56296     56353        47
   56345     56402        58
   56380     56460        27
   56420     56501        41
   56466     56547        58
   56525     56606       202
   56728     56809       111
   56840     56921        48
   56889     56970        54
   56929     57021        48
   56996     57088       127
   57124     57216        23
   57173     57267        21
   57195     57289        73
   57249     57360        48
   57312     57391        37
   57359     57438        38
   57541     57623        21
   57566     57693        29
   57596     57723        30
   57645     57772        32
   57678     57805        39
   57772     57905        41
   57854     57987        26
   57897     58018        28
   57926     58047       152
   58079     58200        45
   58125     58246       347
   58473     58594        83
   58557     58678        47
   58605     58726        74
   58680     58801       264
   58945     59074        20
   58957     59091        42
   59018     59160        44
   59093     59276       153
   59247     59430        29
   59281     59460        44
   59326     59505       142
   59480     59659        78
   59559     59738        24
   59584     59763        29
   59614     59793        98
   59713     59892        52
   59766     59945        24
   59791     59970       154
   59951     60130        56
   60023     60203        47
   60071     60251        32
   60104     60284        22
   60127     60307        28
   60184     60365        33
   60218     60399        60
   60302     60484       170
   60530     60712        35
   60566     60748       107
   60676     60858       103
   60780     60962       109
   60890     61072        53
   60944     61126        35
   60998     61180       135
   61176     61352       233
   61410     61586       105
   61516     61692       293
   61825     62001       199
   62025     62201       152
   62178     62354        88
   62267     62443        36
   62304     62480        34
   62339     62515        31
   62370     62531        30
   62412     62578        25
   62438     62604        72
   62524     62690       138
   62663     62829        23
   62687     62853        30
   62718     62884        31
   62750     62916        67
   62818     62984        31
   62850     63016        24
   62882     63048        46
   62942     63108        35
   62969     63134        36
   63006     63171        23
   63031     63195        43
   63090     63254       134
   63225     63389       594
   63820     63984       376
   64215     64379        49
   64265     64429       151
   64417     64581        23
   64442     64606        68
   64513     64675        21
   64535     64697        28
   64564     64726        41
   64618     64780       108
   64733     64895       114
   64848     65010        44
   64893     65055        34
   64928     65090        47
   64979     65141        21
   64999     65166        20
   65032     65199        72
   65105     65272       148
   65254     65421        48
   65309     65477       167
   65477     65645        41
   65519     65687        23
   65543     65711        21
   65565     65733        85
   65653     65821        82
   65736     65904        84
   65818     65980        36
   65855     66017       116
   65972     66134       121
   66094     66256        53
   66148     66310        59
   66207     66506       128
   66336     66635        87
   66412     66717        45
   66481     66792       162
   66644     66955        32
   66677     66988        59
   66742     67053       132
   66908     67198        33
   66942     67232       219
   67177     67467       176
   67371     67660        79
   67495     67784        28
   67524     67813        91
   67616     67905        25
   67642     67931        35
   67678     67967       379
   68074     68364        51
   68132     68426        25
   68158     68452        95
   68247     68546        35
   68283     68582       175
   68459     68758       135
   68587     68923        24
   68661     68993       175
   68827     69157        62
   68926     69251       330
   69257     69582        29
   69299     69624        37
   69336     69662        28
   69365     69691       113
   69499     69825        21
   69533     69847        21
   69565     69879       150
   69709     70021        71
   69794     70102        92
   69904     70211        84
   69989     70296       121
   70111     70418        62
   70174     70481        56
   70231     70538        94
   70345     70652        30
   70378     70685        44
   70423     70730        46
   70479     70785        55
   70535     70841       147
   70700     71006        25
   70726     71032       106
   70833     71139       148
   70982     71288       170
   71158     71464       111
   71303     71609       221
   71525     71831        53
   71582     71888       224
   71807     72113        68
   71894     72200       152
   72053     72359        33
   72087     72393        28
   72116     72422        92
   72224     72530       144
   72369     72675        73
   72443     72749        65
   72509     72815        40
   72550     72856       108
   72659     72965        28
   72720     73026        97
   72818     73124        71
   72890     73196       160
   73051     73357        71
   73123     73429        97
   73221     73527       209
   73440     73746       111
   73552     73858       282
   73835     74141        36
   73872     74178        63
   73936     74242       265
   74202     74508        40
   74255     74560        79
   74335     74640       156
   74492     74796       120
   74613     74917        48
   74662     74966        30
   74693     74997       127
   74821     75125       305
   75141     75445        69
   75211     75515        20
   75232     75536        27
   75260     75564       290
   75569     75874        76
   75646     75951        42
   75689     75994        27
   75717     76022       112
   75831     76136        35
   75867     76172        55
   75923     76228       148
   76078     76383        46
   76131     76435        50
   76193     76497        27
   76235     76535       198
   76434     76734        65
   76500     76800        83
   76593     76893       167
   76761     77061        35
   76797     77097        44
   76857     77158        75
   76933     77234        38
   76972     77273        31
   77010     77317        40
   77052     77359       108
   77161     77468       124
   77287     77594        62
   77350     77657       248
   77599     77906       140
   77740     78047        98
   77845     78152       280
   78125     78433       261
   78387     78695        98
   78486     78794       151
   78627     78940        24
   78682     78996        25
   78708     79022        20
   78733     79047        24
   78760     79092        25
   78790     79120        22
   78835     79164        23
   78859     79188       163
   79023     79352        65
   79089     79418        48
   79138     79467       114
   79256     79585        50
   79307     79636        83
   79401     79728       188
   79608     79935        32
   79641     79968        80
   79722     80049       168
   79891     80218        36
   79964     80283        73
   80047     80366        43
   80091     80410        26
   80137     80456       152
   80290     80609        53
   80344     80663       468
   80813     81132       309
   81156     81469        27
   81184     81497        28
   81231     81544        41
   81284     81597       108
   81393     81706        24
   81418     81731        33
   81469     81785        37
   81490     81822        95
   81586     81918        20
   81607     81939        68
   81694     82026        27
   81739     82072        72
   81827     82160        51
   81879     82212       114
   81994     82327        95
   82090     82423        47
   82138     82471        20
   82159     82492       104
   82298     82631        22
   82312     82646        81
   82394     82728        41
   82436     82770        98
   82535     82869        77
   82613     82947       110
   82724     83058       133
   82887     83218        94
   82982     83313        88
   83078     83415        27
   83135     83478        50
   83207     83551        28
   83274     83636        32
   83322     83684        21
   83344     83706        31
   83376     83738       208
   83585     83947       698
   84263     84639       901
   85165     85541       265
   85431     85807      1042
   86494     86870       982
   87477     87853        62
   87540     87916       351
   87892     88268        37
   87930     88306      1027
   88965     89341       736
   89702     90078       922
   90625     91001       829
   91455     91831        78
   91534     91910       753
   92288     92664       190
   92479     92855       540
   93008     93380        60
   93069     93441       154
   93224     93596       388
   93613     93985        75
   93677     94050       112
   93790     94163       775
   94566     94939       374
   94939     95317        56
   95012     95390       966
   95979     96357       243
   96223     96601       114
   96338     96716       182
   96521     96899       699
   97221     97599        83
   97297     97677       213
   97511     97891       449
   97961     98341       248
   98210     98590       124
   98345     98724        92
   98451     98830       106
   98558     98937       181
   98740     99119       397
   99138     99517       251
   99390     99769        37
   99428     99807        92
   99521     99900        66
   99588     99967       354
   99943    100322      2235
  102179    102558       209
  102389    102768       238
  102628    103007       811
  103587    103827       108
  103696    103936       106
  103803    104043       363
  104167    104407       994
  105162    105402       439
  105602    105842      2076
  107679    107919        50
  107729    107973       346
  108076    108320       235
  108312    108556       519
  108832    109076       175
  109008    109252        53
  109062    109306        54
  109117    109361        70
  109188    109432        23
  109264    109508        38
  109304    109548        23
  109328    109572        45
  109392    109636        52
  109457    109701        24
  109482    109726        20
  109512    109756        29
  109545    109789        23
  109584    109828        35
  109620    109864        56
  109681    109925        57
  109739    109983        48
  109808    110052       117
  109953    110197        72
  110032    110276        36
  110083    110327        23
  110107    110351        24
  110134    110378        39
  110182    110426        42
  110225    110469        46
  110272    110516        32
  110311    110555       195
  110507    110751        33
  110541    110785       132
  110685    110929        23
  110709    110953        65
  110775    111019        26
  110808    111052        21
  110830    111074        25
  110894    111138        45
  110940    111184       139
  111080    111324       180
  111261    111505       130
  111405    111649        26
  111432    111676       110
  111543    111787        21
  111565    111809        40
  111606    111850        20
  111627    111871       157
  111785    112029        30
  111829    112073        49
  111879    112123        32
  111929    112173        25
  111955    112199        55
  112011    112255        51
  112065    112309        69
  112135    112379        52
  112188    112432        38
  112245    112489        29
  112304    112548        58
  112363    112607        22
  112416    112660        96
  112513    112757       114
  112644    112888        26
  112671    112915        38
  112710    112954        25
  112745    112989        61
  112815    113059        67
  112883    113127       113
  112997    113241        28
  113067    113311       113
  113181    113425        62
  113244    113488        95
  113340    113584        82
  113423    113667        24
  113460    113704       210
  113671    113915        21
  113693    113937        21
  113715    113959        56
  113772    114016        34
  113830    114074        65
  113896    114140        97
  113994    114238        27
  114038    114282       103
  114142    114386        36
  114179    114423       163
  114362    114615        45
  114419    114681        77
  114497    114759        26
  114535    114797        78
  114614    114876        31
  114646    114908        49
  114696    114958       116
  114813    115075        76
  114890    115152       209
  115118    115380        65
  115184    115446        77
  115262    115524        35
  115298    115560        50
  115349    115611       140
  115490    115752       203
  115694    115956       110
  115805    116067       285
  116091    116353       517
  116639    116901        21
  116689    116940        63
  116753    117004        33
  116793    117044        63
  116869    117111        20
  116890    117132        68
  116959    117201        80
  117040    117282        52
  117094    117336        32
  117127    117369        92
  117220    117462       104
  117331    117575        33
  117366    117610       103
  117461    117713        31
  117493    117745        31
  117525    117777        43
  117621    117873        65
  117687    117939        45
  117733    117985        80
  117814    118066       208
  118023    118275        80
  118119    118371        66
  118186    118438        55
  118242    118494       132
  118384    118636        31
  118416    118668        25
  118442    118694       105
  118548    118800       268
  118817    119069        85
  118903    119155        21
  118944    119196        75
  119011    119261        21
  119033    119283        29
  119063    119313        34
  119146    119396       154
  119301    119551        25
  119327    119577       134
  119462    119712        20
  119502    119752        59
  119573    119823        86
  119660    119910        83
  119744    119994        87
  119848    120101        71
  119947    120200       231
  120194    120447       126
  120313    120567        38
  120372    120626        69
  120458    120712        48
  120507    120761        73
  120585    120839       139
  120725    120979       166
  120927    121175       130
  121058    121306        35
  121094    121342        39
  121134    121382        73
  121208    121456        35
  121244    121492       218
  121463    121711        36
  121524    121772       172
  121697    121945        50
  121752    122000        93
  121846    122094        87
  121934    122182       227
  122162    122410        39
  122202    122450        35
  122238    122486        61
  122300    122548       166
  122467    122715        23
  122510    122761        42
  122586    122837        31
  122616    122880        36
  122701    122960       175
  122877    123136       204
  123090    123349        71
  123168    123427       212
  123381    123640        28
  123411    123670       173
  123585    123844       344
  123930    124189       124
  124056    124315        37
  124124    124352       188
  124324    124552        79
  124427    124655        37
  124466    124694        41
  124508    124736        40
  124564    124781        42
  124607    124824        62
  124669    124887       213
  124900    125118        39
  124942    125160       209
  125152    125370        86
  125239    125457       147
  125402    125620        20
  125423    125641       143
  125567    125785        36
  125604    125822       249
  125854    126072        89
  125944    126162        88
  126033    126251       111
  126145    126363        44
  126194    126412        49
  126244    126462       101
  126351    126569       126
  126478    126696        42
  126532    126750        26
  126569    126787       112
  126682    126900        41
  126746    126964       125
  126873    127091        21
  126895    127113        23
  126919    127137       111
  127031    127249        53
  127085    127303       175
  127261    127479       519
  127781    127999       235
  128017    128235       346
  128363    128585        50
  128414    128636      1805
  130240    130462       250
  130491    130713       439
  130931    131153       994
  131926    132148       363
  132290    132512       106
  132397    132619       108
  132653    132736       811
  133465    133548       238
  133704    133787       209
  133914    133997      2235
  136150    136233       354
  136505    136588        66
  136572    136655        92
  136665    136748        37
  136703    136786       251
  136955    137038       397
  137353    137436       181
  137535    137618       106
  137655    137738        92
  137758    137840       124
  137883    137965       248
  138132    138214       449
  138582    138664       213
  138788    138872        83
  138872    138956       699
  139572    139656       182
  139755    139839       114
  139870    139954       243
  140114    140198       966
  141097    141181        56
  141152    141241       374
  141527    141616       775
  142303    142392       112
  142404    142494        75
  142480    142570       388
  142869    142959       154
  143024    143114        60
  143073    143159       540
  143614    143700       190
  143805    143891       753
  144559    144645        78
  144638    144724       829
  145468    145554       922
  146391    146477       736
  147135    147221      1027
  148163    148249        37
  148201    148287       351
  148553    148639        62
  148616    148702       982
  149619    149705      1042
  150662    150748       265
  150928    151014       792
  151731    151817        98
  151809    151909       698
