> gi|50659959|gb|AY660566.1|
      17     66156        33
      57     66196        21
     366     66497        20
     387     66518        20
     714     66845        35
    1188     67319        23
    1643     67854        23
    4234     70336        38
    5403     32611        23
    5568     32776        35
    6072     33280        29
    6153     33361        26
    6204     33412        22
    6420     33628        21
    6684     33892        22
    7726     34820        24
    7961     35055        32
    8081     35175        23
    8237     35331        26
    8702     35796        26
    8762     35856        29
    8792     35886        23
    9545     36640        32
    9593     36688        27
   10102     37137        23
   11069     37974        25
   11284     38186        20
   11479     38381        20
   11524     38426        20
   13089     39857        24
   14020     41852        21
   14921     42363        27
   14949     42391        26
   15421     42909        24
   16069     43753        25
   16431     44481        21
   16515     44565        29
   16899     44959        26
   17424     45471        20
   17445     45492        26
   19187     46999        24
   19626     47438        23
   20157     47969        20
   21024     48836        20
   21294     49106        22
   21378     49190        30
   21409     49221        27
   21508     49320        26
   21535     49347        23
   21859     49671        22
   22324     50136        20
   22373     50185        25
   22498     50310        20
   22546     50358        44
   22786     50598        20
   22810     50622        21
   22826     48423        20
   23116     50928        26
   24288     52165        43
   25804     53207        21
   25837     53238        31
   26309     53736        20
   27190     54617        20
   27407     54834        30
   27765     55192        29
   27795     55222        20
   27870     55297        32
   27930     55357        32
   27972     55399        22
   28149     55576        23
   28185     55612        22
   30762     58717        24
   30801     58754        24
   31333     59120        20
   52282     52338        27
   65381    116434        20
   93402     99566        21
   93447     99611        24
   94449    101031        29
   94638    101217        26
   94803    101382        26
   94868    101447        23
   95911    102478        29
   96772    103258        20
   96950    103436        28
   97672    104197        31
   97825    104350        35
   99704    106697        41
   99746    106739        29
  100007    106989        33
  100043    107025        23
  100124    107114        30
  100155    107145        24
  100198    107189        29
  100243    107234        89
  100333    107324        20
  100432    107423        99
  100539    107530       130
  100670    107661        30
  100701    107692        65
  100813    107804        24
  100838    107829        72
  100911    107902        31
  100970    107961       101
  101094    108085        47
  101154    108145        28
  101250    108241        67
  101322    108313        63
  101386    108377        87
  101621    108631        26
  101783    108817        52
  102184    109233        25
  102528    109569        21
  102645    109679        33
  102679    109713        30
  102766    109799        41
  102908    109947        20
  102954    109993        20
  103193    110233        23
  103290    110331        23
  103640    110641        20
  103716    110728        37
  103911    111897        20
  103939    111925        39
  103979    111965        23
  104092    112077        29
  104122    112107        44
  104168    112153        34
  104258    112241        27
  104298    112282        21
  104321    112305        32
  104354    112338        29
  104422    112406        30
  104453    112437        21
  104484    112468        36
  104547    112531        30
  104579    112563       104
  104684    112668        37
  104722    112706        56
  104782    112767        32
  104815    112800        40
  104900    112891        28
  104938    112929        36
  105008    112999        51
  105096    113087        21
  105125    113116        33
  105182    113173        37
  105249    113240        49
  105319    113310        33
  105353    113344        29
  105393    113384        29
  105444    113440        20
  105524    113520        23
  105550    113546        30
  105581    113577        20
  105602    113598        68
  105701    113703        83
  105785    113787        32
  105819    113821       125
  105945    113947        67
  106020    114022        20
  106118    114120        25
  106172    114174        65
  106254    114256        90
  106345    114347        67
  106413    114415        54
  106475    114477        27
  106503    114505        58
  106562    114564        61
  106630    114632        73
  106714    114716        22
  106891    114892        30
  107183    115199        42
  107534    115532        21
  107556    115554        58
  108260    116460        42
  115046    128321        22
  115895    129170        21
  116170    129448        23
  117754     45205        20
  117843    130734        20
  117873    130764        25
  117933    130824        29
  118029    130920        23
  120656    133517        26
  123817    136817        26
  125150    139395        20
  125518    139763        20
  125932    140177        24
  127790    141961        42
  128478    142851        58
  128537    142910        21
  128867    143222        42
  129171    143541        30
  129356    143725        22
  129389    143758        73
  129469    143838        61
  129531    143900        58
  129590    143959        27
  129625    143994        54
  129680    144049        67
  129748    144117        90
  129855    144224        65
  129949    144318        25
  130052    144421        20
  130080    144449        67
  130148    144517       125
  130275    144644        32
  130308    144677        83
  130422    144797        68
  130491    144866        20
  130512    144887        30
  130545    144920        23
  130628    145003        20
  130670    145050        29
  130710    145090        29
  130740    145120        33
  130794    145174        49
  130873    145253        37
  130934    145314        33
  130975    145355        21
  131033    145413        51
  131118    145498        36
  131164    145544        28
  131237    145623        40
  131278    145664        32
  131314    145701        56
  131371    145758        37
  131409    145796       104
  131515    145902        30
  131572    145959        36
  131618    146005        21
  131640    146027        30
  131709    146096        29
  131739    146126        32
  131773    146160        21
  131807    146195        27
  131890    146276        34
  131926    146312        44
  131971    146357        29
  132090    146475        23
  132114    146499        39
  132161    146546        20
  132339    147698        37
  132432    147802        20
  132779    148109        23
  132876    148207        23
  133118    148450        20
  133164    148496        20
  133285    148623        41
  133383    148720        30
  133414    148751        33
  133543    148873        21
  133883    149205        25
  134257    149594        52
  134445    149806        26
  134619    149999        87
  134707    150087        63
  134775    150155        67
  134910    150290        28
  134951    150331        47
  135021    150401       101
  135150    150530        31
  135182    150562        72
  135255    150635        24
  135326    150706        65
  135392    150772        30
  135423    150803       130
  135561    150941        99
  135739    151119        20
  135760    151140        89
  135865    151245        29
  135913    151294        24
  135938    151319        30
  136026    151415        23
  136052    151441        33
  136317    151695        29
  136347    151725        41
  138232    154078        35
  138389    154235        31
  150048        53        26
  150710       483        20
  151239      1035        31
  151908      1669        21
  152015      1776        28
  152283      2044        20
