> gi|318084716|gb|HQ325745.1|
       1         1        49
      51        51        28
     363       481        23
     387       505        20
     408       526        62
     528       646        59
     588       706        44
     660       778        56
     717       835        56
     891      1009        20
     918      1036        29
     972      1090        20
    1002      1120        25
    1053      1171        20
    1095      1213        20
    1116      1234        29
    1158      1276        23
    1182      1300        29
    1224      1342        32
    1263      1381        23
    1311      1429        38
    1350      1468        41
    1450      1567        35
    1637      1811        38
    1711      1900        51
    3570      3715        20
    3735      3889        26
    4234      4387        22
   13123     55467        20
   16055      8184        29
   48180    156606        20
   51894     48581        21
   51928     37943        20
   53760     47441        29
   57796     61330        20
   57959     61511        23
   58182     61716        21
   58228     61762        20
   58251     61785        21
   58275     61809        30
   58379     61913        20
   58480     62014        25
   58608     62142        47
   58746     62280        23
   58854     62388        23
   59201     63310        42
   59713     64114        20
   60694     65561        20
   60779     65646        22
   60904     65771        27
   61000     65867        20
   61021     65888        20
   61132     65999        20
   61508     66423        20
   61541     66456        47
   61596     66511        20
   61617     66532        25
   61733     66648        23
   61796     66711        22
   61819     66734        27
   61988     66903        26
   62072     66987        26
   62141     67056        29
   62286     67201        20
   63217     68360        26
   63274     68417        51
   63354     68493        38
   63496     68619        77
   63608     68735        41
   63674     68801        26
   63701     68828        20
   63741     68868        28
   63784     68911        51
   63947     69074        51
   64125     69242        34
   64864     69917        28
   64922     69975        34
   65123     70199        23
   65163     70240        31
   65210     70287        20
   65452     70524        32
   65501     70573        30
   65756     70778        76
   66100     71215        31
   66177     71292        20
   66834     71913        26
   66874     71953        22
   67242     72424        52
   67317     72499        43
   67406     72588        38
   67933     73053        21
   67978     73098        42
   68041     73161        23
   68125     73245        24
   68201     73315        20
   68223     73336        21
   68436     73560        23
   69347     74449        25
   69395     74497        26
   69422     74524        26
   70288     75267        21
   70373     75352        28
   70526     75505        32
   71137     76302        20
   71579     76730        20
   71691     76863        29
   71751     76922        20
   71796     76967        23
   71829     77000        20
   71850     77021        20
   71934     77105        29
   72000     77171        53
   72126     77297        26
   72153     77324        23
   72198     77369        32
   72300     77471        29
   72339     77510        20
   72471     77642        23
   72501     77672        26
   72537     77708        35
   72573     77744        29
   72636     77807        23
   72660     77831        23
   72792     77963        65
   72909     78080        41
   72984     78155        21
   73006     78177        52
   73059     78230        44
   73137     78308        23
   73212     78383        40
   73405     78586        20
   73434     78615        33
   73483     78664        21
   73687     78869        26
   73719     78901        22
   73805     78978        20
   73873     79046        39
   74007     79180        28
   74060     79233        21
   74177     79341        39
   74303     79462        27
   74525     79702        21
   74648     79822        21
   74960     80128        31
   75003     80175        42
   75166     80338        20
   75208     80380        20
   75229     80401        38
   75268     80440        44
   75337     80509        38
   75439     80611        26
   75592     80764        29
   75627     80799        37
   75721     80901        28
   75755     80938        26
   75850     81034        35
   76002     81178        29
   76221     81405        20
   76524     81736        25
   76594     81806        24
   76619     81831        23
   76652     81864        20
   76691     81903        32
   76745     81957        20
   76778     81990        41
   76838     82050        23
   76934     82146        20
   77018     82230        20
   77045     82257        28
   77434     82583        35
   77488     82637        22
   77573     82716        20
   77622     82765        23
   77673     82816        29
   77761     82904        21
   77784     82927        20
   77904     83047        26
   78014     83157        39
   78186     83329        41
   78241     83384        22
   78290     83439        23
   78380     83525        22
   78447     83592        30
   78695     83840        20
   79116     84082        25
   79187     84153        29
   79784     84728        20
   80096     85040        21
   80166    103942        20
   80392     85202        20
   80413     85223        50
   80473     85283        41
   80571     85381        30
   80892     85712        21
   80934     85754        20
   81000     85820        23
   81147     85967        23
   81183     86003        23
   81240     86060        34
   81324    103566        42
   81737     86500        24
   82432     87236        27
   82696     87500        29
   82745     87549        20
   83146     87950        20
   83219     88023        23
   83243     88047        23
   83523     88865        21
   83622     88641        27
   83776     88795        38
   83866     88885        29
   83968     88991        29
   83998     89021        33
   84043     89066        26
   84070     89093        23
   84121     89144        50
   84220     89243        65
   84313     89336        24
   84343     89366        23
   84367     89390        47
   84425     89452        24
   84450     89477        50
   84601     89615        42
   84644     89658        35
   84680     89694        24
   84721     89735        31
   84777     89791        56
   84866     89872        51
   84918     89924        95
   85014     90020        21
   85064     90070       114
   85194     90200        53
   85248     90254        31
   85290     90296        52
   85343     90349        27
   85371     90377        34
   85425     90431        31
   85458     90464        57
   85522     90528        49
   85572     90578        31
   85623     90629        29
   85660     90666        46
   85738     90744        27
   85796     90798        20
   85840     90842        21
   85862     90864        29
   85892     90894        27
   86217     90940        99
   86317     91040        37
   86395     91119        56
   86466     91190        35
   86537     91261        20
   86558     91282        71
   86641     91365        20
   86662     91386        20
   86723     91447        27
   86778     91502        28
   86807     91531        42
   86850     91574        25
   86876     91600        24
   86921     91645        23
   86962     91686        30
   86993     91717        52
   87046     91770        24
   87079     91803        20
   87100     91824        20
   87121     91845        26
   87148     91872        40
   87189     91913        35
   87267     91991        41
   87320     92044        49
   87370     92094        28
   87403     92127        25
   87433     92154        32
   87487     92208        26
   87514     92235        23
   87569     92290        30
   87635     92356        61
   87696     92414        33
   87759     92477        23
   87810     92528        22
   87833     92551        29
   88116     92834        41
   88161     92879        23
   88196     92914        36
   88233     92951        58
   88355     93073        28
   88423     93141        25
   88517     93235        32
   88550     93268        41
   88597     93315        28
   88628     93364        26
   88655     93391        29
   88702     93438        20
   88723     93459        44
   88780     93516        71
   88882     93618        29
   88914     93650        30
   88945     93681        33
   88979     93715        25
   89020     93756        28
   89092     93825        33
   89146     93879        24
   89230     93963        39
   89270     94003        46
   89317     94050        25
   89351     94078        24
   89376     94103        50
   89428     94155        40
   89471     94198        53
   89525     94252        64
   89609     94336        20
   89711     94444        25
   89785     94518        52
   89838     94571        31
   89886     94619        87
   90021     94754        20
   90071     94804        22
   90109     94842        26
   90136     94869        47
   90184     94917        38
   90246    154331        26
   90266     94999        25
   90291     95003        22
   90322     95034        32
   90382     95094        22
   90422     95134        22
   90445     95157        44
   90495     95207        33
   90529     95241       144
   90688     95400        27
   90716     95428        44
   90781     95508        24
   90807     95534        31
   90924     95651        48
   90976     95703        54
   91049     95776        32
   91082     95809        48
   91138     95865        26
   91219     95946        20
   91245     95972        31
   91287     96011        33
   91337     96061        72
   91422     96161        26
   91488     96254        28
   91540     96306        24
   91577     96343        40
   91621     96387        21
   91643     96409        22
   91686     96452        66
   91771     96537        20
   91799     96565        31
   91831     96597        52
   91884     96650        23
   91926     96692        47
   92016     96782        24
   92047     96813        57
   92106     96872        25
   92135     96901        38
   92179     96945        32
   92224     96990        26
   92251     97017        56
   92308     97074        20
   92351     97117        58
   92440     97206        29
   92545     97311        22
   92584     97356        20
   92632     97404        35
   92677     97449        27
   92718     97490        22
   92744     97516        22
   92780     97552        20
   92801     97573        25
   92827     97599        32
   92863     97635        35
   92899     97671        20
   92956     97728        22
   92979     97751        20
   93000     97772        30
   93069     97841        20
   93083     97861        27
   93127     97905        28
   93160     97938        50
   93217     98344        55
   93301     98413        32
   93619     98930        26
   93651     98962       164
   93841     99152        37
   93968     99279        21
   94097     99409        47
   94178     99490        34
   94253     99565        23
   94277     99589        33
   94318     99631        30
   94344     99673        25
   94378     99707        53
   94432     99761        31
   94489     99818        46
   94536     99865        45
   94593     99922        30
   94624     99953        40
   94711    100040        54
   94766    100095        31
   94798    100127        32
   94831    100160        71
   94903    100232        26
   94930    100259        89
   95020    100349        26
   95047    100376       144
   95221    100558        20
   95271    100602        53
   95386    100711        40
   95427    100752        30
   95476    100801       122
   95635    100960        31
   95692    101018        55
   95771    101097        92
   95875    101201        40
   95916    101242       151
   96097    101423        31
   96129    101455        37
   96185    101511       114
   96300    101626        77
   96392    101718        27
   96420    101746        69
   96490    101816        28
   96519    101845        35
   96555    101881        39
   96588    101916        22
   96731    102059        20
   96756    102083        28
   96853    102199        93
   96947    102293        74
   97022    102368        49
   97100    102446        97
   97199    102545       104
   97304    102650        23
   97328    102674        20
   97369    102714        37
   97407    102752        86
   97520    102865        25
   97570    102915        63
   97644    102994        27
   97689    103039        42
   97755    103105        20
   97808    103158        30
   97839    103189        32
   97879    103229        27
   97908    103258       121
   98039    103389        33
   98126    103476        23
   98150    103500        20
   98174    103524        68
   98249    103599        20
   98356    103701        33
   98516    103857        21
   98745    104128        25
   98886    104266        42
   98929    104309        32
   99005    104385        29
   99151    104674        31
   99206    104729        26
   99498    105038        27
   99556    105095        32
   99620    105152        26
   99676    105200        20
   99787    105312        43
   99841    105366        21
   99928    105453        25
   99963    105492        47
  100011    105540        35
  100085    105616        26
  100127    105661        27
  100170    105704        25
  100213    105747        40
  100254    105788        51
  100308    105842        66
  100375    105909       259
  100656    106190        38
  100695    106229        43
  100739    106273        64
  100804    106338       254
  101059    106593       277
  101342    106876       117
  101460    106994        54
  101515    107049       260
  101780    107314        34
  101882    107416        39
  101978    107503        30
  102009    107534        21
  102031    107557        73
  102105    107631        30
  102149    107675        60
  102210    107736        24
  102235    107761        57
  102315    107841        35
  102384    107910        25
  102429    107958        50
  102499    108028        27
  102519    108050        21
  102555    108086        27
  102583    108114        25
  102626    108155        26
  102663    108187        22
  102702    108226        41
  102744    108268        36
  102780    108301        33
  102905    108433        38
  102944    108472        75
  103020    108548        64
  103110    108638        24
  103141    108668        64
  103206    108733        72
  103279    108806        45
  103360    108887        48
  103458    108985        55
  103542    109069        55
  103598    109125        38
  103673    109200        39
  103794    109307       110
  103905    109418        55
  103961    109475        78
  104068    109581        20
  104097    109609        41
  104139    109656        31
  104166    109705        26
  104204    109743        85
  104300    109838        33
  104357    109895        22
  104380    109918        51
  104432    109970        35
  104476    110014        20
  104526    110062       122
  104649    110185        37
  104687    110223        52
  104747    110282        64
  104812    110347        31
  104844    110379       199
  105044    110579        95
  105146    110681       119
  105266    110801       123
  105390    110925        26
  105443    110978        41
  105505    111040        69
  105575    111110        42
  105618    111153        90
  105738    111273        20
  105779    111314        36
  105816    111351        50
  105867    111402       216
  106084    111619        31
  106127    111662        79
  106207    111742        39
  106247    111782        37
  106285    111820        42
  106358    111893        50
  106425    111960        82
  106508    112043       386
  106895    112430        76
  106972    112507        65
  107074    112609        47
  107130    112664        84
  107215    112749        22
  107245    112779        28
  107250    112816        37
  107329    112895        25
  107404    112972        51
  107456    113024        57
  107539    113107        53
  107592    113159        53
  107664    113227        43
  107796    113365        87
  107899    113467        33
  108105    113680        24
  108317    113896        22
  108340    113919        27
  108368    113947        36
  108428    114002        30
  108496    114074        51
  108548    114126        24
  108580    114158        28
  108624    114202        20
  108661    114239        36
  108698    114276        25
  108995    114528        32
  109095    114637        25
  109964    115668        27
  109992    115696        21
  110707    116324        20
  111013    116627        20
  111670    117275        25
  112014    115393        20
  113399    119289        20
  114181    120023        26
  114208    120050        20
  114704    120517        21
  114804    120617        23
  115110    120922        48
  115212    121024        29
  115242    121054        41
  115326    121138        23
  115434    121246        29
  115473    121285        27
  115527    121339        22
  115633    121445        52
  115830    121642        20
  116118    121930        26
  116151    121963        29
  116181    121993        23
  116253    122065        22
  116690    122502        22
  116716    122528        23
  116755    122567        44
  116806    122618        24
  117389    123051        24
  118009    145740        39
  118099    123717        21
  118124    123742        41
  118214    123832        20
  118280    123898        23
  118337    123955        26
  118550    124168        32
  118583    124201        20
  118756    124379        25
  118807    124430        33
  118873    124496        50
  118930    124553        24
  119011    124634        20
  119033    124656        34
  119107    124730        33
  119455    125225        29
  119533    125303        21
  119849    125619        23
  119907    125677        25
  119938    125708        21
  119974    125744        28
  120226    126005        26
  120264    126043        30
  120334    126113        32
  120388    126167        23
  120433    126212        26
  120665    126416        22
  120883    126614        26
  120919    126650        20
  121040    126771        31
  121072    126803        22
  121222    126948        26
  121623    127349        25
  121652    127378        24
  121790    127516        23
  121847    127573        20
  121871    127597        26
  121979    127705        26
  122120    127846        20
  122213    127939        23
  122399    128125        26
  122429    128155        24
  122489    128215        31
  122533    128259        27
  122735     37942        20
  122986    128766        23
  123173    128953        23
  123520    129279        27
  123583    129342        27
  123611    129370        21
  123725    129487        23
  123914    129679        20
  124046    129832        56
  124462    131097        20
  124999    132456        26
  125265    132722        20
  125341    132798        26
  125384    132841        21
  125712    133169        21
  125799    133256        20
  125965    133422        22
  125997    133454        44
  126312    133769        30
  126721    134139        22
  126969    134387        29
  127894    135044        25
  127920    135070        36
  127973    135123        20
  128009    135159        28
  128045    135195        24
  128070    135220        51
  128159    135313        30
  128213    135362        36
  128250    135399        27
  128278    135427        22
  128488    135641        24
  128685    135845        33
  128734    135893        87
  128910    136075        43
  128972    136133        53
  129025    136185        53
  129104    136264        57
  129162    136322        51
  129263    136425        25
  129330    136492        37
  129344    136538        28
  129380    136574        22
  129403    136597        84
  129496    136689        47
  129580    136773        65
  129646    136839        76
  129723    136916       386
  130110    137303        82
  130209    137402        50
  130290    137483        42
  130333    137526        37
  130371    137564        39
  130411    137604       122
  130534    137727       216
  130751    137944        50
  130802    137995        36
  130859    138052        20
  130909    138102        90
  131000    138193        42
  131043    138236        69
  131133    138326        41
  131201    138394        26
  131228    138421       123
  131352    138545       119
  131478    138671        95
  131574    138767       199
  131774    138967        31
  131806    138999        64
  131878    139070        52
  131931    139123        37
  131969    139161       122
  132121    139311        20
  132150    139340        35
  132186    139376        51
  132238    139428        22
  132284    139474        33
  132328    139517        85
  132425    139614        26
  132447    139658        31
  132479    139695        41
  132529    139744        20
  132578    139792        78
  132657    139872        55
  132713    139928       110
  132905    140106        39
  132981    140182        38
  133020    140221        55
  133104    140305        55
  133209    140410        48
  133293    140494        45
  133339    140540        72
  133412    140613        64
  133483    140683        24
  133533    140733        64
  133598    140798        75
  133674    140874        38
  133804    141011        33
  133837    141041        36
  133874    141078        41
  133932    141136        22
  133965    141164        26
  134009    141206        25
  134035    141232        27
  134077    141274        21
  134091    141290        27
  134138    141337        50
  134208    141410        25
  134267    141469        35
  134325    141527        57
  134383    141585        24
  134408    141610        60
  134482    141684        30
  134513    141715        73
  134587    141790        21
  134609    141812        30
  134696    141890        39
  134803    141997        34
  134842    142036       260
  135103    142297        54
  135158    142352       117
  135281    142475       277
  135559    142753       254
  135814    143008        64
  135879    143073        43
  135923    143117        38
  135983    143177       259
  136243    143437        66
  136312    143506        51
  136364    143558        40
  136422    143616        25
  136463    143657        27
  136506    143703        26
  136571    143770        35
  136607    143806        47
  136664    143867        25
  136755    143958        21
  136787    143990        43
  136921    144125        20
  136971    144167        26
  137029    144218        32
  137092    144280        27
  137385    144590        26
  137435    144640        31
  137583    144931        29
  137656    145004        32
  137689    145037        42
  137847    145192        25
  138080    145467        21
  138228    145611        33
  138348    145726        20
  138375    145753        68
  138447    145825        20
  138468    145846        23
  138545    145923        33
  138588    145966       121
  138711    146089        27
  138746    146124        32
  138779    146157        30
  138842    146220        20
  138886    146264        42
  138946    146324        27
  138984    146367        63
  139072    146455        25
  139124    146507        86
  139211    146594        37
  139269    146651        20
  139290    146672        23
  139314    146696       104
  139420    146802        97
  139546    146928        49
  139596    146978        74
  139671    147053        93
  139833    147234        28
  139866    147266        20
  140007    147407        22
  140023    147425        39
  140063    147465        35
  140099    147501        28
  140128    147530        69
  140198    147600        27
  140240    147642        77
  140318    147720       114
  140451    147853        37
  140489    147891        31
  140550    147952       151
  140702    148104        40
  140754    148156        92
  140870    148272        55
  140951    148354        31
  141019    148422       122
  141160    148563        30
  141191    148594        40
  141293    148690        53
  141376    148767        20
  141426    148825       144
  141571    148970        26
  141598    148997        89
  141688    149087        26
  141715    149114        71
  141787    149186        32
  141820    149219        31
  141852    149251        54
  141953    149352        40
  141994    149393        30
  142036    149435        45
  142082    149481        46
  142154    149553        31
  142186    149585        53
  142248    149647        25
  142269    149684        30
  142307    149723        33
  142341    149757        23
  142405    149821        34
  142473    149889        47
  142628    150045        21
  142739    150156        37
  142802    150219       164
  142972    150389        26
  143284    150900        32
  143345    150946        55
  143407    151357        50
  143462    151412        28
  143507    151457        27
  143528    151484        20
  143587    151543        30
  143618    151574        20
  143639    151595        22
  143698    151654        20
  143719    151675        35
  143758    151714        32
  143791    151747        25
  143817    151773        20
  143851    151807        22
  143877    151833        22
  143913    151869        27
  143950    151906        35
  144013    151969        20
  144050    152012        22
  144148    152110        29
  144208    152170        58
  144289    152251        20
  144310    152272        56
  144367    152329        26
  144406    152368        32
  144444    152406        38
  144486    152448        25
  144513    152475        57
  144577    152539        24
  144644    152606        47
  144710    152672        23
  144734    152696        52
  144787    152749        31
  144826    152788        20
  144865    152827        66
  144952    152914        22
  144975    152937        21
  145000    152962        40
  145053    153015        24
  145101    153063        28
  145169    153158        26
  145208    153212        72
  145297    153301        33
  145341    153342        31
  145378    153379        20
  145453    153454        26
  145487    153488        48
  145536    153537        32
  145587    153588        54
  145645    153646        48
  145779    153780        31
  145812    153813        24
  145857    153873        44
  145902    153918        27
  145944    153960       144
  146089    154105        33
  146128    154144        44
  146173    154189        22
  146213    154229        22
  146263    154279        32
  146304    154320        22
  146326    154321        25
  146345     94988        26
  146395    154390        38
  146434    154429        47
  146482    154477        26
  146524    154519        22
  146576    154571        20
  146644    154639        87
  146748    154743        31
  146780    154775        52
  146881    154876        25
  146988    154989        20
  147028    155029        64
  147093    155094        53
  147149    155150        40
  147191    155192        50
  147242    155243        24
  147275    155270        25
  147301    155296        46
  147348    155343        39
  147447    155442        24
  147492    155487        33
  147569    155561        28
  147613    155605        25
  147639    155631        33
  147673    155665        30
  147706    155698        29
  147766    155758        71
  147850    155842        44
  147895    155887        20
  147933    155925        29
  147963    155955        26
  147992    156002        28
  148026    156036        41
  148068    156078        32
  148169    156179        25
  148234    156244        28
  148326    156336        58
  148385    156395        36
  148433    156443        23
  148460    156470        41
  148755    156765        29
  148785    156795        22
  148835    156845        23
  148888    156898        33
  148921    156928        61
  149018    157025        30
  149080    157087        23
  149104    157111        26
  149152    157159        32
  149189    157193        25
  149219    157223        28
  149248    157252        49
  149309    157313        41
  149393    157397        35
  149429    157433        40
  149470    157474        26
  149497    157501        20
  149518    157522        20
  149547    157551        24
  149572    157576        52
  149625    157629        30
  149673    157677        23
  149717    157721        24
  149742    157746        25
  149768    157772        42
  149811    157815        28
  149867    157871        27
  149935    157939        20
  149956    157960        20
  149988    157992        71
  150060    158064        20
  150116    158120        35
  150166    158170        56
  150263    158268        37
  150301    158306        99
  150698    158424        27
  150726    158452        29
  150756    158482        21
  150801    158527        20
  150852    158574        27
  150911    158633        46
  150965    158687        29
  151014    158736        31
  151046    158768        49
  151102    158824        57
  151161    158883        31
  151212    158934        34
  151247    158969        27
  151275    158997        52
  151338    159060        31
  151370    159092        53
  151439    159161       114
  151582    159304        21
  151604    159326        95
  151700    159422        51
  151784    159498        56
  151865    159579        31
  151913    159627        24
  151938    159652        35
  151974    159688        42
  152117    159818        50
  152168    159869        24
  152203    159908        47
  152251    159956        23
  152280    159985        24
  152332    160037        65
  152446    160151        50
  152524    160229        23
  152548    160253        26
  152586    160291        33
  152620    160325        29
