> gi|290775771|gb|GU907100.1|
    1522     47337        21
    9391     90815        47
   12844     94649        22
   14677     96323        22
   14944     96590        20
   17006     98803        31
   17038     98835        42
   17677    102091        22
   17783    102197        22
   17977    102391        28
   18666    103117        32
   18709    103160        32
   18802    103253        39
   18846    103297        35
   19722    105335        22
   19915    105585        34
   19966    105636        43
   20054    105724        29
   20084    105754        22
   20212    105881        58
   20271    105940        51
   20336    106005        21
   20401    106070        51
   20499    106168        29
   20546    106215        47
   20595    106264        20
   20636    106305        49
   20686    106355        35
   20733    106402       113
   20847    106516        36
   20932    106601        41
   20974    106643        35
   21062    106731        22
   21085    106754        22
   21198    106867        30
   21229    106898        47
   21277    106946        31
   21371    107040        75
   21548    107243        28
   21709    107415        22
   21756    107462        48
   21818    107527        21
   21881    107590        35
   21917    107626        20
   21939    107648        25
   22027    107732        21
   22099    107799        28
   22488    108268        24
   22516    108296        30
   22601    108381        43
   22721    108492        50
   22827    108598        21
   22947    108718        22
   23019    108789        64
   23124    108893        36
   23257    109028        31
   23394    109203        38
   23433    109242        53
   23508    109315        39
   23611    109446        21
   23711    109567        37
   23752    109608        25
   23786    109643        25
   23820    109677        25
   23892    109749        58
   23972    109808        25
   24087    109923       106
   24211    110047        33
   24288    110123        21
   24310    110145        23
   24355    110190        79
   24447    110282        23
   24473    110308        98
   24573    110407        25
   24720    110572        28
   24767    110619        56
   24860    110712        27
   24896    110748        21
   24964    110816        56
   25021    110873        29
   25051    110903        36
   25088    110940        33
   25125    110977        41
   25167    111019        28
   25220    111066        21
   25262    111108        26
   25291    111137        67
   25359    111205        99
   25464    111305       103
   25568    111409        26
   25596    111437        32
   25629    111470        25
   25662    111503        20
   25725    111566        39
   25765    111606        30
   25876    111717        24
   25931    111772        95
   26049    111890       146
   26196    112037        54
   26256    112097        88
   26346    112187        26
   26402    112243        22
   26435    112276        32
   26596    112455        30
   26655    112514        24
   26692    112551        20
   27245    113192        21
   27267    113214        53
   27535    135040        31
   36668    119289        30
   38987     70375        20
   39015    113932        31
   39261    135736        53
   39315    135790        21
   39869    136432        20
   39902    136465        24
   39955    136518        30
   40114    136695        32
   40157    136738        22
   40209    136790        26
   40237    136818        88
   40331    136912        54
   40386    136967       146
   40555    137136        95
   40681    137262        24
   40786    137367        30
   40817    137398        39
   40899    137480        20
   40927    137508        25
   40953    137534        32
   40987    137568        26
   41014    137595       103
   41123    137699        99
   41223    137799        67
   41293    137869        26
   41340    137916        21
   41386    137956        28
   41415    137985        41
   41460    138030        33
   41494    138064        36
   41531    138101        29
   41561    138131        56
   41664    138234        21
   41694    138264        27
   41758    138328        56
   41833    138403        28
   41983    138571        25
   42010    138597        98
   42111    138698        23
   42147    138734        79
   42248    138835        23
   42272    138859        21
   42337    138923        33
   42388    138974       106
   42584    139170        25
   42631    139196        58
   42736    139301        25
   42770    139335        25
   42804    139370        25
   42833    139399        37
   42949    139536        21
   43034    139649        39
   43095    139708        53
   43149    139762        38
   43293    139944        31
   43421    140074        36
   43498    140150        64
   43612    140263        22
   43733    140384        21
   43810    140461        50
   43937    140579        43
   44035    140677        30
   44069    140711        24
   44454    141176        28
   44533    141250        21
   44617    141330        25
   44644    141357        20
   44665    141378        35
   44742    141455        21
   44777    141493        48
   44850    141566        22
   45005    141732        28
   45135    141888        75
   45273    142026        31
   45305    142058        47
   45353    142106        30
   45474    142227        22
   45497    142250        22
   45572    142325        35
   45608    142361        41
   45698    142451        36
   45735    142488       113
   45860    142613        35
   45896    142649        49
   45966    142719        20
   45988    142741        47
   46053    142806        29
   46129    142882        51
   46224    142977        21
   46259    143012        51
   46311    143064        58
   46475    143227        22
   46498    143250        29
   46572    143324        43
   46632    143384        34
   46837    143646        22
   47700    145671        35
   47740    145711        39
   47840    145811        32
   47883    145854        32
   48576    146584        28
   48776    146784        22
   48882    146890        22
   49501    150126        42
   49544    150169        31
   51617    152393        20
   51882    152658        22
   53715    154332        22
   56819        44        27
   57163    158161        27
   57540       563        20
   57657       680        26
   80394     12705        21
   86032     55317        20
   87075     31378        26
   87129     31432        20
   87235     31959        28
   87288     32011        27
   87376     32104        20
   88582      8029        20
   88722     37191        28
   89346      9158        30
   89930      9851        25
   90000      9930        60
   90271     10203        34
   91037     10964        20
   91180     11107        27
   91397     11324        20
   91442     11369        20
   91774     11701        21
   92457     12393        22
   93028     13118        28
   93525     14018        20
   94091     15550        29
   94575     16031        31
   99079     20823        23
   99525     21269        24
  106508     29588        20
  107947      8183        28
