> gi|134286732|dbj|AP009373.1|
       1        17        20
      22        37        22
      49        64        23
     587       501        44
     683       597        44
     782       696        71
     878       792        59
     965       879        29
     995       909        26
    1022       936        29
    1070       984        20
    1091      1005        26
    1118      1032        59
    1178      1092        35
    1220      1134        20
    1331      1245        29
    1388      1302        56
    1457      1371        68
    1526      1440        62
    1605      1520        37
    1865      1797        50
    1941      1883        37
    2203      2178        22
    2352      2327        32
    2518      2493        22
    2633      2608        20
    3191      3154        29
    3499      3462        20
    3564      3542        21
    3741      3715        20
    3920      3886        23
    4353      4326        21
    4403      4376        20
    4424      4397        42
    4863      4565        20
    6115      5444        20
    7573      5893        56
    7793      6129        21
    8089      6423        21
    8138      6472        25
    8527      6879        23
    8569      6925        30
    8818      7150        31
    9693      7948        36
    9787      8037        28
    9996      8249        23
   10120      8365        23
   10373      8595        62
   10461      8691        48
   10774      8890        30
   10805      8921        47
   11357      9495        26
   11387      9525        26
   11426      9564        29
   11456      9594        22
   11516      9654        26
   11644      9782        21
   11666      9804        26
   11720      9858        32
   11759      9897        20
   11795      9933        20
   11834      9972        26
   11885     10023        27
   11951     10089        38
   11999     10137        23
   12068     10206        59
   12134     10272        32
   12167     10305        23
   12209     10347        20
   12230     10368        44
   12359     10497        20
   12440     10578        35
   12497     10635        29
   12527     10665        32
   12578     10716        24
   12607     10745        76
   12905     11053        28
   13140     11288        21
   13185     11335        29
   13274     11441        21
   13394     11569        20
   13779     11907        20
   13887     11998        34
   13924     12035        48
   13988     12099        36
   14589     12643        23
   14736     12790        38
   14813     12867        27
   15947     13385        20
   15971     13409        29
   16001     13439        91
   16103     13541        29
   16133     13571        32
   16211     13649        20
   16397     13835        24
   16481     13919        50
   16550     13988        32
   16638     14082        23
   16831     14311        25
   16895     14375        20
   16922     14402        32
   17033     14513        20
   17124     14604        21
   17258     14738        29
   17288     14768        20
   17354     14834        63
   17430     14910        22
   17453     14933        20
   17585      6896        21
   18026     15505        21
   18066     15545        29
   18108     15587        23
   18315     15794        29
   18363     15842        29
   18393     15872        33
   18540     16019        41
   19074     16553        21
   19659     17129        20
   19680     17150        26
   19734     17204        40
   19803     17273        29
   20162     17632        21
   20402     17869        21
   20559     18026        26
   20868     18335        24
   20895     18362        26
   20928     18395        95
   21050     18517        35
   21125     18592        30
   21195     18662        20
   21216     18683        20
   21263     18736        20
   21347     18820        27
   21390     18863        20
   21441     18914        26
   21468     18941        23
   21498     18971        29
   21528     19001        20
   21594     19067        29
   21624     19097        28
   21660     19133        20
   21684     19157        59
   21786     19259        38
   21825     19298        20
   21954     19427        27
   21982     19455        33
   22240     19710        27
   22317     19787        28
   22365     19835        38
   22626     20090        38
   22689     20153        29
   22739     20203        23
   22833     20297        29
   22893     20357        35
   22947     20411        20
   23046     20510        35
   23082     20546        32
   23121     20585        32
   23166     20630        44
   23214     20678       101
   23382     20846        40
   23547     21011        20
   23573     21037        27
   23601     21065        27
   23637     21101        29
   23700     21164        31
   23732     21196        32
   23811     21277        20
   24009     21493        26
   24176     21677        20
   24304     21816        27
   24358     21879        28
   24463     21984        34
   24498     22019        31
   24537     22058        29
   24594     22115        44
   24645     22166        20
   24669     22190        38
   24759     22280        68
   24874     22395        41
   24968     22489        59
   25031     22552        26
   25124     22645        50
   25175     22696        20
   25226     22747        41
   25268     22789        26
   25295     22816        23
   25388     22909        29
   25429     22950        27
   25457     22978        20
   25499     23020        27
   25544     23065        29
   25622     23143        29
   25685     23206        20
   25706     23227        21
   25850     23371        23
   25970     23491        29
   26069     23590        26
   26291     23812        20
   26456     23977        20
   26477     23998        26
   26516     24037        32
   26579     24100        23
   26845     24366        21
   26867     24388        20
   26940     24461        22
   26963     24484        20
   27017     24538        35
   27080     24601        29
   27116     24637        20
   27371     24892        23
   27413     24934        34
   27494     25015        32
   27560     25081        77
   27638     25159        20
   27692     25213        23
   27830     25351        34
   27891     25412        20
   27973     25494        48
   28250     25786        24
   29349     26622        21
   29371     26644        49
   30378     27387        20
   31397     28002        29
   31478     28088        26
   31565     28175        29
   31619     28229        22
   32552     29088        53
   32606     29142        20
   33064     29586        24
   33089     29611        54
   33184     29706       105
   34199     30504        76
   34591     30869        46
   35587     31667        25
   35628     31708        40
   35679     31759        22
   35711     31791        20
   35732     31812        32
   35771     31851        41
   35909     31989        57
   36008     32088        92
   36125     32205        35
   36194     32274        41
   36260     32340        23
   36284     32364        98
   36395     32475        23
   36419     32499        38
   36464     32544        35
   36504     32584        34
   36539     32619        20
   36593     32673        80
   36674     32754        60
   36735     32815        23
   36792     32872        38
   36844     32924        25
   36870     32950        42
   36948     33028        20
   36972     33052        29
   37014     33094        32
   37053     33133        23
   37080     33160        35
   37116     33196        20
   37147     33227        31
   37188     33268        23
   37248     33328        20
   37269     33349        20
   37290     33370        36
   37336     33416        37
   37380     33460        41
   37425     33505        29
   37455     33535        28
   37554     33634        20
   37578     33658        29
   37704     33784        26
   37815     33895        23
   37918     33998        28
   37959     34039        26
   38010     34090        32
   38287     34340        38
   38334     34387        58
   38723     34783        27
   38790     34850        20
   38820     34880        32
   38862     34922        20
   38884     34944        22
   39412     35526        27
   39621     35703        47
   39669     35751        20
   39851     35933        32
   39926     36008        32
   39959     36041        23
   40010     36092        26
   40061     36143        40
   40102     36184        23
   40182     36270        22
   40296     36388        23
   40320     36412        23
   40347     36439        23
   40428     36520        44
   40491     36583        29
   40521     36613        23
   40545     36637        23
   40569     36661        34
   40604     36696       102
   40722     36814        23
   40746     36838        20
   40791     36883        26
   40818     36910        29
   40848     36940        58
   40907     36999        24
   40971     37063        28
   41076     37168        32
   41135     37227        21
   41193     37285        23
   41217     37309        44
   41325     37417        20
   41400     37492        53
   41460     37552        56
   41544     37636        41
   41598     37690        20
   41672     37764        24
   41717     37809        43
   41778     37870        20
   41928     38020        26
   41955     38047        32
   42003     38095        21
   42069     38161        29
   42099     38191        26
   42180     38272        29
   42254     38346        32
   42303     38395        20
   42330     38422        32
   42363     38455        23
   42402     38494       258
   42661     38753        56
   42769     38861        23
   42802     38894        26
   42886     38978        53
   42958     39050        20
   42979     39071        20
   43033     39125        38
   43153     39245        20
   43174     39266        20
   43234     39326        20
   43300     39392        23
   43378     39470        38
   43417     39509        47
   43549     39641        23
   43573     39665        39
   43618     39710        31
   43650     39742        45
   43696     39788        29
   43816     39908        20
   43851     39943        30
   43912     40004        37
   44002     40094        53
   44098     40190        23
   44137     40229        62
   44215     40307        44
   44290     40382        47
   44338     40430        26
   44389     40481        56
   44452     40544        32
   44539     40631        20
   44590     40682        50
   44641     40733        29
   44677     40769        65
   44743     40835        53
   44880     40980        41
   44922     41022        30
   45504     41588        20
   45540     41624        24
   45650     41734        21
   45959     42140        40
   46091     42268        20
   46315     42477        69
   46439     42601        23
   46493     42655        38
   46532     42694        20
   46553     42715        27
   46874     43031        21
   46980     43139        24
   47313     43438        23
   47337     43462        20
   47409     43534        23
   48273     43802        20
   48323     43852        36
   48643     44187        21
   48823     44367        26
   48940     44484        28
   48994     44538        20
   49030     44574        71
   49192     44736        20
   49213     44757        21
   49410     45149        81
   50475     45728        26
   50784     46046        60
   50845     46107        23
   50961     46207        23
   51241     46313        48
   51334     46406        34
   51550     46807        51
   52485     47738        34
   52614     47867        32
   52688     47941        27
   52740     47993        29
   52957     48193        30
   53150     48386        30
   53226     48462        32
   53280     48516        35
   53316     48552        20
   53337     48573        62
   53547     48783        26
   53689     48930        21
   53711     48952        28
   53740     48981        21
   53791     49032        20
   53828     49069        44
   53906     49147        23
   53968     49209        23
   54016     49257        42
   54519     50130        31
   54620     50229        35
   54747     50389        27
   55160     50794        47
   55229     50863        24
   55307     50950        20
   55382     51023        27
   55424     51065        31
   55756     51248        39
   55843     51335        21
   55883     51375        20
   55904     51396        26
   55931     51423        28
   56006     51498        33
   56066     51558        26
   56099     51591        85
   56218     51710        41
   56296     51788        23
   56344     51836        23
   56368     51860        23
   56392     51884        23
   56419     51911        23
   56452     51944        20
   56491     51983        32
   56542     52034        26
   56572     52064        20
   56623     52115        26
   56713     52205        41
   56794     52286        26
   56821     52313        23
   56865     52357        21
   56890     52382        20
   56959     52451        41
   57046     52538        26
   57100     52592        20
   57139     52631        53
   57271     52763        20
   57304     52796        24
   57373     52865        29
   57403     52895        20
   57424     52916        26
   57484     52976        38
   57523     53015        20
   58076     53581        28
   58218     53723        33
   58347     53844        21
   58390     53897        72
   58502     54009        41
   58559     54066        62
   58622     54129        23
   58653     54160        23
   58718     54225        23
   58760     54267        36
   58811     54318        21
   58880     54387        23
   58961     54468        23
   58985     54492        20
   59030     54537        47
   59096     54603        20
   59138     54645        26
   59165     54672        53
   59247     54754        22
   59366     54873        23
   59396     54903        23
   59429     54936        23
   59466     54973        25
   59494     55001        21
   59543     55050        26
   59574     55081        31
   59630     55137        35
   59687     55194        32
   59751     55258        46
   59861     55390        22
   60485     56004        21
   61363     56869        22
   61524     57030        50
   61584     57090        24
   61791     57297        29
   61842     57348        29
   61884     57390        22
   61938     57444        20
   63335     58722        25
   63584     58971        30
   63639     59026        22
   63694     59081        20
   64775     59626        20
   64803     59653        23
   64903     59753        28
   65062     59912        28
   65211     60061        26
   65265     60115        38
   65310     60160        20
   65415     60265        20
   65436     60286        23
   65703     60563        22
   65868     60728        34
   65903     60763        24
   65934     60794        33
   66090     60950        23
   66132     60992        29
   66225     61085        35
   66282     61142        20
   66315     61175        20
   66504     61364        20
   66537     61397        29
   66567     61427        26
   66633     61493        26
   67700     62446        29
   67765     62511        27
   67965     62706        41
   68025     62766        36
   68078     62818        40
   68122     62862        38
   68167     62907        23
   68207     62947        28
   68365     63105        29
   68404     63144        62
   68624     63353        22
   69759     63780        43
   69825     63846        40
   70050     64091        26
   70265     64304        33
   70299     64338        46
   70501     64538        20
   70526     64563        93
   71025     65013        29
   71057     65045        26
   71147     65135        20
   71570     65578        23
   72005     66008       126
   72144     66147        62
   72610     66652        21
   72839     66881        25
   72900     66942        22
   73023     67054        23
   73169     67211        20
   73687     67698        20
   74005     68023        45
   74196     68214        21
   74424     68408        20
   74507     68507        29
   74730     68683        38
   74828     68781        26
   74938     68891        28
   74988     68941        29
   75079     69032        24
   75105     69058        32
   75166     69118        34
   75526     69479        21
   75921     69912        31
   75980     69971        28
   76104     70095        20
   76262     70351        42
   76356     70441        24
   76421     70507        40
   76480     70566        30
   76566     70652        64
   76631     70717        80
   76784     70870        32
   76817     70903        21
   76892     70978        26
   76937     71023        26
   76964     71050        20
   76985     71071        29
   77054     71140        23
   77078     71164        20
   77177     71263        46
   77224     71310        36
   77291     71377        29
   77324     71410        21
   77373     71459        52
   77477     71563        20
   77552     71638        20
   77573     71659        21
   77903     71989        26
   78117     72287        28
   78328     72492        21
   78365     72529        23
   78399     72563        35
   78482     72646        26
   78594     72758        20
   78615     72779        32
   78874     73038        31
   78984     73150        25
   79179     73356        28
   79262     73435        21
   79306     73484        25
   79402     73576        32
   79653     73824        24
   79702     73873        47
   79753     73924        32
   79786     73957        23
   79837     74008        41
   79879     74050        23
   79927     74098        50
   79987     74158        38
   80089     74260        41
   80167     74338        23
   80191     74362        20
   80212     74383        38
   80275     74446        32
   80406     74585        34
   80490     74674        44
   80570     74750        33
   80814     75004        21
   80877     75063        28
   81189     75339        28
   81212     75363        22
   81250     75401        37
   81327     75478        38
   81369     75520        23
   81411     75562        21
   81433     75584        34
   81468     75619        26
   81513     75664        23
   81624     75775        32
   81693     75844        20
   81726     75877        21
   82117     76248        33
   82268     76399        24
   82297     76428        47
   82418     76555        36
   82681     76818        48
   82771     76908        20
   82798     76935        29
   82867     77004        24
   82975     77112        28
   83052     77199        23
   83094     77241        23
   83196     77343        35
   83289     77436        23
   83313     77460        54
   83444     77605        31
   83525     77697        31
   83605     77777        20
   83629     77801        20
   84118     78306        29
   84466     78654        38
   84732     78956        20
   84786     79010        23
   84879     79103        50
   84981     79205        32
   85074     79298        20
   85127     45721        21
   85412     79624        24
   85463     79675        33
   85500     79712        22
   85642     79862        22
   86856     81185        24
   86923     81252        26
   86953     81282        31
   86995     81324        20
   87106     81435        22
   87133     81462        20
   87160     81489        23
   87402     81731        24
   87427     81756        24
   87706     82037        32
   88018     82341        35
   88090     82413        20
   88225     82548        32
   88321     82643        20
   88369     82691        28
   88405     82727        22
   88476     82798        20
   88557     82879        50
   88611     82933        26
   88638     82960        77
   88716     83038       117
   88851     83173        22
   88927     83266       114
   89042     83381        32
   89087     83426        85
   89183     83523       213
   89394     83735       145
   89540     83881        29
   89570     83911        26
   89614     83955        40
   89657     83998        33
   89727     84068        83
   89810     84145       119
   89941     84276        24
   89966     84301       168
   90166     84497        31
   90221     84555       134
   90356     84690        56
   90413     84747        20
   90434     84768        49
   90488     84822        55
   90562     84896        25
   90628     84962        40
   90669     85003        29
   90704     85038        34
   90756     85090        33
   90807     85141        51
   90866     85200        33
   90900     85234        36
   90945     85279        22
   90968     85302        42
   91013     85347        37
   91060     85394        60
   91147     85481        23
   91196     85530        22
   91219     85553        36
   91256     85590        80
   91337     85671        54
   91392     85726        20
   91413     85747        35
   91471     85805        40
   91546     85880        44
   91591     85925        29
   91647     85981        37
   91678     86018        72
   91811     86160        26
   91905     86254        63
   91972     86321       107
   92080     86429        31
   92112     86461        37
   92159     86508        26
   92186     86535        22
   92257     86606        49
   92319     86668        30
   92392     86741        51
   92458     86807        32
   92491     86840        24
   92516     86865        75
   92592     86941        26
   92624     86979        24
   92649     87004        21
   92753     87108        62
   92822     87177        20
   92845     87200        59
   92905     87260        21
   92966     87321        37
   93007     87362        30
   93038     87414        28
   93079     87434        40
   93175     87530        61
   93286     87641        80
   93367     87722        44
   93413     87768        46
   93460     87815        25
   93486     87841        69
   93670     88025        29
   93698     88059        32
   93797     88110        34
   93835     88148        25
   93947     88260        25
   93973     88286        40
   94022     88326        20
   94095     88399        36
   94132     88436        21
   94159     88463        20
   94185     88489        32
   94226     88530        48
   94322     88626        30
   94360     88664        45
   94448     88752        35
   94492     88796        63
   94566     88870        21
   94588     88892        26
   94615     88919        38
   94710     89008        29
   94754     89052        26
   94796     89103        34
   94855     89162        58
   94920     89227        78
   95054     89361        62
   95117     89424        66
   95200     89507        44
   95247     89554        25
   95290     89597        26
   95324     89631        27
   95353     89660        89
   95453     89760        22
   95518     89825        28
   95547     89854        28
   95576     89883        22
   95599     89906        68
   95668     89975        24
   95725     90032        21
   95748     90055        60
   95840     90147        40
   95887     90194        52
   95940     90247        20
   95964     90271        36
   96001     90308        27
   96029     90336       128
   96158     90465       115
   96274     90581        39
   96326     90633        30
   96394     90701        26
   96462     90769        34
   96536     90843       109
   96646     90953        42
   96689     90996        31
   96749     91056        38
   96790     91097        35
   96856     91163        24
   96881     91188        25
   96910     91217        26
   96937     91244        80
   97024     91331        68
   97093     91400        61
   97155     91462        47
   97215     91522        20
   97236     91543        33
   97294     91605        21
   97316     91627        32
   97441     91742        65
   97520     91821        31
   97545     91847        20
   97571     91873        21
   97656     91944        29
   97686     91974        22
   97719     92007        73
   97818     92106        31
   97951     92248        30
   97983     92280        22
   98006     92303        25
   98039     92329        21
   98061     92351        36
   98118     92403        28
   98147     92438        35
   98183     92474        23
   98221     92499        39
   98261     92539        75
   98366     92644        20
   98393     92671        35
   98475     92755        24
   98523     92798        20
   98647     92920        22
   98681     92954        29
   98727     93000        73
   98828     93101        30
   98852     93131        48
   98896     93174        21
   98918     93196        78
   99015     93293        22
   99038     93316        64
   99103     93381        33
   99137     93415        44
   99182     93460        44
   99230     93508        29
   99260     93538        58
   99319     93597       228
   99548     93826        42
   99591     93869       149
   99740     94019        34
   99775     94054        20
   99819     94092        55
   99883     94155        32
   99920     94192        89
  100010     94282        68
  100079     94355        48
  100146     94422        38
  100185     94461        24
  100230     94506        45
  100276     94552        34
  100318     94594        89
  100419     94695        61
  100497     94773        85
  100592     94868        83
  100676     94952        41
  100730     95006        47
  100778     95054        72
  100851     95127        52
  100904     95180        23
  100928     95204       151
  101081     95357        37
  101161     95426        21
  101204     95469        31
  101236     95501        22
  101259     95524        23
  101350     95616        24
  101396     95662        25
  101421     95685        23
  101451     95715       131
  101583     95847        35
  101619     95883        32
  101652     95916        68
  101721     95985        40
  101762     96026       151
  101925     96189        20
  101952     96216        56
  102024     96284        43
  102083     96343        29
  102154     96415        61
  102223     96477        27
  102251     96505        89
  102357     96611        21
  102379     96633       103
  102483     96737       168
  102652     96906        43
  102696     96950       107
  102804     97058        60
  102878     97132        45
  102941     97195        21
  102986     97240        30
  103027     97283        40
  103101     97358        26
  103128     97385        37
  103219     97468        21
  103240     97488        24
  103279     97527        27
  103403     97673        20
  103469     97750        22
  103492     97773        59
  103587     97868        21
  103638     97914        28
  103675     97951        20
  103686     97972        31
  103729     98042        26
  103836     98149        23
  103976     98277        23
  103998     98304        69
  104176     98481        30
  104207     98512        25
  104327     98643        30
  104359     98675        21
  104446     98762        22
  104532     98863        23
  104565     98888        20
  104586     98909        32
  104622     98940        78
  104708     99030        20
  104750     99072        43
  104822     99144        24
  104854     99176        41
  104915     99237        75
  104991     99313        51
  105043     99365       272
  105340     99662       185
  105526     99848       109
  105653     99975       243
  105897    100219       108
  106006    100328       329
  106336    100658        99
  106550    100797        47
  106695    100946       166
  106893    101145        87
  106989    101241        50
  107057    101309        80
  107138    101390        35
  107184    101434        20
  107206    101456       125
  107332    101582        71
  107404    101654        71
  107559    101807       116
  107676    101924        42
  107719    101967        33
  107767    102010        98
  107884    102127        57
  107942    102185        75
  108018    102261        46
  108095    102342        57
  108151    102397        35
  108187    102433        71
  108259    102505        28
  108359    102607        23
  108409    102648        44
  108455    102694        21
  108501    102740        76
  108578    102817        32
  108624    102862        89
  108707    102951        23
  108731    102975        22
  108754    102998        24
  108779    103023        20
  108820    103064       132
  108961    103205       156
  109118    103362        24
  109167    103411        33
  109201    103445        86
  109288    103532        95
  109393    103634        76
  109470    103711        65
  109536    103777        58
  109595    103836       181
  109784    104025        26
  109811    104052       217
  110035    104276        27
  110085    104326        74
  110160    104401       174
  110341    104582        83
  110425    104666       154
  110580    104821       271
  110853    105094        70
  110924    105165        26
  110951    105192       372
  111324    105565       323
  111658    105899        28
  111717    105958        45
  111763    106004        98
  111895    106150        33
  111969    106215        20
  112042    106288        54
  112097    106343        95
  112193    106439        30
  112349    106587        55
  112417    106653        25
  112449    106685        86
  112720    106979        30
  112779    107034        29
  112811    107079        28
  112907    107169        25
  112955    107212        21
  112977    107234        24
  113003    107260        57
  113059    107312        37
  113137    107382        42
  113180    107425        54
  113235    107480        31
  113282    107527        20
  113303    107548        23
  113332    107577        23
  113362    107607        30
  113427    107671        30
  113458    107702        27
  113487    107731        26
  113520    107759        28
  113582    107821        24
  113640    107879        57
  113700    107948        20
  113736    107984        57
  113794    108042        43
  113838    108086        30
  113869    108117        38
  113923    108171       166
  114107    108355        37
  114188    108460        36
  114275    108547        24
  114953    109023        25
  115273    109337        20
  115619    109680        26
  115736    109797        23
  115853    109914        23
  115913    109974        28
  115943    110004        38
  115984    110045        25
  116021    110082        23
  116186    110247        41
  116381    110442        26
  116456    110517        20
  116617    110678        20
  116638    110699        21
  116660    110721        21
  116933    110994        22
  117959    111881        25
  118043    111965        22
  118796    112947        32
  118829    112982        23
  118994    113140        20
  119375    113530        32
  119744    113914        27
  119856    114026        22
  119900    114070        22
  120087    114248        21
  120533    114609        27
  120588    114664        33
  120650    114726        21
  120690    114766        35
  120813    114889        20
  120849    114925        20
  120945    115021        20
  120969    115045        32
  121167    115243        20
  121304    115380        27
  121332    115408        26
  121368    115444        62
  121445    115521        21
  121493    115569        26
  121725    115801        25
  121751    115827        24
  121925    115999        29
  121964    116038        26
  122036    116110        26
  122099    116173        23
  122448    116511        26
  122613    116676        20
  122634    116697        35
  122691    116754        20
  122977    117074        33
  123243    117340        24
  123441    117538        52
  123955    118017        29
  123985    118047        35
  124026    118088        21
  124048    118110        29
  124102    118164        23
  124143    118205        27
  124189    118251        38
  124276    118338        31
  124308    118370        21
  124432    118494        20
  124510    118547        39
  124553    118590        37
  124607    118644        22
  124655    118692        20
  124930    118958        20
  124955    118983        44
  125006    119034        24
  125262    119257        21
  125344    119342        21
  125510    119503        22
  125599    119601        26
  126106    120159        28
  126141    120194        32
  126186    120239        59
  126258    120311        22
  126321    120374        26
  126515    120568        20
  126662    120715        34
  126730    120783        22
  126859    120912        26
  126901    120954        50
  127011    121064        27
  127142    121195        22
  127195    121248        26
  127251    121304        21
  127385    121438        25
  127411    121464        23
  127443    121496        21
  127501    121554        20
  127624    121677        23
  127690    121743        26
  128020    122067        20
  128094    122141        25
  128209    122250        20
  129793    123706        32
  130835    124640        20
  131458    125230        24
  131513    125285        34
  132215    125951        25
  133514    127193        24
  133589    127268        36
  133669    127372        37
  133724    127427       166
  133906    127609        38
  133945    127648        30
  133976    127679        43
  134020    127723        57
  134093    127796        20
  134116    127828        57
  134207    127919        24
  134265    127977        28
  134300    128007        26
  134328    128035        27
  134356    128063        30
  134421    128127        30
  134458    128164        23
  134487    128193        23
  134511    128217        20
  134547    128253        31
  134579    128285        54
  134634    128340        42
  134717    128415        37
  134753    128447        57
  134812    128506        24
  134837    128531        21
  134881    128570        25
  134974    128657        28
  135005    128701        29
  135063    128755        30
  135278    128993        86
  135371    129086        25
  135409    129122        55
  135590    129295        30
  135621    129326        95
  135717    129422        54
  135824    129529        20
  135885    129581        33
  135952    129662        98
  136051    129761        45
  136127    129837        28
  136166    129876       323
  136490    130200       372
  136863    130573        26
  136890    130600        70
  136962    130672       271
  137234    130944       154
  137389    131099        83
  137479    131189       174
  137654    131364        74
  137751    131461        27
  137785    131495       217
  138003    131713        26
  138037    131747       181
  138219    131929        58
  138278    131988        65
  138344    132054        76
  138430    132137        95
  138526    132233        86
  138613    132320        33
  138671    132378        24
  138696    132403       156
  138861    132568       132
  139014    132721        20
  139035    132742        24
  139060    132767        22
  139083    132790        23
  139100    132813        89
  139203    132915        32
  139236    132948        76
  139337    133049        21
  139360    133072        44
  139431    133134        23
  139526    133231        28
  139555    133260        71
  139627    133332        35
  139661    133365        57
  139749    133457        46
  139796    133504        75
  139872    133580        57
  139948    133656        98
  140061    133764        33
  140095    133798        42
  140138    133841       116
  140338    134039        71
  140410    134111        71
  140482    134183       125
  140609    134310        20
  140640    134339        35
  140676    134375        80
  140774    134473        50
  140833    134532        87
  140952    134652       166
  141216    134920        47
  141378    135007        99
  141478    135107       329
  141808    135437       108
  141917    135546       243
  142178    135807       109
  142288    135917       185
  142498    136127       272
  142771    136400        51
  142823    136452        75
  142918    136547        41
  142967    136596        24
  143020    136649        43
  143085    136714        20
  143113    136746        78
  143195    136823        32
  143228    136856        20
  143258    136878        23
  143345    136980        22
  143433    137068        21
  143456    137091        30
  143581    137227        25
  143607    137253        30
  143746    137391        69
  143814    137464        23
  143954    137592        23
  144058    137696        26
  144096    137761        31
  144118    137793        20
  144147    137822        28
  144205    137875        21
  144262    137932        59
  144322    137992        22
  144390    138071        20
  144507    138210        27
  144549    138252        24
  144573    138275        21
  144648    138342        37
  144686    138380        26
  144746    138441        40
  144797    138494        30
  144851    138548        21
  144890    138587        45
  144949    138646        60
  145010    138707       107
  145118    138815        43
  145162    138859       168
  145331    139028       103
  145435    139132        21
  145473    139170        89
  145563    139260        27
  145598    139288        61
  145701    139392        29
  145746    139437        43
  145805    139492        56
  145868    139555        20
  145900    139587       151
  146052    139739        40
  146093    139780        68
  146162    139849        32
  146195    139882        35
  146231    139918       131
  146369    140056        23
  146392    140077        25
  146439    140124        24
  146531    140217        23
  146555    140241        22
  146578    140264        31
  146631    140317        21
  146695    140370        37
  146734    140409       151
  146886    140561        23
  146910    140585        52
  146963    140638        72
  147036    140711        47
  147096    140771        41
  147138    140813        83
  147231    140906        85
  147333    141008        61
  147406    141081        89
  147503    141178        34
  147538    141213        45
  147604    141279        24
  147629    141304        38
  147686    141361        48
  147735    141414        68
  147804    141483        89
  147898    141577        32
  147939    141617        55
  148018    141690        20
  148039    141711        34
  148073    141746       149
  148223    141896        42
  148266    141939       228
  148495    142168        58
  148554    142227        29
  148587    142260        44
  148632    142305        44
  148677    142350        33
  148711    142384        64
  148776    142449        22
  148817    142490        78
  148896    142569        21
  148913    142585        48
  148955    142633        30
  149013    142691        73
  149103    142781        29
  149144    142822        22
  149270    142946        20
  149314    142985        24
  149385    143058        35
  149427    143100        20
  149477    143150        75
  149553    143226        39
  149607    143267        23
  149631    143291        35
  149667    143333        28
  149716    143377        36
  149753    143414        21
  149782    143436        25
  149808    143462        22
  149832    143486        30
  149964    143627        31
  150021    143684        73
  150105    143768        22
  150128    143791        29
  150221    143870        21
  150248    143897        20
  150262    143912        31
  150307    143957        65
  150465    144105        32
  150498    144138        21
  150544    144188        33
  150578    144222        20
  150611    144255        47
  150659    144303        61
  150721    144365        68
  150796    144440        80
  150877    144521        26
  150907    144551        25
  150933    144577        24
  150988    144632        35
  151026    144670        38
  151093    144737        31
  151125    144769        42
  151168    144812       109
  151317    144961        34
  151393    145037        26
  151457    145101        30
  151500    145144        39
  151540    145184       115
  151656    145300       128
  151785    145429        27
  151813    145457        36
  151853    145497        20
  151874    145518        52
  151933    145577        40
  152005    145649        60
  152067    145711        21
  152121    145765        24
  152146    145790        68
  152215    145859        22
  152238    145882        28
  152267    145911        28
  152338    145982        22
  152371    146015        89
  152462    146106        27
  152497    146141        26
  152541    146185        25
  152569    146213        44
  152630    146274        66
  152697    146341        62
  152815    146459        78
  152900    146544        58
  152983    146627        34
  153033    146686        26
  153074    146727        29
  153160    146807        38
  153199    146846        26
  153226    146873        21
  153258    146905        63
  153330    146977        35
  153408    147055        45
  153461    147108        30
  153539    147186        48
  153596    147243        32
  153634    147281        20
  153660    147307        21
  153682    147329        36
  153771    147418        20
  153800    147438        40
  153841    147479        25
  153953    147591        25
  153982    147620        34
  154083    147673        32
  154114    147710        29
  154258    147854        69
  154328    147924        25
  154354    147950        46
  154402    147998        44
  154447    148043        80
  154577    148173        61
  154694    148290        40
  154747    148322        28
  154776    148372        30
  154810    148406        37
  154887    148483        21
  154909    148505        59
  154971    148567        20
  154998    148594        62
  155143    148739        21
  155165    148761        24
  155195    148797        26
  155222    148824        75
  155298    148900        24
  155323    148925        32
  155370    148972        51
  155464    149066        30
  155507    149109        49
  155605    149207        22
  155628    149230        26
  155664    149266        37
  155702    149304        31
  155734    149336       107
  155845    149447        63
  155976    149578        26
  156063    149674        72
  156129    149746        37
  156193    149810        29
  156223    149840        44
  156302    149919        40
  156365    149982        35
  156401    150018        20
  156422    150039        54
  156477    150094        80
  156558    150175        36
  156595    150212        22
  156643    150260        23
  156693    150310        60
  156763    150380        37
  156803    150420        42
  156846    150463        22
  156877    150494        36
  156914    150531        33
  156955    150572        51
  157024    150641        33
  157075    150692        34
  157115    150732        29
  157145    150762        40
  157226    150843        25
  157270    150887        55
  157330    150947        49
  157380    150997        20
  157401    151018        56
  157458    151075       134
  157616    151236        31
  157679    151295       168
  157848    151464        24
  157884    151500       119
  158003    151613        83
  158123    151733        33
  158159    151769        40
  158217    151827        26
  158244    151854        29
  158274    151884       145
  158417    152028       213
  158641    152253        85
  158739    152351        32
  158772    152384       114
  158940    152569        22
  158980    152609       117
  159098    152727        77
  159176    152805        26
  159206    152835        50
  159317    152946        20
  159386    153015        22
  159416    153045        28
  159472    153101        20
  159556    153184        32
