> gi|442566562|gb|KC180774.1|
       1         6        27
      29        34        52
     125       129        34
     160       164        22
     208       212        26
     262       258        39
     309       305        22
     333       322        30
     382       371        24
     413       418        44
     458       463        32
     546       546        24
     571       571       546
    1118      1118       139
    1271      1271        89
    1361      1361       340
    1702      1702        24
    1731      1726        62
    1820      1815        40
    1861      1856       147
    2013      2008        36
    2053      2048        63
    2109      2103        57
    2172      2166       176
    2349      2343       113
    2479      2473        51
    2561      2555        66
    2635      2629        27
    2665      2659        83
    2750      2744       137
    2889      2883        39
    2929      2923        27
    2957      2951        70
    3028      3022        22
    3071      3065        34
    3124      3118        48
    3173      3167        47
    3221      3215        82
    3304      3298        43
    3363      3357        51
    3415      3409        25
    3441      3435        49
    3491      3485        55
    3567      3561        98
    3666      3660        45
    3713      3706        96
    3810      3803        30
    3841      3834        27
    3889      3882        58
    3941      3933        43
    3985      3977        48
    4034      4026        21
    4056      4048       114
    4153      4162        57
    4211      4220        28
    4240      4249       105
    4346      4355        56
    4403      4412        71
    4480      4488        46
    4560      4568        23
    4658      4667        31
    4701      4703        57
    4768      4768        60
    4839      4839        47
    4887      4887       160
    5077      5077        38
    5116      5116        79
    5196      5196       162
    5359      5359        48
    5408      5408        47
    5457      5458        66
    5524      5525        49
    5595      5596        33
    5629      5630        25
    5655      5656        55
    5726      5727       140
    5867      5868        85
    5953      5954        39
    5993      5994        25
    6019      6020        52
    6073      6074       126
    6197      6193        50
    6248      6244        28
    6283      6279        23
    6307      6303        36
    6378      6352        33
    6412      6386       107
    6520      6494        32
    6553      6527        46
    6607      6575        53
    6671      6640        43
    6715      6684        34
    6746      6709       121
    6868      6831        67
    6935      6903        29
    6977      6945        28
    7007      6975        27
    7038      7006       116
    7155      7123        44
    7200      7168       101
    7302      7270        39
    7343      7311        26
    7370      7338        20
    7391      7359        96
    7487      7449        40
    7544      7519       128
    7678      7653        38
    7711      7690        41
    7771      7750       123
    7895      7874        53
    7949      7928        39
    7979      7959       245
    8216      8198        94
    8315      8301        69
    8401      8385        42
    8509      8474        41
    8555      8517       216
    8786      8775       177
    8957      8945        32
    9007      8996        57
    9072      9059        51
    9127      9114        82
    9202      9195        33
    9236      9229        35
    9272      9265        63
    9343      9331        24
    9360      9349        34
    9386      9374        79
    9466      9454        42
    9532      9523        31
    9564      9555        71
    9636      9627        31
    9693      9684        79
    9788      9779        40
    9829      9820        62
    9894      9884        27
    9933      9925        56
    9993      9990        55
   10049     10046        31
   10082     10079        33
   10116     10113       107
   10224     10221        31
   10263     10258        50
   10318     10310        39
   10367     10359       206
   10574     10566        37
   10621     10613        64
   10678     10671        46
   10726     10701       146
   10873     10848        35
   10924     10899        20
   10950     10926        33
   10984     10960        30
   11003     10990        25
   11031     11016        63
   11088     11107       118
   11207     11226       149
   11357     11376        43
   11401     11420       201
   11603     11622        62
   11666     11685       113
   11780     11799       158
   11939     11958       299
   12242     12261       364
   12612     12631        79
   12693     12711        20
   12704     12723        20
   12725     12744        41
   12767     12786       113
   12881     12900       107
   12989     13008        83
   13073     13092       174
   13264     13288        48
   13313     13337        61
   13362     13398        78
   13441     13477        23
   13461     13490        49
   13503     13531       108
   13632     13656        38
   13671     13695        57
   13729     13753        58
   13775     13812        25
   13801     13838        20
   13822     13859        48
   13871     13908       135
   14025     14062        69
   14095     14132        27
   14127     14164        54
   14191     14228        48
   14246     14283        30
   14286     14323        51
   14357     14388        25
   14374     14403        35
   14410     14439        20
   14466     14504        52
   14519     14557        24
   14567     14593       183
   14751     14777        98
   14852     14877        93
   14946     14970        23
   14970     14994       137
   15129     15157        45
   15190     15223        27
   15218     15251        97
   15327     15358        26
   15359     15390        30
   15390     15421        56
   15490     15521        51
   15542     15573        24
   15600     15654        21
   15628     15688        42
   15671     15731        25
   15697     15757        26
   15735     15794        21
   15753     15813        41
   15795     15855        30
   15826     15886        96
   15923     15983       194
   16118     16178       161
   16280     16340        89
   16370     16430        65
   16436     16496        25
   16471     16531       190
   16662     16722        96
   16759     16819       303
   17063     17123        41
   17105     17165       182
   17288     17348       201
   17490     17550        84
   17570     17627        24
   17595     17654        56
   17663     17731        33
   17717     17785        44
   17772     17842       230
   18003     18073       152
   18156     18226        20
   18177     18247        53
   18231     18301       155
   18387     18457        59
   18447     18517        80
   18528     18598       193
   18722     18792        36
   18759     18829        42
   18802     18872        41
   18844     18914        45
   18890     18960       142
   19038     19108       116
   19161     19231        48
   19210     19280        34
   19263     19333       139
   19403     19473        92
   19496     19566       109
   19610     19680        46
   19657     19727        35
   19693     19763       139
   19856     19926       115
   19972     20042        95
   20077     20147        81
   20159     20229        51
   20220     20290        52
   20273     20343        31
   20326     20396        51
   20378     20448        55
   20454     20524        49
   20504     20574       102
   20607     20677        76
   20684     20754       158
   20845     20915       133
   20979     21049       663
   21643     21713        49
   21693     21763        50
   21744     21814        80
   21849     21919       196
   22067     22137        27
   22096     22166        88
   22185     22255        29
   22215     22285        23
   22239     22309       180
   22420     22490        41
   22462     22532       256
   22719     22789       181
   22901     22971       604
   23506     23576        66
   23573     23643        93
   23677     23747       129
   23807     23877        38
   23839     23911       118
   23958     24030       261
   24220     24292        55
   24269     24342        28
   24298     24371       120
   24419     24492       219
   24639     24712       188
   24828     24901       136
   24965     25038        40
   25006     25079        50
   25057     25130        20
   25078     25151       135
   25214     25287       214
   25429     25502        90
   25520     25593        62
   25583     25656       188
   25772     25845        47
   25820     25893       101
   25922     25995       134
   26057     26130       213
   26271     26344        67
   26357     26430       328
   26686     26759        32
   26719     26792        76
   26796     26869       353
   27150     27223       178
   27329     27402        83
   27413     27486        44
   27458     27531        95
   27554     27627       336
   27891     27964        20
   27912     27985       124
   28037     28110        65
   28103     28176       171
   28275     28348        78
   28363     28436        30
   28394     28467        26
   28421     28493        45
   28467     28539        43
   28511     28583        75
   28587     28659        27
   28615     28687        36
   28656     28735        84
   28741     28820        80
   28851     28930       111
   28965     29045        36
   29015     29101       110
   29140     29249        26
   29179     29288        31
   29204     29339        82
   29295     29430       184
   29480     29616        59
   29558     29694        53
   29614     29748        67
   29682     29816        27
   29710     29844        50
   29761     29895        24
   29786     29919        37
   29864     29999        22
   29888     30023        27
   29916     30051       149
   30066     30201        48
   30115     30250        28
   30157     30292       102
   30266     30406       132
   30399     30539        46
   30446     30586        24
   30473     30618       118
   30593     30738        72
   30669     30819        79
   30749     30904        44
   30794     30949        93
   30888     31044        26
   30915     31071        29
   30945     31101        87
   31033     31189        80
   31134     31286        24
   31187     31344        44
   31232     31389        92
   31325     31482       110
   31436     31593        24
   31457     31608        47
   31510     31661        76
   31587     31738       106
   31717     31858        23
   31748     31881        27
   31776     31909        30
   31815     31948        27
   31846     31995        32
   31892     32043        33
   31926     32077        31
   31958     32109        95
   32054     32205        25
   32080     32231        42
   32124     32275        55
   32180     32331        41
   32222     32373       118
   32341     32492        62
   32403     32548        30
   32426     32570        29
   32456     32600       197
   32661     32796        34
   32701     32831        63
   32782     32908        64
   32847     32973        20
   32897     33030        60
   32958     33091       453
   33416     33550        58
   33478     33612        27
   33506     33640        55
   33555     33688        27
   33584     33711        27
   33612     33739        34
   33661     33783       109
   33771     33893        67
   33839     33961        30
   33870     33992        40
   33941     34030        46
   34009     34096        27
   34047     34139        71
   34119     34211        45
   34165     34257       114
   34296     34389        35
   34332     34425        70
   34405     34498        31
   34481     34579        57
   34566     34668        32
   34599     34701        69
   34670     34765       111
   34782     34877        20
   34793     34933        30
   34824     34964        45
   34870     35010        35
   34918     35058        30
   34949     35089        42
   34992     35132       171
   35176     35316       132
   35309     35449        53
   35362     35490        26
   35374     35515       162
   35548     35693       130
   35679     35824        61
   35741     35886       215
   35957     36102       302
   36260     36405       474
   36735     36880       479
   37215     37360        53
   37269     37414        66
   37336     37481       358
   37695     37840       113
   37809     37954       266
   38076     38221       116
   38185     38331        21
   38207     38353        27
   38253     38394        20
   38290     38441       113
   38404     38555        64
   38469     38620        45
   38547     38698        30
   38576     38728        57
   38634     38786        30
   38667     38826        44
   38712     38871        29
   38742     38901       110
   38853     39012        71
   38924     39078        78
   39003     39157        34
   39042     39196        39
   39102     39257        21
   39143     39326        25
   39160     39698        64
   39251     39813        35
   39287     39849        45
   39333     39895        48
   39382     39944        29
   39412     39974        81
   39494     40056        34
   39529     40090        21
   39557     40118        25
   39592     40152       105
   39698     40258        95
   39803     40363        23
   39827     40387       296
   40124     40684        30
   40155     40715        23
   40179     40739        33
   40213     40773        34
   40250     40810        45
   40296     40856       410
   40707     41267       601
   41316     41876       224
   41541     42101       266
   41808     42368        20
   41829     42389        85
   41915     42475        66
   41982     42542        55
   42038     42598       133
   42172     42732       571
   42744     43304        84
   42829     43389       170
   43012     43572       113
   43126     43686        44
   43171     43731        55
   43227     43787        42
   43280     43840        93
   43374     43934        90
   43465     44025       104
   43570     44130        47
   43618     44178       166
   43786     44346       122
   43909     44469       404
   44314     44874       107
   44422     44982       320
   44743     45303        53
   44838     45398        69
   44908     45468        71
   45022     45582        23
   45047     45611        56
   45104     45668        24
   45136     45739        28
   45165     45773        37
   45219     45827        82
   45302     45910       136
   45439     46047        40
   45480     46088        47
   45528     46136        83
   45612     46220       175
   45790     46409        40
   45831     46450       169
   46001     46620        49
   46051     46670       150
   46194     46818       307
   46502     47126       157
   46675     47299       105
   46792     47416        28
   46838     47462        93
   46932     47556        37
   46971     47595        94
   47066     47690       107
   47166     47788       140
   47298     47924       155
   47454     48080        63
   47518     48144        42
   47551     48178        25
   47573     48204        30
   47604     48235        66
   47671     48302       217
   47897     48530        42
   47940     48573       139
   48080     48719        47
   48128     48767        54
   48185     48822       233
   48419     49056        47
   48474     49116       110
   48589     49256        75
   48665     49332        32
   48698     49365       423
   49136     49803        94
   49231     49898        91
   49322     49984       182
   49509     50165        58
   49568     50224        55
   49621     50270        59
   49682     50331        22
   49684     50353        82
   49743     50434        49
   49793     50484        20
   49817     50505        32
   49850     50538        22
   49873     50561        50
   49937     50601       101
   50056     50706        47
   50123     50766        42
   50138     50829        50
   50189     50880        25
   50250     50941       106
   50357     51048        37
   50439     51130        32
   50506     51177       152
   50689     51360        75
   50765     51435       198
   50960     51625        78
   51039     51704        23
   51050     51721        25
   51076     51747        74
   51190     51828        23
   51214     51852        24
   51239     51877        56
   51308     51946       104
   51458     52096       153
   51612     52250        91
   51704     52342       116
   51839     52477        51
   51891     52529        46
   51952     52590        35
   51988     52626        22
   52011     52649        58
   52070     52708        35
   52106     52744        66
   52210     52848        84
   52295     52933        31
   52344     52982        51
   52396     53034        35
   52432     53070       122
   52563     53201       292
   52856     53494        27
   52930     53536        94
   53025     53631        51
   53077     53683        33
   53111     53717        93
   53205     53811       410
   53616     54222        45
   53654     54258       107
   53762     54366        49
   53812     54416       271
   54084     54688        21
   54101     54719       103
   54264     54882        20
   54297     54915        54
   54367     54990        30
   54385     55018        67
   54483     55116        23
   54499     55154       127
   54622     55273       172
   54795     55446       127
   54923     55574        56
   54980     55631        27
   55010     55661        25
   55044     55691        29
   55108     55755       164
   55271     55919        22
   55294     55942        45
   55339     55977        70
   55410     56048        96
   55507     56145        48
   55559     56197        36
   55596     56234        56
   55655     56306        26
   55682     56333       128
   55811     56462        57
   55870     56521       503
   56374     57025        77
   56452     57103       263
   56716     57367       194
   56911     57562        47
   56959     57610       290
   57268     57919       173
   57442     58093       103
   57546     58197       127
   57665     58317        95
   57761     58413        25
   57773     58438        23
   57797     58462       100
   57896     58560        63
   57971     58635        37
   58009     58673        66
   58076     58740        64
   58173     58846       316
   58490     59163       131
   58622     59295       236
   58859     59532        38
   58898     59571       218
   59117     59790       215
   59333     60006        54
   59388     60061       352
   59741     60414        53
   59795     60468        77
   59873     60546        74
   59962     60635        28
   60015     60698        34
   60050     60733        25
   60090     60773        30
   60121     60804        71
   60193     60876        33
   60227     60910        46
   60287     60970        42
   60329     61014        59
   60383     61066        29
   60413     61096        38
   60452     61135        73
   60529     61212       135
   60665     61348        59
   60743     61426        75
   60819     61502       116
   60936     61619       220
   61157     61840        57
   61215     61898        56
   61272     61955       308
   61581     62264       141
   61723     62406       406
   62136     62819        49
   62186     62869        29
   62227     62912        25
   62261     62945        23
   62304     62988        74
   62379     63063        53
   62433     63117        64
   62533     63224        20
   62545     63241        86
   62632     63328        22
   62668     63364        95
   62766     63462       137
   62914     63609        38
   62973     63668        72
   63053     63748        91
   63120     63829        44
   63181     63890        35
   63209     63917       125
   63335     64043       134
   63470     64178        58
   63529     64237       316
   63846     64554        47
   63894     64602        33
   63928     64636        32
   63961     64669        38
   64031     64739        88
   64120     64828        64
   64191     64899        25
   64217     64925        51
   64269     64977        64
   64334     65058        31
   64366     65090        40
   64421     65146        42
   64478     65203        26
   64505     65253        32
   64556     65304        68
   64622     65368        26
   64649     65395        37
   64719     65462        48
   64768     65511        42
   64811     65554        78
   64890     65633        48
   64939     65682       211
   65158     65901       205
   65364     66107        38
   65403     66146        46
   65452     66195        46
   65499     66242        56
   65556     66299       103
   65660     66403       116
   65777     66520        93
   65871     66614        56
   65928     66671       146
   66075     66818       140
   66216     66959       127
   66344     67087        42
   66406     67149        37
   66444     67187       191
   66636     67379        87
   66724     67467        32
   66771     67514        34
   66806     67549        46
   66864     67607        20
   66901     67643        52
   66954     67696        23
   67011     67753        26
   67041     67783        41
   67091     67821        96
   67194     67924        33
   67228     67958        25
   67268     67998        23
   67292     68022        83
   67415     68143        24
   67452     68180        78
   67523     68253        26
   67542     68270        74
   67625     68353        27
   67653     68381        37
   67691     68419        41
   67733     68461       130
   67864     68592       342
   68209     68937        77
   68291     69019       176
   68468     69196       250
   68735     69453       116
   68851     69562        30
   68889     69599        68
   68948     69657        28
   68993     69702        37
   69031     69740        24
   69057     69766        60
   69110     69818        29
   69140     69848        31
   69195     69903        34
   69234     69942        67
   69302     70010        38
   69341     70049        25
   69384     70089        23
   69442     70147       122
   69565     70270       130
   69709     70414        25
   69735     70440       110
   69842     70537        57
   69900     70595        50
   69968     70663        51
   70020     70715       126
   70147     70842        30
   70193     70883        26
   70220     70910        22
   70243     70933       162
   70406     71096        79
   70486     71176       192
   70698     71382        38
   70737     71421        99
   70904     71530        46
   70951     71577       103
   71055     71681       117
   71174     71800        63
   71262     71885        28
   71291     71914        44
   71336     71959        90
   71427     72050        88
   71550     72161        83
   71627     72244        33
   71667     72284       186
   71859     72476        36
   71886     72504        80
   71967     72585       272
   72250     72868        36
   72299     72923        47
   72347     72971        35
   72376     72999        61
   72447     73070        43
   72491     73114        21
   72519     73142        24
   72547     73170        26
   72567     73195       132
   72704     73332       318
   73023     73651        54
   73085     73718        72
   73158     73791       121
   73309     73942        48
   73373     74006        58
   73432     74065        29
   73462     74095        45
   73506     74134        38
   73536     74163        20
   73557     74184        43
   73600     74201        51
   73663     74265       158
   73822     74424        43
   73866     74468        23
   73890     74492        43
   73946     74548       128
   74075     74677        54
   74130     74732       124
   74254     74850        68
   74323     74919        34
   74373     74969        23
   74397     74993       109
   74507     75103        29
   74555     75152        34
   74590     75187        55
   74661     75258        64
   74730     75326        79
   74802     75395       209
   75012     75605        65
   75078     75671        59
   75145     75738        24
   75170     75763        61
   75275     75869        23
   75299     75893        29
   75329     75923       179
   75517     76107        83
   75591     76186        43
   75637     76232        29
   75667     76262        31
   75699     76294       124
   75842     76437       141
   75984     76579       213
   76198     76793       156
   76356     76950        70
   76420     77013       313
   76734     77327        94
   76829     77422       394
   77224     77817       122
   77347     77940        99
   77447     78040       197
   77664     78257       345
   78010     78603        39
   78058     78642       460
   78519     79103        31
   78551     79135       129
   78681     79265        23
   78735     79319        30
   78766     79350        54
   78832     79416        41
   78874     79458        39
   78914     79498        86
   79001     79585        57
   79059     79643        55
   79141     79725       118
   79280     79864        87
   79381     79965        89
   79503     80087        84
   79591     80175       161
   79753     80337        62
   79816     80400       485
   80302     80886       146
   80456     81040        24
   80481     81065       122
   80604     81188       105
   80710     81294        95
   80806     81390        67
   80874     81458        60
   80935     81519        50
   80986     81570        44
   81059     81655       402
   81462     82058       314
   81777     82373        51
   81829     82425        23
   81864     82465        48
   81927     82529       222
   82150     82752        41
   82195     82797        41
   82237     82839        29
   82267     82869       124
   82411     83019        90
   82502     83110       122
   82647     83255       189
   82867     83475       149
   83025     83633       125
   83151     83759        97
   83249     83857        34
   83284     83892       107
   83380     84012        54
   83435     84067        80
   83516     84148        57
   83584     84216        68
   83653     84285        77
   83731     84363        28
   83760     84392        48
   83809     84441       159
   83978     84610        38
   84017     84649       144
   84167     84799       130
   84312     84944        54
   84367     84999       236
   84613     85236        24
   84638     85261        23
   84664     85287        32
   84726     85349       191
   84918     85541        37
   84956     85579        50
   85007     85630        93
   85101     85724        41
   85134     85754        35
   85179     85797        67
   85247     85865        80
   85328     85946        63
   85412     86030       307
   85721     86339        30
   85752     86395       123
   85876     86519        67
   85950     86573       191
   86145     86768        49
   86195     86818        26
   86246     86869        28
   86275     86902        29
   86305     86932       126
   86424     87057        27
   86452     87085        31
   86483     87117        21
   86505     87139        45
   86551     87185       131
   86693     87326        46
   86732     87364        37
   86808     87440        46
   86855     87487        58
   86914     87546        34
   86949     87581        60
   87010     87642       185
   87196     87828        26
   87227     87859        49
   87312     87944        39
   87375     88007        85
   87461     88093        30
   87498     88132        38
   87537     88171        75
   87613     88247        50
   87664     88298        85
   87750     88384        47
   87798     88432       112
   87911     88545        24
   87936     88570       147
   88084     88718        97
   88182     88816        42
   88225     88859        55
   88321     88948       752
   89074     89701       495
   89570     90197      1605
   91176     91803       158
   91335     91962        24
   91360     91987        31
   91392     92019       399
   91792     92419       748
   92541     93168       224
   92766     93393        40
   92816     93443       119
   92948     93575       370
   93319     93946       268
   93588     94215        35
   93624     94251       867
   94492     95119       292
   94785     95412       213
   94999     95626        40
   95040     95667       214
   95255     95882       661
   95917     96544        98
   96016     96643       309
   96326     96953        52
   96379     97006       362
   96742     97369       452
   97195     97822       392
   97588     98215       185
   97774     98401       291
   98066     98693       358
   98425     99052      1387
   99813    100440        71
   99876    100504       133
  100010    100638       701
  100712    101340       482
  101195    101823       931
  102127    102755        26
  102154    102782        67
  102211    102838       592
  102804    103431       108
  102911    103539        29
  102941    103569       125
  103067    103695       103
  103171    103799        39
  103211    103839       457
  103669    104297        53
  103734    104357       177
  103912    104535       593
  104503    105131       539
  105043    105671       962
  106006    106634       309
  106316    106944       345
  106662    107290       528
  107182    107811        23
  107206    107835       584
  107791    108420       714
  108506    109135       963
  109470    110099      2519
  111990    112619       266
  112247    112877       274
  112522    113152        33
  112556    113186       211
  112768    113398       319
  113089    113717       375
  113465    114093       135
  113601    114229        38
  113640    114268        69
  113700    114337       459
  114141    114796        46
  114188    114843        64
  114253    114908       144
  114402    115051        64
  114467    115116       138
  114698    115280        29
  114722    115303        32
  114755    115336       150
  114906    115487        43
  114950    115531        36
  114999    115580        37
  115037    115618        78
  115116    115697        49
  115166    115747        51
  115218    115799        20
  115240    115821        33
  115274    115855        20
  115295    115876        22
  115322    115903        60
  115383    115964        22
  115406    115987        30
  115437    116018        34
  115514    116095        30
  115566    116147        52
  115619    116200        54
  115674    116255       232
  115907    116488       102
  116010    116591       157
  116174    116755       196
  116371    116952        57
  116429    117010       186
  116616    117197        65
  116682    117263        31
  116714    117295        82
  116797    117378       197
  116995    117576        94
  117090    117671        84
  117203    117784        24
  117244    117812        49
  117294    117862        67
  117362    117930        20
  117429    117990        42
  117519    118077        53
  117587    118145        21
  117623    118181        25
  117675    118236        21
  117697    118258        31
  117738    118299        29
  117760    118322        27
  117788    118350        49
  117834    118391        22
  117857    118414        39
  117897    118454        70
  117968    118525        27
  117996    118553        40
  118037    118594        30
  118068    118625        26
  118108    118665        21
  118118    118677        21
  118131    118688        32
  118170    118728        39
  118237    118798        21
  118268    118829        34
  118328    118889        21
  118364    118967        21
  118386    118989        26
  118406    119008        22
  118668    119112        45
  118738    119179       123
  118862    119303        59
  118922    119363        33
  118988    119425        36
  119033    119470        23
  119057    119494        26
  119084    119521       113
  119198    119635        23
  119222    119659        32
  119279    119716        66
  119346    119783        67
  119414    119851        69
  119489    119926        29
  119519    119956        52
  119572    120009        52
  119625    120062        31
  119657    120094       188
  119846    120283        35
  119882    120319        64
  119940    120391        42
  119983    120434        23
  120029    120480        92
  120158    120609        25
  120191    120641        81
  120274    120724       113
  120400    120850       157
  120558    121008        32
  120591    121041        32
  120624    121074        70
  120695    121145        32
  120728    121178       177
  120906    121356       109
  121016    121466        77
  121094    121544        26
  121121    121571       116
  121238    121688        59
  121302    121752       146
  121449    121899        85
  121541    121991        66
  121608    122058        20
  121638    122088       120
  121759    122209        29
  121799    122248        56
  121863    122313       297
  122161    122611       151
  122313    122763        32
  122346    122796       105
  122452    122902        22
  122475    122925        46
  122522    122972        66
  122589    123039       155
  122745    123195        45
  122791    123241        27
  122825    123275        87
  122913    123363        22
  122959    123409        81
  123077    123527       138
  123216    123666        60
  123277    123727       222
  123522    123972        66
  123603    124053        59
  123676    124125        24
  123721    124194        22
  123749    124222        31
  123781    124254        24
  123797    124269        50
  123848    124320        29
  123886    124365        26
  123912    124384        69
  123982    124454        38
  124021    124493        62
  124084    124556       170
  124255    124727        56
  124312    124784       164
  124477    124949       302
  124780    125252        45
  124826    125298       128
  124955    125427       176
  125149    125621        29
  125202    125680        88
  125305    125780        60
  125396    125871        48
  125459    125934        54
  125503    125980        32
  125535    126007        63
  125599    126071        25
  125625    126097        38
  125676    126141        31
  125708    126173       111
  125840    126305        28
  125869    126334        39
  125909    126374        20
  125921    126385       152
  126087    126544       270
  126358    126815       177
  126536    126993        62
  126599    127056        41
  126641    127098       256
  126898    127355       125
  127024    127481        24
  127049    127506        37
  127087    127544       107
  127195    127652        44
  127251    127708        22
  127274    127731       276
  127551    128008        45
  127597    128054       119
  127723    128180        83
  127807    128264        39
  127863    128320        60
  127924    128381        51
  127976    128433        43
  128027    128484        76
  128104    128561        65
  128170    128627        42
  128213    128670        25
  128239    128696        23
  128274    128730        30
  128305    128761        59
  128365    128821        42
  128435    128871        39
  128499    128948        20
  128541    128990        74
  128616    129065        34
  128651    129100        55
  128710    129159        41
  128752    129201        69
  128822    129271        83
  128910    129359        27
  128969    129418        39
  129009    129458        46
  129056    129505        28
  129085    129534        47
  129134    129583        92
  129227    129676        46
  129293    129742        22
  129319    129768        77
  129405    129854        21
  129427    129876        21
  129458    129907        40
  129499    129948        52
  129556    130005        61
  129611    130066        23
  129636    130091       103
  129742    130197        33
  129787    130242        22
  129827    130282        21
  129858    130313        20
  129879    130334        48
  129928    130383        82
  130052    130507        22
  130075    130530        20
  130119    130574        31
  130151    130606        89
  130261    130716        20
  130293    130748        23
  130364    130819        24
  130408    130863        28
  130437    130892        67
  130505    130960        25
  130531    130986        42
  130588    131043        44
  130636    131091        26
  130663    131118        35
  130734    131189        40
  130844    131299        33
  130901    131356        54
  130956    131411        35
  131002    131457        21
  131024    131479        43
  131068    131523        61
  131132    131587        46
  131179    131634        47
  131238    131693        24
  131286    131741        53
  131352    131807        25
  131388    131843        36
  131442    131897        72
  131515    131970        47
  131563    132018        64
  131636    132091       122
  131759    132214        25
  131785    132240        29
  131822    132277        41
  131908    132363        26
  131939    132394        39
  131988    132443        50
  132099    132554        29
  132157    132612        33
  132191    132646        20
  132212    132667        20
  132258    132713        37
  132328    132783        34
  132371    132826        49
  132421    132876        45
  132467    132922        30
  132500    132955        33
  132623    133018        22
  132667    133062        21
  132689    133084        23
  132757    133152        21
  132779    133174        51
  132831    133226        26
  132926    133321        22
  132963    133358        26
  133007    133402        27
  133037    133432        42
  133080    133475        43
  133124    133519        59
  133184    133579        23
  133208    133603       138
  133347    133742        64
  133416    133805       144
  133561    133950        64
  133626    134015        46
  133654    134061       459
  134104    134520        69
  134174    134590        38
  134213    134629       135
  134349    134765       375
  134726    135140       319
  135046    135460       211
  135258    135672        33
  135292    135706       274
  135557    135972       266
  135824    136239      2519
  138344    138759       963
  139308    139723       714
  140023    140438       584
  140608    141023        23
  140623    141039       528
  141152    141568       345
  141498    141914       309
  141808    142224       962
  142771    143187       539
  143308    143729       593
  143902    144323       177
  144091    144507        53
  144145    144561       457
  144603    145019        39
  144643    145059       103
  144747    145163       125
  144873    145289        29
  144901    145318       108
  145010    145427       592
  145592    146008        67
  145660    146076        26
  145687    146103       931
  146619    147035       482
  147102    147518       701
  147804    148220       133
  147929    148346        71
  148001    148418      1387
  149389    149806       358
  149748    150165       291
  150040    150457       185
  150226    150643       392
  150619    151036       452
  151072    151489       362
  151435    151852        52
  151488    151905       309
  151798    152215        98
  151897    152314       661
  152559    152976       214
  152774    153191        40
  152815    153232       213
  153029    153446       292
  153322    153739       867
  154190    154607        35
  154226    154643       268
  154495    154912       370
  154878    155295       119
  155007    155424        40
  155048    155465       224
  155273    155690       748
  156022    156439       399
  156422    156839        31
  156454    156871        24
  156479    156896       158
  156638    157055      1605
  158244    158661       495
  158740    159157       752
