> gi|630056833|gb|KJ477692.1|
      50       146        27
      78       173        24
     497       521        21
     519       543        41
     564       588        20
     639       663        23
     678       702        31
     732       756        23
     783       807        53
     837       861        50
     900       924        23
     966       990        23
    1014      1038        29
    1137      1161        26
    1215      1239        29
    1248      1272        20
    1269      1293        26
    1314      1338        26
    1383      1407        28
    1412      1436        30
    1443      1467        98
    1605      1625        31
    1852      1802        36
    2354      2260        20
    2452      2358        28
    2483      2389        23
    2755      2661        22
    2983      2889        30
    3587      3514        27
    3881      3819        49
    4315      4253        24
    4399      4337        45
    5367      5131        35
    5418      5182        39
    6341      5228        22
    6402      5298        21
    7183      7271        21
    7391      7474        20
    7473      7556        30
    7986      8110        27
    8041      8165        23
    8184      8372        20
    8205      8393        22
    8228      8416        26
    9083      9186        22
    9150      9233        42
    9427      9469        26
    9494      9536        26
    9538      9585        20
    9639      9692        32
    9845      9863        34
    9925      9949        63
   10182     10193        80
   10387     10445        25
   10470     10528        20
   10620     10678        23
   10791     10849        26
   10884     10942        20
   10941     10999        20
   10983     11041        38
   11214     11272        47
   11316     11374        26
   11548     11606        22
   11592     11650        28
   11649     11707        26
   11691     11749        32
   11905     11952        21
   12290     12337        38
   12366     12408        20
   12387     12429        32
   12926     12927        26
   13086     13083        56
   13149     13146        44
   13196     13193        25
   13886     13730        29
   13925     13769        35
   13979     13823        56
   14045     13889        41
   15136     14906        23
   28811     56413        35
   29463     57254        20
   29484     57275        35
   29520     57311        29
   30772     57950        20
   30813     57990        22
   30904     58080        25
   36839      8380        21
   37882     47587        20
   44493    155252        26
   44520    155279        20
   46775     44651        28
   46804     44680        28
   46836     44712        34
   47151     45053        29
   47367     45275        24
   47403     45311        29
   47453     45361        21
   47487     45395        37
   47580     45488        31
   54048     59618        45
   54126     59696        26
   54153     59723        27
   54399     59947        21
   54565     60120        26
   54685     60235        40
   54759     60306        21
   54913     60465        79
   55274     50914        27
   55349     50989        29
   55470     51110        29
   55518     51158        29
   55640     51280        21
   55699     51339        24
   55817     51457        53
   55909     51549        27
   56051     51691        23
   56132     51772        26
   56177     51817        25
   56332     51972        21
   56375     52015        20
   56396     52036        20
   56420     52060        20
   56447     52087        23
   56484     52124        25
   56612     52252        23
   56645     52285        26
   56672     52312        29
   56735     52375        26
   56846     52486        21
   56912     52552        20
   56993     52633        22
   58119     53571        22
   58247     53699        20
   58304     53756        20
   58325     53777        20
   58346     53798        21
   58433     53885        65
   58595     54047        26
   58679     54131        20
   58769     54221        23
   58803     54255        28
   58832     54284        20
   58943     54395        53
   59015     54467        45
   59072     54524        30
   59111     54563        20
   59201     54653        26
   59261     54713        27
   59324     54776        23
   59438     54890        20
   66897     46122        22
   67603     42629        28
   67660     42686        37
   72739    153799        39
   73074    154130        30
   73225    154228        23
   73291    154294        25
   73766    155602        22
   73856    155685        33
   73890    155719        21
   74040    155853        29
   74216    156014        20
   74354    156149        23
   74380    156183        41
   74455    156251        25
   75433    157109        23
   75832    157714        21
   76129    158039        31
   76211    158121        26
   76238    158148        20
   76277    158187        26
   76313    158223        31
   76398    158308        28
   89721     59578        20
   90140     60714        62
   90562     98007        22
   91592     98236        20
   91852     98469        26
   93306     99476        42
   93411     99581        24
   93723     99917        29
   93769     99963        32
   94767    101921        24
   95059    102210        22
   95564    102820        23
   95588    102844        25
   95916    103175        34
   96001    103260        30
   96122    103381        25
   96338    103597        38
   96670    103926        24
   97100    104542        26
   97179    104621        24
   97432    104700        25
   98176    105130        20
   98216    105170        62
   98283    105237        41
  103815     15106        22
  104760    105608        20
  104844    105693        31
  104908    105757        25
  104936    105785       145
  105082    105931        40
  105124    105972        61
  105228    106078        64
  105318    106168        25
  105381    106230        80
  105462    106311       167
  105630    106479        20
  105651    106500        23
  105675    106524        24
  105711    106561        21
  105735    106584        32
  105779    106627       157
  105937    106785       121
  106081    106923       102
  106212    107054        71
  106284    107126        27
  106312    107154        30
  106364    107206        37
  106402    107244        50
  106462    107304        35
  106513    107355        20
  106583    107429        21
  106622    107468        31
  106692    107538        31
  106756    107603        26
  106780    107628        83
  106864    107712        51
  106916    107764        76
  107024    107872        23
  107066    107914        97
  107164    108012        28
  107193    108041        63
  107265    108113        26
  107330    108178        21
  107352    108200        34
  107398    108244        71
  107491    108340        31
  107602    108423        23
  107631    108451        25
  107657    108477       146
  107805    108633        32
  107838    108666        23
  107856    108685        64
  107921    108750        44
  107966    108795        88
  108075    108913        54
  108153    108992        67
  108221    109060        35
  108266    109105        28
  108325    109164        29
  108361    109200        69
  108495    109338        47
  108562    109408        62
  108628    109474        39
  108667    109514        24
  108692    109539        53
  108807    109650        25
  108840    109678        32
  108886    109710       102
  108996    109820        24
  109030    109854        24
  109055    109879        38
  109094    109918        91
  109186    110010        28
  109238    110062        30
  109269    110093       128
  109400    110224        52
  109453    110277        68
  109530    110354        86
  109624    110448       170
  109795    110619        61
  109857    110681       104
  109962    110786       137
  110100    110924        24
  110158    110981        42
  110201    111024        23
  110225    111048        84
  110311    111134        66
  110400    111224        20
  110412    111242        27
  110460    111336        21
  110790    111747        85
  110876    111833        81
  110958    111915        57
  111016    111973        27
  111044    112001        80
  111125    112082        97
  111232    112189        39
  111272    112229       178
  111451    112408       115
  111567    112524       139
  111806    112741        34
  111841    112776        56
  111898    112833        42
  111941    112876        42
  111992    112895        64
  112071    112974        36
  112165    113057        29
  112195    113087        27
  112223    113115        29
  112266    113158        23
  112356    113287        33
  112424    113355        22
  112513    113439        22
  112536    113462        72
  113214    148708        20
  113227    113763        43
  113271    113807        25
  113297    113833        22
  113326    113862        45
  114713    132864        32
  114782    132933        32
  114866    133017        28
  115049    133200        20
  115127    133278        38
  115550    133701        23
  115709    133860        26
  115790    133941        23
  117311    135931        29
  118591    136699        55
  118833    136937        22
  118953    137051        23
  118990    137088        20
  119469    137555        20
  119667    137753        23
  119713    137799        20
  120362    138426        27
  120421    138485        22
  120611    138675        21
  120636    138700        26
  120777    138841        26
  120885    138949        22
  121131    139195        32
  121260    139324        20
  121299    139363        20
  121529    139593        45
  121683    139734        22
  121709    139760        26
  121766    139817        29
  121838    139889        20
  121880    139931        35
  122318    140408        26
  122393    140483        32
  122439    140529        27
  122753    140830        25
  123028    141105        21
  123104    141181        32
  123137    141214        25
  123767    141806        20
  123801    141840        26
  123828    141867        32
  123879    141918        26
  123984    142023        29
  124023    142062        23
  124095    142134        38
  124168    142207        34
  124216    142255        20
  124268    142307        20
  124289    142328        25
  124426    142465        24
  124531    142570        26
  124654    142693        32
  124729    142768        31
  124812    142851        23
  124988    143026        24
  125026    143057        24
  125075    143106        20
  125651    143669        28
  125852    143895        23
  125894    143937        32
  126209    144252        26
  126242    144285        23
  126292    144335        20
  126390    144433        23
  126414    144457        23
  126438    144481        51
  126612    144655        29
  126683    144726        21
  126774    144817        23
  126828    144871        32
  126906    144949        20
  126957    145000        20
  127029    145072        26
  127109    145152        24
  127185    145228        20
  127254    145297        26
  127359    145402        38
  127451    145494        24
  127482    145525        29
  127786    145882        26
  127853    145949        23
  128398    147005        30
  130331    148827        25
  134241    158337        45
  134293    158389        22
  134316    158412        25
  134342    158438        43
  134378    123516        20
  135004    158710        72
  135077    158783        22
  135166    158867        22
  135223    158924        33
  135323    159063        23
  135360    159100        29
  135390    159130        27
  135418    159158        29
  135505    159234        36
  135556    159285        64
  135629    159326        42
  135672    159369        42
  135715    159412        56
  135772    159469        34
  135906    159581       139
  136046    159721       115
  136162    159837       178
  136341    160016        39
  136390    160065        97
  136488    160163        80
  136569    160244        27
  136597    160272        57
  136655    160330        81
  136737    160412        85
  137131    160887        21
  137173    160975        27
  137192    161000        20
  137235    161044        66
  137303    161112        84
  137388    161197        23
  137412    161221        42
  137488    161296        24
  137513    161321       137
  137651    161459       104
  137756    161564        61
  137818    161626       170
  137996    161804        86
  138091    161899        68
  138160    161968        52
  138215    162023       128
  138344    162152        30
  138398    162206        28
  138427    162235        91
  138519    162327        38
  138558    162366        24
  138592    162400        24
  138624    162432       102
  138740    162534        32
  138780    162569        25
  138867    162652        53
  138921    162706        24
  138945    162731        39
  138988    162774        62
  139070    162859        47
  139182    162975        69
  139258    163051        29
  139318    163111        28
  139356    163149        35
  139392    163185        67
  139483    163277        54
  139558    163361        88
  139647    163450        44
  139692    163495        64
  139751    163555        23
  139775    163579        32
  139809    163621       146
  139956    163768        25
  139987    163798        23
  140090    163873        31
  140143    163929        71
  140226    164010        34
  140261    164045        21
  140321    164105        26
  140356    164140        63
  140420    164204        28
  140449    164233        97
  140565    164349        23
  140620    164404        76
  140697    164481        51
  140749    164533        83
  140830    164615        26
  140889    164675        31
  140959    164745        31
  141008    164794        21
  141079    164869        20
  141115    164905        35
  141160    164950        50
  141211    165001        37
  141270    165060        30
  141301    165091        27
  141329    165119        71
  141429    165219       102
  141554    165338       121
  141676    165460       157
  141845    165628        32
  141880    165662        21
  141913    165696        24
  141938    165721        23
  141962    165745        20
  141983    165766       167
  142151    165934        80
  142269    166051        25
  142320    166102        64
  142427    166211        61
  142490    166273        40
  142531    166314       145
  142679    166462        25
  142737    166520        31
  142832    166616        20
  144074     90358        23
  144098     90382        46
  144480     90706        30
  144511     90737        22
  144566     90792        44
  144663     90890        25
  144788     90954        59
  144860     91027        21
  144898     91065        41
  144981     91148        33
  145015     91182        58
  145077     91244       189
  145382     91543        61
  145444     91605        44
  145489     91650        32
  145522     91683        34
  145573     91750        45
  145619     91796        33
  145669     91846        26
  145757     91934        42
  145800     91977        41
  146043     92220        27
  146134     92311        32
  146328     92412        32
  146493     92558        36
  146575     92640        31
  146628     92693        28
  146700     92765        38
  146739     92804        38
  146778     92843        23
  146818     92883        40
  146859     92924        33
  146904     92969       144
  147056     93121        60
  147125     93190        87
  147213     93278        71
  147328     93393        57
  147405     93470        38
  147477     93535        28
  147595     93653        27
  147623     93680        25
  147649     93706        41
  147739     93796        56
  147883     93937        22
  147906     93960        65
  147972     94026        55
  148049     94103        24
  148074     94128        32
  148107     94161        61
  148169     94223        30
  148200     94254        33
  148244     94298        39
  148284     94338        22
  148307     94361        56
  148367     94421        26
  148409     94463        42
  148452     94506        22
  148643     94697        60
  148704     94758        26
  148870     94914        31
  149005     95047        22
  149288    166966        41
  149334    167012        62
  149416    167094        20
  150197     52914        24
  157848     77728        34
  157867     15169        24
  157903     15205        25
  157929     15231        27
  158030     15311        22
  158071     15352        26
  158129     15410        22
  158172     15453        76
  158249     15530       100
  158350     15631        27
  158384     15665        27
  158412     15693        69
  158494     15775        46
  158573     15854        37
  158611     15892        44
  158652     15932        35
  158688     15968        81
  158770     16050        34
  158901     16157        81
  159024     16276        24
  159111     16363        47
  159159     16411        32
  159218     16470        24
  159266     16518        54
  159349     16601        36
  159411     16663        20
