> gi|873819749|gb|KR780582.1|
     340       260        26
     376       296        20
     484       404        26
     532       452        35
     664       584        38
     703       623        20
     748       668        20
     907       827        23
     933       853        48
    1054       974        26
    1959      1940        20
    3890      3898        46
    5576      5620        20
    6749      7469        24
    7983      8816        26
    8016      8849        21
    9066     32685        25
    9276     32895        20
    9666     33285        32
    9783     33402        26
    9858     33477        35
    9912     33531        20
   10002     33621        29
   10074     33693        23
   10098     33717        23
   10125     33744        25
   10155     33774        24
   10528     34147        23
   10639     34258        20
   11017     34636        35
   11410     35029        20
   11661     35308        38
   11704     35350        24
   12602     36115        21
   12962     64992        21
   13116     36329        25
   38472     36645        24
   38924     37098        23
   38962     37136        27
   39086     37260        23
   39374     37548        56
   39574     37748        24
   39635     37809        20
   39881     38055        29
   39962     38136        26
   40135     38309        27
   40280     38454        20
   40388     38562        20
   40442     38616        26
   40598     38772        26
   40685     38859        26
   40826     39000        20
   40901     39075        32
   41007     39181        20
   41055     39229        20
   41078     39252        21
   41256     39430        29
   41334     39508        20
   41616     39790        23
   41676     39850        26
   41800     39974        25
   42012     40186        26
   42132     40306        20
   42324     40498        20
   42537     40711        32
   42672     40846        29
   42711     40885        29
   42792     40966        41
   42900     41074        33
   43092     41266        46
   43966     42095        48
   44040     42169        24
   44083     42224        39
   44861     42959        22
   44920     43018        26
   45020     43118        23
   45053     43151        26
   46468     44663        37
   46508     44703        36
   47150     45320        26
   48744     46977        21
   49230     47400        28
   49525     47836        42
   49568     47879        26
   51041     49218        20
   51257     49434        20
   51522     49696        20
   51631     49805        20
   52855     52018        23
   52926     52089        20
   53013     52170        21
   53733     52753        23
   53772     52792        30
   56727     55477        29
   56844     55594        29
   57058     55808        22
   57213     55963        20
   57516     56266        20
   57681     56431        20
   57858     56608        25
   57897     56647        23
   57936     56686        24
   70403     73450        21
   70566     73613        23
   70668     73715        26
   70701     73748        23
   70731     73778        29
   70866     73913        20
   71077     74124        22
   71459     74506        27
   71568     74615        23
   71685     74732        20
   72085     75130        30
   73620     76689        20
   73689     76758        26
   73776     76845        23
   73896     76965        24
   74019     77088        23
   74043     77112        23
   74163     77232        23
   74463     77529        24
   74807     77835        21
   75219     78174        27
   75283     78238        20
   75631     78586        26
   77078     80032        31
   78812     81686        20
   78844     81718        33
   79349     82206        20
   79609     82472        24
   83104     85368        23
   83281     85541        21
   83900     86169        40
   84832     87164        20
   88319     95462        36
   88356     95499        53
   89434     96555        40
   89530     96651        20
   89551     96672        20
   89584     96705        22
   89668     96789        26
   89709     96830        21
   89736     96857        22
   89797     96918        26
   90461     97561        20
   90545     97645        20
   90734     97834        21
   90782     97882        23
   90875     97975        31
   90935     98035        20
   91029     98129        21
   91135     98235        25
   92072     99093        21
   92327     99354        20
   92609     99632        25
   92714     99737        39
   92754     99777        29
   92788     99811        42
   92893     43164        36
   94594    100878        25
   94895    102329        50
   94964    102398        20
   94995    102429        23
   95042    102498        20
   95065    102522        21
   95087    102544        28
   95147    102604        63
   95211    102668        46
   95305    102762        56
   95362    102819        27
   95404    102861        24
   95429    102886        63
   95493    102950        34
   95551    103009        23
   95586    103044        70
   95717    103175       101
   95858    103316        39
   95928    103386        31
   95988    103445        21
   96041    103498        28
   96127    103584        34
   96162    103619        42
   96310    103766        80
   96674    104375        62
   97058    104770        47
   97566    105117        33
   97670    105196        25
   97766    105284        63
   97865    105384        35
   97993    105515        24
   98019    105541        24
   98067    105590        31
   98180    105704        25
   98493    105985        20
   98607    106108        42
   98814    106366        28
   98855    106407        24
   98887    106439        21
   98960    106511        37
   98998    106549        44
   99057    106608        24
   99090    106641        20
   99172    106725        30
   99203    106756        94
   99329    106879        20
   99356    106935        41
   99398    106977        25
   99424    106998        23
   99467    107046        60
   99539    107118        26
   99582    107161        70
   99665    107245        22
   99716    107296        22
   99770    107354        50
   99821    107405        38
   99971    107555        35
  100007    107591        24
  100075    107659        22
  100098    107682        33
  100137    107721        79
  100217    107801        24
  100259    107843        27
  100320    107901        26
  100472    108005        20
  100533    108066        61
  100597    108130        20
  100634    108169        57
  100692    108227        45
  100771    108306        60
  100832    108367        20
  100853    108388        41
  100895    108430        88
  100998    108533        47
  101046    108581        24
  101109    108645        52
  101162    108698        32
  101205    108741        42
  101263    108799       102
  101366    108902        50
  101427    108963        30
  101458    108994        55
  101514    109050        23
  101544    109080        52
  101806    109254        50
  102123    109685        24
  102148    109710        41
  102473    109997        76
  102834    110579        42
  106537    112976        26
  108664    115987        49
  109740    117183        20
  110187    117603        20
  110208    117624        27
  110316    117729        23
  110340    117753        26
  110532    117945        22
  111192    118605        20
  111687    119131        26
  111765    119209        29
  111825    119269        23
  112366    119711        26
  112414    119759        21
  113750    121132        23
  114322    121687        21
  114768    122142        21
  115876    122986        20
  115909    123019        26
  115963    123073        20
  116402    123521        23
  116798    123917        23
  117098    124217        20
  117209    124328        32
  117338    124457        23
  117452    124571        20
  117485    124604        26
  119528    132641        26
  137552    136487        20
  137602    136536        25
  139669    136119        25
