> gi|290775771|gb|GU907100.1|
       1        14       890
     892       905       536
    1429      1442       338
    1772      1779      2093
    3866      3873       354
    4227      4226       373
    4601      4600       231
    4833      4832        66
    4890      4896        52
    4935      4940        69
    5005      5010       137
    5144      5154       360
    5497      5505       178
    5665      5674        74
    5742      5750        73
    5816      5824       148
    5965      5972       626
    6592      6599        67
    6660      6667       272
    6932      6945       350
    7285      7293       494
    7778      7791       420
    8199      8212       211
    8411      8424       198
    8610      8623       287
    8889      8901       118
    9007      9011       342
    9359      9357       126
    9486      9484       334
    9816      9819       329
   10144     10126       726
   10879     10861      1498
   12368     12351       178
   12547     12530      1016
   13554     13538      1162
   14704     14687        37
   14732     14716       119
   14852     14836        75
   14917     14900      1433
   16346     16328      2562
   18909     18891       290
   19200     19182       780
   19981     19963       300
   20282     20264      1599
   21882     21864      3906
   25789     25771      1000
   26790     26772      1113
   27904     27886        51
   27956     27938       324
   28277     28258        21
   28299     28280        95
   28395     28376       151
   28547     28528        52
   28591     28573       778
   29370     29352       104
   29475     29457       493
   29964     29945        88
   30048     30034       266
   30305     30293       229
   30535     30523       147
   30680     30617       885
   31563     31505       749
   32313     32255       247
   32569     32507       161
   32721     32660       439
   33151     33091       116
   33262     33190       400
   33664     33587       504
   34172     34090       308
   34478     34389       469
   34948     34859       171
   35120     35031       695
   35816     35727      1771
   37587     37494       444
   38035     37940       120
   38160     38060        72
   38238     38136        26
   38264     38145        46
   38307     38291        35
   38334     38303       144
   38472     38447      1093
   39566     39541       878
   40445     40420        58
   40504     40479       213
   40718     40693       350
   41069     41044      3437
   44514     44487        21
   44526     44501       220
   44747     44722      2314
   47060     47040       405
   47470     47444        33
   47504     47478       964
   48456     38261        24
   48479     48441        51
   48514     48491       100
   48615     48592       384
   49000     48977        79
   49080     49057        63
   49141     49124       110
   49248     49237        73
   49322     49311        62
   49416     49374       211
   49628     49586        89
   49718     49676        39
   49761     49714       122
   49876     49830        43
   49918     49873       129
   50048     50003       579
   50618     50575        39
   50649     50612      2064
   52703     52665      1508
   54210     54177        45
   54256     54223        20
   54277     54244       275
   54572     54539       230
   54795     54760      3012
   57798     57765       131
   57930     57897       281
   58203     58171       112
   58315     58278      1013
   59329     59292       638
   59968     59931       740
   60708     60677       309
   61018     60987       429
   61448     61417       474
   61923     61892      2666
   64590     64559        54
   64634     64595       342
   64976     64931       852
   65829     65784       209
   66028     65982       750
   66779     66733       465
   67236     67197        59
   67287     67247        46
   67328     67284       152
   67479     67441        45
   67548     67502       932
   68472     68427       608
   69081     69036       383
   69542     69498        25
   69567     69528       131
   69699     69660       611
   70311     70272        58
   70359     70319        49
   70409     70369       477
   70887     70847       422
   71318     71272       238
   71550     71498        21
   71570     71512       514
   72085     72027       546
   72632     72574       673
   73299     73246       566
   73861     73807       774
   74636     74582       150
   74787     74735       197
   74985     74933      1168
   76154     76102        56
   76207     76154       290
   76489     76443      1906
   78396     78350       766
   79163     79117       720
   79884     79838       124
   80014     79968        33
   80041     79992       837
   80880     80826      1429
   82310     82256       358
   82669     82615      1457
   84127     84073        52
   84175     84120      1351
   85517     85461       425
   85943     85887        33
   85977     85921       103
   86071     86016       101
   86173     86118       175
   86367     86307       837
   87205     87145       595
   87801     87741       703
   88496     88437      2189
   90683     90628       604
   91288     91233      1797
   93086     93031       880
   93963     93914      3783
   97746     97691       675
   98422     98367      5892
  104315    104260        47
  104356    104306        78
  104425    104380       490
  104916    104871      2312
  107229    107184       214
  107442    107398      1690
  109133    109089       424
  109572    109524      3892
  113459    113416       950
  126754    122249        43
  128489    120515        42
  134689    134637       950
  135634    135587      3892
  139541    139490       424
  139966    139915      1690
  141655    141605       214
  141870    141820      2312
  144183    144133       490
  144664    144619        78
  144736    144696        47
  144784    144744      5892
  150677    150637       675
  151352    151306      3783
  155132    155092       880
  156013    155973      1797
  157811    157771       604
  158413    158377      1878
