> gi|179366234|gb|EU549769.1|
      17         1        76
     436       455        44
     494       513        53
     614       633        20
     659       678        25
     685       704        21
     707       726        50
     758       777        23
     782       801        23
     806       825        21
     828       847        28
     875       894        34
     941       960        38
    1046      1065        32
    1088      1107        23
    1112      1131        46
    1181      1200        23
    1232      1251        38
    1289      1308       116
    1442      1461        88
    1531      1550        21
    1576      1592        36
    1850      1754        20
    1925      1805        33
    2405      2278        33
    2439      2312        21
    2744      2617        22
    2970      2843        20
    3492      3380        21
    3721      3599        46
    3884      3775        35
    4295      4193        24
    4382      4280        42
    4737      4650        21
    5340      5213        23
    5397      5270        20
    5442      5315        29
    5520      5398        32
    6210      6065        21
    6330      6192        39
    6370      6232        29
    6408      6279        27
    6975      7206        32
    7008      7239        29
    7184      7443        21
    7206      7465        37
    7387      7639        20
    7475      7721        30
    7538      7784        37
    8029      8262        32
    8180      8478        31
    8252      8550        20
    8280      8577        22
   14130     87413        20
   28896      9335        24
   28924      9362        22
   29537     10111        20
   29558     10132        65
   30851     10790        20
   30892     10828        37
   30981     10916        20
   31027     10962        26
   31372     11443        32
   31407     11478        24
   31436     11507        26
   31953     11635        38
   31992     11674        30
   33378     31312        21
   33469     31402        20
   34483     32261        22
   34508     32286        32
   34553     32331        50
   34604     32382        38
   34661     32439        20
   34706     32484        29
   34751     32529        29
   34781     32559        53
   34859     32637        26
   34910     32688        26
   34937     32715        26
   34964     32742        20
   34985     32763        45
   35031     32809        22
   35081     32859        50
   35136     32914        31
   35168     32946        26
   35201     32979        29
   35231     33009        23
   35261     33039        62
   35342     33120        38
   35382     33160        28
   35429     33207        41
   35471     33249       117
   35589     33367        75
   35667     33445        37
   35763     33541        41
   35841     33619        29
   35886     33664        33
   35934     33712        20
   35955     33733        35
   36019     33797        55
   36141     33919        32
   36198     33976        20
   36225     34003        27
   36264     34042        20
   36360     34138        20
   36381     34159        20
   36402     34180        20
   36426     34204        26
   36453     34231        38
   36492     34270        29
   36552     34330        23
   36598     34376        28
   36655     34433        31
   36744     34522        23
   36801     34579        24
   36876     34654        32
   37187     34951        34
   37232     34986        24
   37261     35015        27
   37591     35318        21
   37613     35340        23
   37648     35375        40
   37713     35440        28
   37800     35527        20
   38621     35877        73
   38868     36155        43
   38976     36267        39
   39022     36312        24
   39063     36346        22
   39116     36399        44
   39276     36559        49
   39326     36609        23
   39404     36687        32
   39547     36835        53
   39652     36940        35
   39736     37024        26
   39772     37060        29
   39817     37105        25
   39859     37147        35
   39922     37210        47
   39976     37264        20
   39997     37285        20
   40138     37426        23
   40162     37450        41
   40204     37492        20
   40228     37516        32
   40261     37549        23
   40297     37585        26
   40378     37666        20
   40428     37716        24
   40453     37741        20
   40474     37762        50
   40525     37813        20
   40549     37837        44
   40594     37882        38
   40645     37933        29
   40693     37981        41
   40837     40349        20
   40918     38206        31
   40965     38253        39
   41005     38293        28
   41040     38328        21
   41062     38350        32
   41111     38399        22
   41134     38422        26
   41176     38464        23
   41203     38491        62
   41272     38560        22
   41329     38617        32
   41416     38704        38
   41518     38806        26
   41545     38833        74
   41620     38908        59
   41680     38968        90
   41771     39059        41
   41813     39101        26
   41855     39143        74
   41938     39226        38
   42035     39323        20
   42056     39344        35
   42185     39473        41
   42236     39524        20
   42290     39578        26
   42323     39611        23
   42347     39635        44
   42404     39692        29
   42488     39776        26
   42527     39815        41
   42569     39857        26
   42596     39884        72
   42669     39957        28
   42710     39998        74
   42797     40085        20
   42818     40106        64
   42883     40171        47
   42931     40219        24
   42998     40286        20
   43178     40466        26
   43205     40493        53
   43259     40547        20
   43331     40619        35
   43391     40679        35
   43508     40796        26
   43535     40823        62
   43622     40910        35
   43685     40973        47
   43787     41075        50
   43838     41126        29
   43877     41165        23
   43938     41226       103
   44068     41364        24
   44128     41411        77
   44206     41489        25
   44949     42007        26
   44976     42034        32
   45045     42103        24
   45082     42140        51
   45282     42348        28
   45350     42410        22
   45373     42433        21
   45569     42625        32
   45639     42696        27
   45830     42844        39
   45870     42884        29
   45999     43013        47
   46050     43064        26
   46077     43091        23
   46239     43242        28
   46323     43344        30
   46421     43442        27
   46652     43676        22
   46691     43715        21
   46848     43803        26
   46875     43830        47
   46923     43878        23
   46947     43902        24
   47061     44011        22
   47268     44831        28
   47300     44863        25
   47333     44896        29
   47630     45228        34
   47668     45266        20
   47701     45299        35
   47808     45406        24
   47840     45438        38
   47890     45488        29
   47974     45572        41
   48031     45629        35
   48067     45665        34
   48133     45731        20
   48205     45803        20
   48801     46194        63
   50202     46850        62
   50265     46913        40
   50306     46957        26
   50401     47026        21
   50749     47254        38
   50797     47296        37
   50846     47345        27
   51268     47792        70
   52087     48129        23
   52117     48159        20
   52186     48228        20
   52236     48278        36
   52363     48405        35
   52402     48444        29
   52432     48474        21
   52459     48501        32
   52682     48699        26
   52722     48739        29
   52817     48834        29
   52884     48901        40
   52941     48958        26
   52989     49006        20
   53043     49060        20
   53103     49120        23
   53148     49165        23
   53175     49192        20
   53226     49243        20
   53265     49282        67
   53420     49428        21
   53517     49525        44
   53562     49570        38
   53646     49654        20
   53754     49762        32
   54662     50852        47
   54740     50930        26
   54768     50957        37
   54930     51101        23
   55014     51184        21
   55186     51350        21
   55226     51385        25
   55304     51463        32
   55368     51523        35
   55530     51670        22
   55553     51693        73
   55896     52006        24
   55947     52057        20
   55968     52078        32
   56079     52189        42
   56140     52250        26
   56167     52277        44
   56233     52343        25
   56259     52369        20
   56301     52411        32
   56343     52453        20
   56442     52552        47
   56673     52783        38
   56730     52840        20
   56766     52876        20
   56793     52903        28
   56822     52932        21
   56844     52954        35
   56901     53011        26
   56940     53050        53
   56994     53104        20
   57081     53191        56
   57186     53296        29
   57231     53341        23
   57291     53401        29
   57367     53477        24
   57474     53584        20
   57531     53641        29
   57820     53935        21
   58015     54131        36
   58203     54268        30
   58526     54425        25
   58623     54541        20
   58678     54596        58
   58740     54658        30
   58776     54694        20
   58857     54775        26
   58905     54823        20
   58992     54910        50
   59043     54961        29
   59154     55072        26
   59190     55108        38
   59319     55237        32
   59367     55285        44
   59451     55369        29
   59521     55439        40
   59574     55492        38
   59631     55549        23
   59670     55588        20
   59703     55621        23
   59727     55645        24
   59808     55726        39
   59883     55801        20
   59904     55822        20
   59950     55868        34
   59997     55915        20
   60026     55944        44
   60212     56084        38
   60514     56392        21
   60988     56732        24
   61309     57038        24
   61352     57081        22
   61380     57109        21
   61539     57259        20
   61557     57271        20
   61614     57328        34
   61649     57363        26
   61713     57427        25
   61774     57488        24
   61852     57566        27
   61976     57690        53
   62030     57744        35
   62111     57825        47
   62165     57879        23
   62263     57977        25
   63146     58803        29
   63783     59423        38
   63822     59462        23
   63861     59501        22
   63954     59594        20
   64012     59652        34
   64089     59729        23
   64128     59768        29
   64815     60329        20
   65155     60613        40
   65200     60658        37
   65287     60745        35
   65323     60781        20
   65481     60939        23
   65521     60979        25
   65607     61065        21
   65655     61113        27
   65720     61178        24
   65754     61212        29
   65814     61272        20
   65835     61293        32
   66057     61507        58
   66144     61594        20
   66183     61633        29
   66222     61672        20
   66362     61812        30
   66414     61864        23
   66561     62011        35
   66651     62101        29
   66733     62183        25
   66800     62250        21
   66828     62278        20
   66915     62365        23
   66996     62446        26
   67217     62673        20
   67468     62930        23
   68195     63330        22
   68252     63387        23
   68276     63411        23
   68314     63449        23
   68431     63574        71
   68503     63646        32
   68589     63728        53
   68643     63782        58
   68704     63843        55
   68763     63902        21
   68808     63947        20
   68841     63980        23
   68865     64004        23
   68907     64046        55
   68963     64102        20
   68982     64130        23
   69035     64185        30
   69074     64224        48
   69576     64706        22
   69764     65306        45
   69819     65361        21
   69847     65389        23
   69888     65430        20
   70075     65601        25
   70113     65639        35
   70179     65705        29
   70369     65848        28
   70414     65893        26
   70586     66049        23
   70610     66073        84
   71057     66487        30
   71088     66518        20
   71663     67017        21
   71741     67095        20
   71852     67206        23
   72095     67328        25
   72241     67436        28
   72270     67465        41
   72312     67507        36
   72367     67562        73
   72448     67643        20
   72745     68010        32
   72778     68043        29
   72881     68146        36
   72934     68199        33
   72968     68233        63
   73070     68335        21
   73142     68422        20
   73154    149083        20
   73182     68462        22
   73347     68599        29
   73539     68805        24
   73688     68940        25
   73832     69083        32
   73898     69149        25
   73924     69175        21
   73976     69227        22
   74206     69410        56
   74263     69467        23
   74367     69571        34
   74651     69817        42
   74836     69999        20
   74914     70070        27
   75003     70145        41
   75076     70212        40
   75167     70303        34
   75212     70348        46
   75286     70422        21
   75308     70444        23
   75332     70468        42
   75663     70774        31
   75726     70825        24
   75751     70850        27
   76222     71278        22
   76306     71362        27
   76690     71786        20
   76730     71825        45
   76800     71895        26
   76831     71926        22
   76896     71991        23
   76920     72015        47
   77004     72099        32
   77070     72165        41
   77139     72234        20
   77310     72405        47
   77472     72567        74
   77553     72648        23
   77613     72708        34
   77648     72743        27
   77694     72789        29
   77772     72867        23
   77799     72894        29
   77829     72924        20
   77850     72945        20
   77910     73005        23
   77934     73029        20
   77997     73092        29
   78027     73122        35
   78063     73158        23
   78087     73182        29
   78129     73224        30
   78195     73290        20
   78216     73311        49
   78417     73523        30
   78448     73554        33
   78485     73591        33
   78542     73658        27
   78570     73686        56
   78627     73743        22
   78675     73791        45
   78734     73850        33
   79027     74141        24
   79052     74166        25
   79197     74308        49
   79247     74358        20
   79339     74450        32
   79538     74621        31
   79641     74724        32
   79895     74967        23
   80013     75078        29
   80073     75138        35
   80109     75174        20
   80130     75195        23
   80163     75228        20
   80211     75276        38
   80250     75315        51
   80358     75423        23
   80437     75502        25
   80529     75594        32
   80769     75831        26
   80854     75914        47
   80935     76005        27
   81008     76077        24
   81233     76263        25
   81562     76576        36
   81632     76646        24
   81657     76671        23
   81681     76695        26
   81729     76743        20
   81831     76845        26
   81876     76890        26
   81933     76947        29
   81972     76986        50
   82044     77058        20
   82077     77091        38
   82172     77181        25
   82367     77427        30
   82429     77489        32
   82642     77702        29
   82712     77766        42
   82915     77969        20
   82993     78047        29
   83106     78160        42
   83214     78268        22
   83303     78346        26
   83343     78401        25
   83381     78439        36
   83538     78596        22
   83789     78841        38
   83908     78923        25
   83979     78994        26
   84308     79351        26
   84526     79551        23
   84597     79622        27
   84681     79706        37
   84754     79779        23
   84832     79857        35
   84947     80006        20
   85032     80101        36
   85110     80179        33
   85150     80219        29
   85230     80299        21
   85270     80339        41
   85332     80401        21
   85354     80423        47
   85434     80511        20
   85794     80846        20
   85815     80867        20
   85887     80939        26
   85919     80971        28
   85957     81006        22
   85985     81034        32
   86316     81370        26
   86742     81713        23
   86925     81872        21
   87245     82181        23
   87374     82310        20
   87485     82421        23
   87650     82586        20
   87688     82624        36
   87738     82674        25
   87844     82780        26
   87871     82807        21
   88176     83085        24
   88207     83116        37
   88249     83158        23
   88319     83228        28
   88648     83527        20
   88711     83590        29
   88771     83641        25
   88817     83692        48
   88866     83741        30
   88897     83772        21
   88919     83794        23
   88943     83818        41
   89003     83878        50
   89054     83929        77
   89165     84040        21
   89187     84062        28
   89216     84091        43
   89264     84135        68
   89333     84204        20
   89441     84288        42
   89484     84331        58
   89543     84390        51
   89595     84442        68
   89698     84545       169
   89868     84715        27
   89896     84743       108
   90005     84852        34
   90040     84887        33
   90074     84921        47
   90134     84981        40
   90175     85022        40
   90216     85063        57
   90289     85136        64
   90354     85201        49
   90479     85326        90
   90570     85417        27
   90687     85534        20
   90752     85599        83
   90836     85683        33
   90982     85852        53
   91036     85906        68
   91112     85982        27
   91140     86010        49
   91200     86070        32
   91233     86103        32
   91266     86136        60
   91328     86198        66
   91412     86282        45
   91475     86345        20
   91516     86386        47
   91625     86495        28
   91711     86581        21
   91733     86603        21
   91755     86625        39
   91810     86680        57
   91869     86739        87
   91959     86829        22
   92045     86915        66
   92120     86990        27
   92161     87031        39
   92201     87071        71
   92319     87189        38
   92372     87242        25
   92399     87269        20
   92440     87310        29
   92470     87340        42
   92538     87402        24
   92570     87434        54
   92630     87494        30
   92674     87544        58
   92743     87613        57
   92801     87671        38
   92846     87716        25
   92971     87850        33
   93005     87884        25
   93040     87919        35
   93098     87977        32
   93143     88022        29
   93168    147220        20
   93185     88064        44
   93235     88114        21
   93257     88136        54
   93312     88191        21
   93343     88222        27
   93371     88250        24
   93418     88297        70
   93489     88368        49
   93539     88418        25
   93569     88427        22
   93592     88450        26
   93625     88483        29
   93662     88520        25
   93709     88558        47
   93791     88640        41
   93833     88682        46
   93941     88790        23
   93965     88814        21
   94011     88860        57
   94069     88918        97
   94168     89017        22
   94228     89071        21
   94257     89100        23
   94281     89124        24
   94330     89173        23
   94359     89202        80
   94466     89309        77
   94544     89387        44
   94640     89483        51
   94706     89549        46
   94753     89596        74
   94828     89671        47
   94883     89726        63
   94976     89813        27
   95015     89852        21
   95046     89883        21
   95068     89905        31
   95120     89957        27
   95148     89985        40
   95189     90026        21
   95250     90063        36
   95287     90100        82
   95370     90183        77
   95488     90301        21
   95513     90326        59
   95573     90386        71
   95660     90473        54
   95728     90541        74
   95808     90621        24
   95844     90657        36
   95938     90751        30
   96006     90822        30
   96009     90807        41
   96155     90929        23
   96179     90953        65
   96307     91072        46
   96394     91159       120
   96515     91280        82
   96643     91408        20
   96664     91429        41
   96737     91502        25
   96814     91579        66
   96889     91654        42
   96985     91750        30
   97042     91798        23
   97191     91947        48
   97240     91996        44
   97285     92041        24
   97313     92069        35
   97349     92105        27
   97409     92165        29
   97439     92195        28
   97474     92230        25
   97500     92256        27
   97537     92293        36
   97598     92354        25
   97624     92380        23
   97655     92411        26
   97719     92475        47
   97767     92523        22
   97790     92546        38
   97867     92623        21
   98473     92676        32
   98519     92722        23
   98543     92746        41
   98656     92855        26
   98779     93028       165
   98954     93193        47
   99006     93245        25
   99084     93308        26
   99109     93329        21
   99139     93353        44
   99200     93414        72
   99306     93520        25
   99360     93574        34
   99404     93618        48
   99500     93697        39
   99540     93737       179
   99736     93933        45
   99782     93979        42
   99840     94037        29
   99870     94067        29
   99900     94097        26
   99927     94124        62
  100000     94197        46
  100047     94244       158
  100206     94403        55
  100262     94459        65
  100328     94525        22
  100375     94569        33
  100433     94627        61
  100509     94702        28
  100546     94730       130
  100677     94861        32
  100710     94894        41
  100752     94936        22
  100780     94964        41
  100840     95024        21
  100862     95046       158
  101021     95205       156
  101178     95362       129
  101308     95492        21
  101341     95525       114
  101456     95640        20
  101477     95661        53
  101531     95715        95
  101644     95828        96
  101745     95928        20
  101804     95978        42
  101869     96043        35
  101912     96086        63
  101976     96150        26
  102029     96177        70
  102100     96248        95
  102196     96344        73
  102270     96418        27
  102313     96461        60
  102374     96522       162
  102538     96686        26
  102581     96729        79
  102676     96824        68
  102745     96893        88
  102878     97025        51
  102942     97089       147
  103090     97237       128
  103219     97366        50
  103270     97417        23
  103294     97441        53
  103348     97495       107
  103503     97650        21
  103530     97677        34
  103623     97771        44
  103668     97816        66
  103735     97883        31
  103895     98028        25
  104090     98209        94
  104205     98324        31
  104237     98356        32
  104270     98389        40
  104498     98525        36
  104555     98582        61
  104684     98711        27
  104803     98840        21
  104861     98893        31
  104907     98939        40
  105052     99092        36
  105118     99157        38
  105228     99267        21
  105276     99312        25
  105302     99338       105
  105439     99475        38
  105478     99514        31
  105510     99546        30
  105541     99577        26
  105570     99606       275
  105846     99882       339
  106186    100222       507
  106715    100751        89
  106805    100841       134
  106940    100976       227
  107256    101292        27
  107323    101359        47
  107398    101433       100
  107499    101534        51
  107551    101586        76
  107659    101694        23
  107701    101736        97
  107799    101834        28
  107828    101863        30
  107859    101894        34
  108087    101953        71
  108267    102119       172
  108460    102312        37
  108492    102345        64
  108557    102410       135
  108711    102573        54
  108783    102646        80
  108864    102727        28
  108902    102765        26
  108961    102824        35
  108997    102860        71
  109131    102996        36
  109160    103031        33
  109189    103064       114
  109303    103179        24
  109328    103204        53
  109400    103274        21
  109426    103296        42
  109476    103341        35
  109536    103379       106
  109643    103486        25
  109678    103521        24
  109703    103546        38
  109742    103585        91
  109834    103677        24
  109886    103729       160
  110047    103890        55
  110103    103946       401
  110505    104348       242
  110748    104591        27
  110802    104645        70
  110873    104716       167
  111048    104891        39
  111088    104931        43
  111138    104981        24
  111163    105006       141
  111305    105148       142
  111449    105292       156
  111606    105449        57
  111664    105507        50
  111715    105558        59
  111775    105618       193
  111969    105812       427
  112430    106273       158
  112589    106432        35
  112639    106482        31
  112666    106508        38
  112738    106580        21
  112796    106622        51
  112848    106674        57
  112919    106745        29
  112970    106796        20
  113009    106830        33
  113049    106870        27
  113105    106937        32
  113166    106998        22
  113190    107022        98
  113289    107121        45
  113485    107299        23
  113511    107325        39
  113613    107422        23
  113642    107450        35
  113903    107570        25
  113932    107599        22
  113955    107622        28
  114000    107667        30
  114079    107746        58
  114235    107907        27
  134185    126786        29
  134258    126859        29
  134302    126903        33
  134336    126937        25
  134396    126997        54
  134548    127149        23
  134614    127215        32
  134741    127347        27
  134866    127477        58
  134973    127584        30
  135020    127631        28
  135049    127660        22
  135075    127686        36
  135326    127796        35
  135367    127836        23
  135453    127917        39
  135495    127959        23
  135669    128115        45
  135715    128161        98
  135815    128261        22
  135866    128312        32
  135927    128384        27
  135961    128418        33
  136013    128465        20
  136055    128507        29
  136098    128550        57
  136156    128608        51
  136244    128680        21
  136299    128735        38
  136333    128768        31
  136379    128814        26
  136415    128850       158
  136607    129042       621
  137229    129664        59
  137289    129724        50
  137340    129775        57
  137398    129833       157
  137558    129993       140
  137699    130134       141
  137841    130276        24
  137872    130307        43
  137920    130355        35
  137963    130398       167
  138131    130566        70
  138228    130663        27
  138256    130691       242
  138499    130934       401
  138901    131336        55
  138957    131392       160
  139145    131580        24
  139170    131605        91
  139262    131697        38
  139301    131736        24
  139335    131770        25
  139361    131796       106
  139492    131905        35
  139535    131943        42
  139582    131986        21
  139622    132024        53
  139676    132078        24
  139700    132103       114
  139810    132217        33
  139836    132249        36
  139935    132350        71
  140007    132422        35
  140075    132490        26
  140111    132526        28
  140140    132555        80
  140238    132654        54
  140311    132736       135
  140447    132872        64
  140506    132932        37
  140564    132990       172
  140845    133257        71
  141110    133353        21
  141122    133367        22
  141145    133390        30
  141176    133421        28
  141205    133450        97
  141321    133566        23
  141376    133621        76
  141453    133698        51
  141505    133750       100
  141633    133877        47
  141720    133964        27
  141836    134080       227
  142064    134308       134
  142199    134443        89
  142310    134554       507
  142818    135062       339
  143158    135402       275
  143436    135680        26
  143463    135707        30
  143494    135738        31
  143526    135770        38
  143596    135840       105
  143702    135946        25
  143754    135995        21
  143847    136088        38
  143915    136155        36
  144056    136304        40
  144111    136359        31
  144179    136422        21
  144292    136545        27
  144387    136640        61
  144469    136722        36
  144693    136854        40
  144734    136895        32
  144767    136928        31
  144819    136980        94
  145083    137230        25
  145237    137369        31
  145269    137401        66
  145336    137468        44
  145439    137572        34
  145479    137612        21
  145548    137681       107
  145656    137789        53
  145710    137843        23
  145734    137867        50
  145785    137918       128
  145914    138047       147
  146074    138207        51
  146170    138302        88
  146259    138391        68
  146343    138475        79
  146439    138571        26
  146467    138599       162
  146630    138762        60
  146706    138838        27
  146734    138866        73
  146808    138940        95
  146904    139036        70
  147001    139107        26
  147028    139134        63
  147099    139205        35
  147157    139263        42
  147238    139335        20
  147263    139359        96
  147377    139473        95
  147473    139569        53
  147527    139623        20
  147548    139644       114
  147674    139770        21
  147696    139792       129
  147826    139922       156
  147983    140079       158
  148142    140238        21
  148182    140278        41
  148229    140325        22
  148252    140348        41
  148294    140390        32
  148327    140423       130
  148466    140553        28
  148509    140595        61
  148595    140681        33
  148653    140736        22
  148676    140759        65
  148742    140825        55
  148798    140881       158
  148957    141040        46
  149014    141097        62
  149077    141160        26
  149104    141187        29
  149134    141217        29
  149179    141262        42
  149222    141305        45
  149284    141367       179
  149464    141547        39
  149551    141617        48
  149609    141675        34
  149672    141738        25
  149731    141797        72
  149820    141886        44
  149873    141933        21
  149893    141949        26
  149972    142013        25
  150002    142043        47
  150059    142090       165
  150321    142402        26
  150419    142496        41
  150461    142538        23
  150498    142575        32
  151115    142639        21
  151175    142699        38
  151214    142738        22
  151237    142761        47
  151322    142846        26
  151356    142880        23
  151380    142904        25
  151430    142954        36
  151476    143000        27
  151504    143028        25
  151536    143060        28
  151565    143089        29
  151627    143151        27
  151655    143179        35
  151694    143218        24
  151719    143243        44
  151764    143288        48
  151938    143462        23
  151988    143503        30
  152072    143587        42
  152123    143638        66
  152241    143756        25
  152298    143813        41
  152340    143855        20
  152406    143921        82
  152489    144004       120
  152650    144165        46
  152759    144265        65
  152825    144331        23
  152953    144435        41
  152967    144431        30
  153035    144502        30
  153123    144590        36
  153171    144638        24
  153201    144668        74
  153289    144756        54
  153359    144826        71
  153431    144898        59
  153494    144961        21
  153556    145023        77
  153634    145101        82
  153717    145184        36
  153793    145236        21
  153815    145258        40
  153856    145299        27
  153904    145347        31
  153936    145379        21
  153967    145410        21
  154000    145443        27
  154057    145494        63
  154128    145565        47
  154176    145613        74
  154251    145688        46
  154312    145749        51
  154415    145852        44
  154460    145897        77
  154564    146001        80
  154650    146087        23
  154698    146135        24
  154723    146160        23
  154754    146191        21
  154813    146244        22
  154837    146268        97
  154935    146366        57
  155017    146448        21
  155039    146470        23
  155124    146555        46
  155171    146602        41
  155247    146678        47
  155316    146738        25
  155349    146771        29
  155385    146807        26
  155412    146834        22
  155439    146840        25
  155465    146866        49
  155515    146916        70
  155608    147009        24
  155633    147034        27
  155670    147071        21
  155692    147093        54
  155747    147148        21
  155774    147175        44
  155815     88043        20
  155831    147232        29
  155873    147274        32
  155928    147329        35
  155973    147374        25
  155999    147400        33
  156132    147542        25
  156164    147574        38
  156203    147613        57
  156271    147681        58
  156343    147759        30
  156379    147795        54
  156441    147857        24
  156491    147901        42
  156534    147944        29
  156584    147994        20
  156606    148016        25
  156646    148056        38
  156731    148141        71
  156803    148213        39
  156856    148266        27
  156892    148302        66
  157022    148432        22
  157047    148457        87
  157136    148546        57
  157209    148619        39
  157249    148659        21
  157271    148681        21
  157350    148760        28
  157440    148850        47
  157508    148918        20
  157546    148956        45
  157609    149019        66
  157677    149087        60
  157738    149148        32
  157771    149181        32
  157814    149224        49
  157864    149274        27
  157899    149309        68
  157968    149378        53
  158134    149567        33
  158168    149601        83
  158296    149729        20
  158406    149839        27
  158434    149867        90
  158600    150033        49
  158650    150083        64
  158730    150163        57
  158788    150221        40
  158829    150262        40
  158882    150315        47
  158930    150363        33
  158964    150397        34
  158999    150432       108
  159108    150541        27
  159136    150569       169
  159340    150773        68
  159409    150842        51
  159461    150894        58
  159520    150953        42
  159650    151059        20
  159671    151080        68
  159744    151149        43
  159788    151193        28
  159817    151222        21
  159872    151277        77
  159950    151355        50
  160019    151424        41
  160061    151466        23
  160085    151490        21
  160107    151512        30
  160138    151543        48
  160207    151617        25
