> gi|540067539|gb|KF240616.1|
      58        64        80
     562       521        23
     586       545        32
     634       593        38
     700       659        26
     730       689        20
     772       731        29
     871       830        20
     907       866        20
     952       911        56
    1123      1082        50
    1183      1142        47
    1261      1220        23
    1303      1262        23
    1330      1289        23
    1369      1328        20
    1393      1352        26
    1435      1394        32
    1474      1433        41
    1516      1475        20
    1537      1496        23
    1561      1520        45
    1660      1622        26
    1850      2951        45
    2359      3443        23
    2424      3508        26
    2733      3817        22
    3304      4388        29
    3756      4841        26
    3921      5037        34
    4331      5422        20
    4376      5467        21
    7543     42270        36
    8227     43250        21
    8436     43451        21
    9083     27274        29
    9084     44150        32
    9120     44186        44
   10912     34584        22
   11966     66065        39
   12054     66153        23
   12116     66215        30
   12192     66291        29
   12279     66378        23
   12309     66408        20
   12372     66471        35
   12441     66540        29
   12489     66588        26
   12516     66615        20
   12541     66640        25
   12738     66837        25
   12813     66912        32
   12864     66963        41
   12906     67005        20
   12972     67071        38
   13050     67149        36
   13096     67195        22
   13158     67257        20
   13196     67295        27
   13245     67344        20
   13270     67369        28
   13549     67664        21
   13770     67885        36
   13807     67922       100
   14047     68181        20
   14091     68230        25
   14198     68316        22
   14393     68510        29
   14515     68624        60
   14584     68693        65
   15279     69344        53
   15432     69497        38
   15477     69542        41
   15556     69620        24
   15941     69994        25
   17003     70536        50
   17066     70599        34
   17101     70634        24
   17174     70707        20
   17198     70731        20
   17303     70836        26
   17381     70914        23
   17405     70938        32
   17438     70971        53
   17537     71070        21
   17572     71105        30
   17609     71142        26
   17636     71169        21
   17883     71454        36
   17933     71504        22
   18001     71572        26
   18028     71599        27
   18263     71834        24
   18354     71925        26
   18388     71959        34
   18493     72064        24
   18658     72216        31
   18996     72560        23
   19049     72613        35
   19103     72667        26
   19130     72694        22
   19251     72815        34
   19343     72907        47
   19412     72976        20
   19490     73054        20
   19568     73132        25
   19616     73180        35
   19949     73513        20
   20328     73895        28
   20465     74032        38
   20698     74259        22
   20780     74344        20
   21135     74699        25
   21300     74867        21
   21483     75050        39
   21571     75138        26
   21622     75189        27
   21668     75235        20
   21740     75307        26
   21836     75403        26
   21929     75496        47
   21977     75544        29
   22031     75598        20
   22066     75633        21
   22238     75805        23
   22289     75856        22
   22344     75911        25
   22388     75955        31
   22453     76020        21
   22490     76057        38
   22535     76102        41
   22583     76150        38
   22646     76213        33
   22694     76261        26
   22805     76372        28
   22873     76440        25
   22976     76543        23
   23033     76595        40
   23204     76761        36
   23326     76883        37
   23611     77168        30
   23683     77240        20
   23731     77288        44
   23809     77366        23
   23924     77481        20
   23981     77538        24
   24006     77563        24
   24073     77630        26
   24100     77657        23
   24124     77681        20
   24145     77702        30
   24193     77750        41
   24427     77969        26
   24588     78130        23
   24688     78230        20
   24716     78258        20
   24749     78291        32
   25646     78383        59
   25856     78593        33
   26060     78809        22
   26086     78835        41
   26187     78936        20
   26254     79003        41
   26296     79045        35
   26401     79150        49
   26485     79234        49
   26548     79297        32
   26581     79330        49
   26631     79380        20
   26671     79420        32
   26722     79471        26
   26749     79498        20
   26821     79570        22
   26844     79593        20
   26900     79649        25
   26938     79687        30
   27113     79856        26
   27215     79958        31
   27281     80024        33
   27361     80104        35
   27425     80168        25
   27455     80198        24
   27583     80326        20
   27611     80354        46
   27667     80410        26
   27697     80440        35
   27766     80509        20
   27925     80668        21
   27982     80725        23
   28111     80854        26
   28143     80886        30
   28279     81022        44
   28333     81076        80
   28589     81332        24
   28671     81420        38
   28740     81489        27
   28782     81531        30
   28891     81640        22
   28915     81664        20
   28965     81714        20
   29050     81799        30
   29194     81958        20
   30490     57086        26
   31687     57386        61
   31752     57451        26
   32784     58642        21
   32982     58851        25
   33008     58877        45
   33077     58944        24
   33158     59030        33
   33218     59090        20
   40297     44336        20
   40605     34587        27
   41081     50741        26
   41130     50790        20
   41151     50811        38
   41199     50859        22
   41307     50967        22
   41511     51169        23
   41541     51199        35
   41577     51235        35
   41613     51271        47
   41673     51331        62
   41736     51394        20
   41799     51457        26
   41829     51487        44
   41877     51535        53
   41931     51589        38
   41988     51646        26
   42024     51682        26
   42051     51709        23
   42075     51733        35
   42219     51877        38
   42258     51916        38
   42306     51964        20
   42327     51985        23
   42394     52052        91
   42492     52150        44
   42558     52216        23
   42591     52249        37
   42633     52291        47
   42681     52339        26
   42747     52405        26
   42774     52432        32
   42821     52479        57
   43028     52686        21
   43083     52741        23
   43122     52780        23
   43235     52893        33
   43270     52928        31
   43320     52978        23
   43344     53002        73
   43428     53086        50
   43479     53137        20
   43518     53176        56
   43584     53242        44
   43629     53287        43
   43673     53331        52
   43726     53384        35
   43762     53420        20
   43783     53441        41
   43825     53483        23
   43849     53507        74
   43945     53603        38
   43993     53651        23
   44026     53684        32
   44059     53717        86
   44167     53825        44
   44221     53879        47
   44272     53930        26
   44326     53984        20
   44362     54020        26
   44406     54064        33
   44473     54131        37
   44520     54178        30
   44566     54224        50
   44638     54296        29
   44677     54335        34
   44712     54370        21
   44761     54419        26
   44793     54451        27
   44836     54494        20
   44935     54593        23
   45034     54692        53
   45094     54752        35
   45139     54797        20
   45190     54848        23
   45244     54902        23
   45286     54944        47
   45342     55000        30
   45373     55031        26
   45418     55076       107
   45562     55220        44
   45646     55304        89
   45766     55424        50
   45916     55574        54
   46065     55721        46
   46112     55768        21
   46235     55893        22
   49054     46211        21
   76516     61558        25
   77114     61906        27
   77211     62015        28
   78131     63346        20
   78424     35950        31
   78583     36095        22
   78640     36150        26
   78691     36201        23
   78715     36225        33
   78763     36273        29
   78817     36327        59
   78898     36408        20
   78982     36492        22
   79005     36515        21
   79048     36558        20
   79129     36639        24
   79186     36696        32
   79222     36732        26
   79276     36786        32
   79330     36840        29
   79360     36870        26
   79387     36897        26
   79441     36951        26
   79468     36978        38
   79609     37119        35
   79651     37161        21
   79696     37206        20
   79735     37245        23
   79801     37311        26
   79843     37353        26
   79912     37422        32
   80054     37564        25
   80113     37623        31
   80322     37883        20
   80352     37913        26
   80451     38012        20
   80504     38076        25
   80536     38108        23
   80563     38135        26
   80590     38162        23
   80632     38204        27
   80715     38279        35
   80753     38318        26
   80840     38405        32
   80978     38543        20
   81114     38673        24
   81139     38698        26
   81217     38771        27
   81257     38808        28
   81493     39052        24
   81553     39106        27
   81862     39433        24
   81913     39489        43
   81957     39533        20
   82032     39608        26
   82074     39650        20
   82101     39677        20
   82176     39752        26
   82216     39792        25
   82305     39881        33
   82339     39915        37
   82386     39962        24
   82428     40004        20
   82464     40040        27
   82628     40207        23
   82779     40343        39
   83147     40718        23
   83260     40830        23
   83463     41017        39
   83520     41074        33
   83554     41108        47
   83614     41168        20
   83635     41189        20
   83680     41234        23
   83764     41318        41
   83806     41360        34
   83878     41432        57
   83944     41498        44
   84578     82955        57
   85027     83407        22
   85071     83451        23
   85148     83528        27
   85558     83915        20
   85743     84106        29
   85947     84278        26
   86477     84775        32
   86537     84835        23
   86702     85000        31
   86879     85177        20
   87323     85492        20
   87348     85517        34
   87411     85580        25
   87522     85691        22
   87705     85850        22
   87767     85912        24
   87797     85942        26
   87961     86106        36
   88031     86176        20
   89223     86229        20
   89403     86422        36
   90028     87158        20
   90793     87940        31
   90896     88079        32
   90965     88148        20
   90986     88169        98
   91096     88279        22
   91174     88357        81
   91259     88442        35
   91330     88513        80
   91411     88594        35
   91473     88681        42
   91516     88724        33
   91550     88758        50
   91626     88834        33
   91669     88877        34
   91704     88912        28
   91757     88974        23
   91798     89015        21
   91823     89040        67
   91907     89124        25
   91962     89179       120
   92083     89300        67
   92191     89408        44
   92236     89453        59
   92296     89513        20
   92336     89553        33
   92370     89587        34
   92425     89638        58
   92514     89727        98
   92663     89876        30
   92729     89960        22
   92935     90080        48
   92984     90129        43
   93202     90880        21
   93259     90937        26
   93391     91069        21
   93444     91122        24
   93477     91155        22
   93511     91189        24
   93546     91224        29
   93654     91332        22
   93698     91376        23
   93744     91422        38
   93787     91465        28
   93856     91528        28
   93885     91557        29
   93952     91624        36
   94022     91694        55
   94100     91772        25
   94180     91852        22
   94203     91875        33
   94260     91926        27
   94296     91962        25
   94351     92020        23
   94548     92106        42
   94794     92352        21
   94944     92517        81
   95065     92638        49
   95161     92740        28
   95200     92779        25
   95237     92816        35
   95273     92852        25
   95303     92882        23
   95364     92943        45
   95471     93044        33
   95516     93089        22
   95539     93112        23
   95590     93163        50
   95760     93333        23
   95800     93373        24
   95838     93411        31
   95871     93444        21
   95914     93487        27
   95944     93517        31
   96001     93574        20
   96054     93627        26
   96120     93693        32
   96165     93738        29
   96236     93809        75
   96458     93983        24
   96483     94008        37
   96521     94046        28
   96611     94136        22
   96787     94318        28
   96995     94592        45
   97063     94660        24
   97134     94731        51
   97205     94802        23
   97391     94958        23
   97446     95013        23
   97621     95194        53
   97675     95248        40
   97771     95344        35
   97807     95380        33
   97867     95440        30
   97922     95495        48
   98455     96172        22
   98506     96223        39
   98595     96312        30
   98680     96397        22
   98734     96451        22
   98771     96488        26
   98809     96526        20
   98872     96589        25
   98899     96616        25
   98925     96642        36
   99003     96714        49
   99074     96782        49
   99129     96837        25
   99282     96936        31
   99397     97024        22
   99722     97538        25
   99789     97605        24
   99857     97673        34
   99934     97754        23
   99977     97797        33
  100144     97969        27
  100172     97997        29
  100247     98067        28
  100339     98139        22
  100413     98220        41
  100469     98276        24
  100504     98306        22
  100527     98329        50
  100586     98383        22
  100622     98419        58
  100688     98485        39
  100728     98525        25
  100755     98555        29
  100785     98585        26
  100812     98612        44
  100869     98745        40
  100916     98792        57
  100974     98850        28
  101067     98943        25
  101141     99027        21
  101183     99079        25
  101214     99110        40
  101352     99243        48
  101448    147580        40
  101507    147935        26
  101528    147961        25
  101565    147998        83
  101673    148106        44
  101808    148241        26
  101849    148282        36
  101895    148328        44
  101954    148387        21
  101982    148415        32
  102015    148448        71
  102087    148520        26
  102114    148547       101
  102216    148649        96
  102313    148746        70
  102394    148827        44
  102475    148902        39
  102611    149037       171
  102819    149245        31
  102850    149277        25
  102876    149303        55
  102932    149359        22
  102967    149394        67
  103035    149462       101
  103137    149564        20
  103158    149585        47
  103206    149633        49
  103256    149683        44
  103301    149728        20
  103322    149749        28
  103358    149785        49
  103408    149835       153
  103568    149995        59
  103628    150055        26
  103655    150082        76
  103739    150166        37
  103802    150235        20
  103871    150310        50
  103987    150430        37
  104035    150478        36
  104110    150552        26
  104162    150604        37
  104213    150655        28
  104258    150700        22
  104333    150778        34
  104374    150900        41
  104423    150949        75
  104503    151035        22
  104559    151091       183
  104744    151276        28
  104773    151305        55
  104829    151361        76
  104906    151438        27
  104952    151484        25
  104978    151510        62
  105041    151573       121
  105163    151695       164
  105328    151860        76
  105405    151937        52
  105458    151990        25
  105510    152042        38
  105554    152080        24
  105613    152150        20
  105637    152174        33
  105830    152371        24
  105855    152396        27
  105915    152456        26
  105956    152502        27
  105995    152541        24
  106046    152591        47
  106100    152645        33
  106143    152684        32
  106200    152741        54
  106252    152783        38
  106303    152834        22
  106326    152888        41
  106418    152986        30
  106484    153052        26
  106553    153121        21
  106585    153153        41
  106661    153229        27
  106689    153257        21
  106735    153308        28
  106769    153342        21
  106833    153406        38
  106945    153519        21
  107055    153633        47
  107177    153759        22
  107245    153830        75
  107450    154000        22
  107496    154046        52
  107549    154099        81
  107631    154181        38
  107670    154220        47
  107716    154267        84
  107801    154352       141
  107953    154504        80
  108034    154585        48
  108099    154650       118
  108223    154774       109
  108339    154892        94
  108436    154989        29
  108466    155019        66
  108533    155081        33
  108567    155115        36
  108604    155152        32
  108642    155190        45
  108688    155236        26
  108719    155267        40
  108760    155308        26
  108787    155335        27
  108815    155363        24
  108840    155388        43
  108890    155438        53
  108947    155495        31
  108984    155532       117
  109103    155660        23
  109131    155688        22
  109154    155711        22
  109192    155749        20
  109271    155833        23
  109296    155858        24
  109326    155888        73
  109400    155962        43
  109464    156026        45
  109510    156072        59
  109597    156159        52
  109669    156231        29
  109728    156289        69
  109798    156359        27
  109818    156380        21
  109878    156436        42
  109960    156513        20
  109981    156534        26
  110020    156573        46
  110077    156630        47
  110125    156678        38
  110164    156717        36
  110205    156757        61
  110267    156819        36
  110304    156856       208
  110513    157065        23
  110537    157089       107
  110643    157190        31
  110675    157222        29
  110721    157268        76
  110798    157345        24
  110836    157383        84
  110970    157517        35
  111006    157553        31
  111051    157599        38
  111090    157638        26
  111108    157664        27
  111136    157692       116
  111257    157812        69
  111327    157882        57
  111396    157946        51
  111455    158005        24
  111491    158041       110
  111602    158152       205
  111808    158358        29
  111838    158388        94
  111933    158483        38
  111972    158522        51
  112027    158577        66
  112094    158644        33
  112128    158678        54
  112194    158744       135
  112330    158880        26
  112377    158927        42
  112420    158970       113
  112534    159084        39
  112574    159124       125
  112722    159272       178
  112911    159464        58
  112999    159536        33
  113049    159604        33
  113099    159668       107
  113217    159786       230
  113448    160017       139
  113602    160171        27
  113630    160199        61
  113692    160261        96
  113807    160376       370
  114178    160747        83
  114262    160831        24
  114326    160910        37
  114364    160948        47
  114411    160994        87
  114505    161088        27
  114542    161163        29
  114594    161227        24
  114701    161330       116
  114934    161566        20
  114982    161626        41
  115063    161707        61
  115125    161769        23
  115186    161846        32
  115229    161889        21
  115675    162037        27
  115788    162152        24
  120409    122895        20
  120598    123111        24
  120725     25607        20
  122045    125437        35
  122086    125478        24
  122706    126190        24
  122917    126405        23
  122941    126429        20
  123037    126525        20
  123074    126562        72
  123160    126648        27
  123253    126741        29
  123340    126828        22
  123388    126876        29
  123418    126906        27
  123453    126941        24
  123534    127022        30
  123568    127056        23
  123622    127110        20
  123700    127188        50
  123807    127295        27
  123856    127344        38
  123931    127419        23
  123973    127461        56
  124030    127518        50
  124110    127598        25
  124163    127651        44
  124220    127708        35
  124265    127753        24
  124290    127778        22
  124463    127951        26
  124499    127987        29
  124529    128017        23
  124580    128068        35
  125245    128370        21
  125395    128523        21
  125464    128592        25
  125511    128639        29
  125618    128734        27
  126035    129148        40
  126158    129271        26
  126200    129313        53
  126254    129367        77
  126360    129473        26
  126464    129577        35
  126501    129614        25
  126563    129676        26
  126590    129703        23
  126735    129853        22
  126774    129892        26
  126822    129940        35
  126880    129998        22
  126967    130085        23
  127020    130138        77
  127114    130232        28
  127167    130285        21
  127624    130892        23
  127697    130965        20
  127798    131066        26
  127867    131135        23
  128162    131604        36
  128202    131644        20
  128319    131761        24
  128346    131788        32
  128391    131833        20
  128412    131854        26
  128446    131888        21
  128468    131910        24
  128826    132245        31
  128858    132277        29
  128960    132379        55
  129286    132715        27
  129411    132840        23
  129487    132916        22
  129510    132939        32
  129549    132978        20
  129633    133062        20
  129717    133146        22
  129792    133221        20
  129819    133248        35
  129867    133296        21
  130009    133438        52
  130071    133500        33
  130197    133626        21
  130311    133740        26
  130411    133840        22
  130434    133863        43
  131199    162860        30
  131357    163018        31
  131869    163512        20
  131893    163536        29
  131962    163605        22
  132028    163671        32
  132106    163749        20
  132130    163773        29
  132160    163803        32
  132223    163866        35
  132277    163920        29
  132403    164046        35
  132463    164106        26
  132712    164355        26
  132771    164414        27
  132878    164521        20
  132988    164631        20
  133135    164778        20
  141332    136252        27
  141437    136345        29
  141488    136396        25
  141561    136469        21
  141711    136622        21
  142362    136910        35
  142425    136973        23
  142449    136997        29
  142488    137036        26
  142665    137213        22
  142688    137236        24
  142722    137270        35
  142770    137318        44
  142842    137390        25
  142897    137445        50
  142948    137496        56
  143023    137571        23
  143083    137631        38
  143143    137691        27
  143227    137775        50
  143335    137883        20
  143386    137934        23
  143413    137961        30
  143500    138048        24
  143532    138080        27
  143560    138108        29
  143615    138163        22
  143695    138243        29
  143790    138338        27
  143831    138379        72
  143920    138468        20
  144016    138564        20
  144037    138585        23
  144247    138799        24
  144867    139511        24
  144897    139541        35
  146355    141878        24
  146548    142098        20
  151165    102837        24
  151275    102949        27
  151727    103103        21
  151759    103135        32
  151829    103221        23
  151853    103245        61
  151954    103346        41
  152023    103427        20
  152160    103567       116
  152359    103762        24
  152406    103821        29
  152445    103898        27
  152479    103932        87
  152566    104018        47
  152614    104066        37
  152691    104158        24
  152716    104183        83
  152800    104267       370
  153189    104656        96
  153286    104753        61
  153348    104815        27
  153390    104857       139
  153530    104997       230
  153771    105238       107
  153895    105376        33
  153945    105444        33
  154008    105491        58
  154077    105563       178
  154278    105764       125
  154404    105890        39
  154444    105930       113
  154558    106044        42
  154621    106107        26
  154648    106134       135
  154795    106281        54
  154850    106336        33
  154884    106370        66
  154954    106440        51
  155006    106492        38
  155045    106531        94
  155140    106626        29
  155170    106656       205
  155376    106862       110
  155498    106984        24
  155530    107016        51
  155593    107074        57
  155651    107132        69
  155725    107205       116
  155842    107322        27
  155861    107349        26
  155888    107376        38
  155940    107429        31
  155972    107461        35
  156057    107546        84
  156155    107644        24
  156180    107669        76
  156273    107762        29
  156303    107792        31
  156333    107817       107
  156441    107925        23
  156465    107949       208
  156674    108158        36
  156711    108195        61
  156777    108260        36
  156814    108297        38
  156853    108336        47
  156911    108394        46
  156970    108453        26
  156997    108480        20
  157057    108535        42
  157138    108612        21
  157152    108627        27
  157180    108655        69
  157279    108753        29
  157328    108802        52
  157408    108882        59
  157468    108942        45
  157534    109008        43
  157578    109052        73
  157657    109131        24
  157683    109157        23
  157765    109244        20
  157801    109280        22
  157824    109303        22
  157851    109330        23
  157876    109364       117
  157999    109487        31
  158034    109522        53
  158094    109582        43
  158138    109626        24
  158163    109651        27
  158191    109679        26
  158218    109706        40
  158263    109751        26
  158290    109778        45
  158341    109829        32
  158374    109862        36
  158411    109899        33
  158445    109928        66
  158512    109995        29
  158544    110027        94
  158645    110130       109
  158760    110245       118
  158895    110380        48
  158944    110429        80
  159035    110520       141
  159177    110662        84
  159260    110746        47
  159308    110794        38
  159347    110833        81
  159429    110915        52
  159505    110991        22
  159657    111108        75
  159778    111232        22
  159875    111333        47
  160011    111473        21
  160106    111569        38
  160187    111650        21
  160214    111677        28
  160267    111735        21
  160289    111757        27
  160351    111819        41
  160403    111871        21
  160467    111935        26
  160529    111997        30
  160610    112084        41
  160652    112157        22
  160687    112192        38
  160723    112218        54
  160802    112297        32
  160844    112335        33
  160884    112375        47
  160958    112448        24
  160994    112484        27
  161036    112531        26
  161095    112590        27
  161123    112618        24
  161307    112806        33
  161344    112843        20
  161399    112909        24
  161429    112933        38
  161494    112998        25
  161520    113024        52
  161573    113077        76
  161650    113154       164
  161815    113319       121
  161937    113441        62
  162000    113504        25
  162044    113548        27
  162072    113576        76
  162149    113653        55
  162205    113709        28
  162235    113739       183
  162452    113956        22
  162479    113989        75
  162562    114072        41
  162610    114201        34
  162697    114291        22
  162736    114330        28
  162778    114372        37
  162841    114435        26
  162906    114499        36
  162953    114546        37
  163056    114653        50
  163155    114758        20
  163201    114810        37
  163246    114855        76
  163323    114932        26
  163350    114959        59
  163416    115025       153
  163570    115179        49
  163627    115236        28
  163656    115265        20
  163677    115286        44
  163722    115331        49
  163772    115381        47
  163820    115429        20
  163841    115450       101
  163943    115552        67
  164023    115632        22
  164046    115655        55
  164102    115711        25
  164127    115737        31
  164195    115805       171
  164463    116072        39
  164539    116142        44
  164594    116197        70
  164665    116268        96
  164762    116365       101
  164864    116467        26
  164891    116494        71
  164963    116566        32
  165002    116605        21
  165038    116641        44
  165092    116695        36
  165143    116746        26
  165260    116863        44
  165329    116932        83
  165424    117027        25
  165444    117052        26
  165489    117393        40
