> gi|507474303|gb|KC771275.1|
     125       220        20
     263       358        44
     431       526        20
     461       556        29
     500       595        20
     575       670        23
     623       718        20
     830       925        20
     869       964        20
     959      1054        32
    1510      1489        20
    2523      2578        25
    3907      4248        21
    7518      7037        27
    7958      7490        23
    8811      8382        30
    8850      8421        20
    9587      9529        36
   10036      9989        25
   10338     10227        63
   10561     10341        34
   10596     10376        26
   11003     10852        28
   11060     10909        20
   11114     10963        23
   11381     11230        23
   11414     11263        26
   11456     11305        29
   12118     11967        27
   12410     12267        20
   13415     13502        24
   13963     13851        20
   13999     13887        20
   14110     13998        32
   14829     14785        22
   14885     14841        29
   16346     16358        24
   16923     16976        27
   17005     17058        22
   17115     17168        22
   19462     20145        20
   19483     20166        20
   19609     20277        20
   20425     21132        23
   20552     21259        23
   20860     21597        28
   21302     22039        25
   21590     22324        23
   22103     22767        24
   23136     23867        26
   23433     24164        31
   23612     24343        20
   23658     24389        20
   23706     24437        20
   23940     24671        26
   24212     24937        24
   24429     25154        20
   24551     25276        21
   25634     26350        25
   29806     30986        26
   30081     31356        30
   30126     31401        21
   30148     31423        23
   30249     31515        38
   31353     32262        41
   32895     33514        26
   32949     33568        21
   32977     33596        34
   33111     33730        26
   33150     33769        24
   33216     33835        20
   33285     33904        23
   33396     34015        41
   33438     34057        20
   33471     34090        41
   33525     34144        26
   33580     34199        25
   33651     34270       118
   34060     34679        20
   34150     34769        20
   34288     34907        20
   34423     35042        20
   34471     35090        20
   34636     35255        29
   34711     35330        20
   34774     35393        32
   34888     35507        38
   34927     35546        23
   34990     35609        27
   35098     35717        28
   35309    104344        20
   35324     35893        22
   35350     35925        24
   35664     36209        20
   36120     36703        24
   36310     36954        47
   36996     37655        26
   37200     37859        23
   37260     37919        23
   37380     38039        23
   37476     38135        20
   37520     38179        48
   37581     38240        23
   37620     38279        20
   37752     38411        20
   37794     38453        35
   38055     38714        29
   38220     38879        25
   38310     38969        26
   38415     39074        53
   38616     39275        35
   38775     39434        35
   38859     39518        41
   39042     39701        20
   39075     39734        32
   39180     39839        26
   39229     39888        20
   39252     39911        21
   39403     40062        20
   39424     40083        35
   40018     40677        20
   40054     40713        25
   40213     40872        26
   40285     40944        20
   40441     41100        20
   40711     41370        23
   40810     41469        23
   40855     41514        29
   40891     41550        40
   40984     41643        23
   41017     41676        20
   41065     41724        29
   41209     41868        20
   41260     41919        52
   42095     42831        39
   42135     42871        20
   42219     42948        44
   42600     43340        20
   43024     43788        20
   43117     43881        24
   43164    100414        36
   43662     44431        24
   43814     44606        27
   44667     45308        33
   44703     45344        30
   45201     45893        28
   45269     45961        23
   46879     47406        22
   46907     47434        21
   46974     47500        23
   47400     48248        28
   47834     48662        44
   47879     48707        23
   48382     49441        20
   48436     49495        32
   52017     50621        24
   52567     51225        21
   52798     51488        24
   55420     54694        22
   55471     54745        35
   55594     54868        29
   55699     54973        27
   55771     55045        33
   56113     55387        20
   56149     55423        23
   56263     55537        23
   56347     55621        23
   56428     55702        23
   56482     55756        20
   56602     55876        23
   56680     55954        29
   56752     56026        20
   60089     57916        20
   71590      3449        22
   73450     72987        24
   73718     73255        23
   73778     73315        29
   73829     73366        20
   73940     73477        42
   74039     73576        31
   74513     74050        26
   74618     74155        20
   74702     74239        20
   75128     74995        38
   75179     75046        23
   76689     76539        20
   76758     76608        26
   76965     76815        29
   77034     76884        20
   77232     77082        23
   77526     77371        33
   77971     77931        20
   78199     78264        20
   78238     78303        23
   78284     78349        24
   78391     78456        23
   78535     78600        35
   78577     78642        35
   81727     81868        21
   82896     83196        29
   84181     84708        20
   85233     86026        21
   85368     86161        26
   85440     86233        20
   85817      3448        21
   86169     86981        40
   87164     87892        20
   95460     95819        37
   95499     95858        53
   96348     96736        20
   96566     96954        29
   96651     97039        20
   96705     97093        22
   96729     97117        24
   96830     97218        26
   96857     97245        22
   96919     97307        25
   97561     97957        20
   97645     98041        20
   97789     98185        20
   97882     98278        43
   98035     98431        20
   98129     98525        21
   98235     98631        25
   98589     99072        26
   99632    100130        25
   99737    100235        30
   99777    100275        29
   99811    100309        51
   99863    100361        31
  100878    102352        25
  102329    102652        54
  102429    102752        23
  102498    102799        20
  102544    102844        28
  102609    102909        58
  102668    102968        46
  102762    103062        56
  102819    103119        27
  102861    103161        24
  102886    103186        63
  102950    103250        35
  103009    103308        23
  103044    103343        34
  103079    103378        35
  103175    103474       101
  103310    103609        45
  103365    103664        20
  103386    103685        31
  103451    103752        24
  103476    103777        21
  103498    103799        46
  103584    103884        34
  103620    103920        36
  103759    104048        87
  104041    104273        24
  104375    104418        62
  104770    104800        43
  105114    105296        36
  105170    105377        20
  105191    105398        30
  105284    105498        69
  105384    105597        30
  105515    105725        24
  105541    105751        24
  105595    105804        23
  105985    106216        20
  106108    106330        42
  106360    106531        34
  106407    106578        24
  106439    106610        29
  106519    106690        29
  106549    106720        44
  106608    106779        24
  106725    106894        30
  106756    106925        93
  106879    107048        24
  106935    107075        41
  106977    107117        25
  107046    107181        72
  107119    107254        25
  107161    107296        70
  107245    107379        22
  107296    107430        24
  107354    107479        50
  107405    107530        38
  107555    107680        29
  107591    107716        24
  107659    107784        61
  107721    107846        79
  107801    107926        24
  107843    107968        37
  108005    108112        20
  108066    108173        61
  108130    108237        20
  108169    108273        57
  108227    108331        45
  108273    108377        27
  108306    108410        60
  108367    108471        20
  108388    108492        41
  108430    108534        88
  108581    108685        24
  108645    108749        65
  108711    108815        21
  108762    108866        22
  108785    108889       170
  108956    109060       117
  109080    109184        52
  109140    109244        23
  109251    109455        57
  109685    109761        65
  109754    109830        20
  109996    110092        77
  110590    110747        33
  112211    111551        22
  112628    111986        38
  115986    113940        67
  117054    114948        27
  118575    116112        29
  118605    116142        20
  119080    116604        29
  119119    116643        23
  119179    116703        29
  119711    117364        26
  119883    117515        20
  123034    118258        21
  123301    118525        27
  123518    118736        26
  123563    118781        20
  123975    119193        31
  124442    119660        38
  124556    119775        35
  124607    119826        23
  126354    121016        24
  132639    126552        28
  136119    151528        25
  136487    149420        20
  136539    149473        22
