> gi|540067539|gb|KF240616.1|
      68       551        29
     119       602        20
     202       685        24
     296       779        20
     404       887        23
     461       944        23
     497       980        23
     599      1082        23
     623      1106        26
     827      1310        23
     869      1352        26
     959      1442        38
    1122      1622        25
    8669     43872        29
    8816     44154        25
    8850     44188        20
   10373     34584        22
   11048     66222        28
   11666     66840        20
   11704     66878        21
   11729     66903        41
   13415     68640        24
   13963     69371        20
   14113     69521        31
   14924     70599        26
   15014     70689        29
   15479     71151        26
   17005     72694        23
   17203     72862        26
   19311     75648        24
   19771     76096        38
   20047     76372        28
   20863     77239        21
   23000     78603        20
   23125     78728        37
   23658     79273        20
   23817     79432        20
   24429     80032        20
   35381     27341        20
   36117     34568        27
   36628     50815        34
   37101     51271        20
   37200     51370        23
   37380     51550        23
   37476     51646        26
   37533     51703        23
   37575     51745        23
   37749     51919        23
   37977     52147        20
   38186     52356        21
   38309     52479        27
   38454     52624        29
   38616     52786        35
   38775     52945        32
   38856     53026        44
   39042     53212        20
   39075     53245        32
   39180     53350        26
   39229     53399        20
   39252     53422        21
   39433     53603        26
   39565     53735        26
   39607     53777        26
   39850     54020        26
   39976     54146        26
   40018     54188        35
   40213     54383        32
   40822     54992        23
   40861     55031        26
   40888     55058        41
   40966     55136        23
   41020     55190        20
   41272     55442        40
   43164    151955        34
   44712     46211        21
   46187    118052        27
   53303     17875        26
   53579     18151        20
   53702     18274        38
   53741     18313        20
   54053     18625        23
   54083     18655        20
   54113     18685        20
   54179     18751        29
   54230     18802        21
   54338     18910        26
   63192     32157        21
   63480     32457        20
   65461      6443        56
   65520      6502        22
   65687      6716        26
   65734      6763        20
   67471      8203        26
   67498      8230        20
   67750      8476        23
   67868      8585        35
   67919      8636        24
   69326     10268        26
   69697     10639        30
   69833     10775        29
   69875     10817        23
   69926     10868        20
   73598     36291        23
   73745     36438        32
   73778     36471        20
   74124     36817        22
   74468     37161        20
   74513     37206        26
   74732     37425        29
   74786     37479        26
   74921     37614        23
   75139     37912        30
   76848     39650        20
   76965     39767        29
   77238     40040        24
   77271     40073        22
   77528     40343        31
   78196     41108        23
   78427     41339        20
   78541     41453        20
   80494     84195        29
   85233     88235        21
   85440     88442        20
   85541     88549        21
   86169     89193        35
   87164     90135        20
   87869     35603        20
   95461     98745        37
   95508     98792        34
   96555    148418        29
   96651    148514        20
   96672    148535        20
   96705    148568        22
   96830    148693        26
   96857    148720        22
   96918    148781        26
   97645    149497        20
   97897    149749        35
   98035    149887        20
   99093    151138        21
   99120    151165        20
   99237    151274        20
   99354    151388        20
   99632    151671        23
   99749    151788        27
   99777    151816        29
   99811    151850        51
   99863    151902        31
  100857    153826        20
  100878    153847        25
  102329    154117        54
  102432    154220        43
  102544    154310        28
  102604    154370        63
  102668    154434        46
  102727    154493        22
  102752    154518        24
  102777    154543        41
  102819    154585        27
  102886    154652        63
  102950    154716        35
  103008    154773        24
  103044    154809        21
  103079    154844        35
  103175    154942        76
  103252    155019        24
  103310    155077        45
  103365    155132        20
  103386    155153        31
  103494    155263        50
  103584    155353        35
  103620    155389        42
  103728    155497        23
  103763    155532        89
  104375    155906        62
  104785    156306        28
  105090    156759        22
  105113    156782        37
  105170    156864        20
  105191    156885        30
  105284    156985        69
  105389    157089        30
  105543    157238        22
  105591    157285        40
  105683    157376        20
  105704    157397        25
  105849    157562        23
  105985    157715        20
  106108    157826        42
  106360    158034        34
  106405    158079        26
  106443    158117        25
  106508    158182        40
  106549    158223        44
  106608    158282        24
  106634    158308        27
  106725    158397        30
  106756    158428        75
  106832    158504        24
  106868    158540        34
  106938    158580        38
  106977    158619        24
  107044    158681        62
  107119    158756        25
  107161    158798        70
  107245    158881        22
  107296    158932        24
  107354    158985        50
  107405    159036        38
  107555    159186        29
  107591    159222        24
  107659    159290        61
  107721    159352        79
  107801    159432        21
  107843    159477        37
  108066    159698        61
  108169    159798        57
  108227    159856        45
  108273    159902        27
  108306    159935        60
  108367    159996        62
  108430    160059        70
  108581    160210        24
  108645    160274        52
  108698    160327        30
  108747    160376        37
  108785    160414       115
  108901    160530        54
  108956    160585        93
  109050    160679        23
  109080    160709        59
  109140    160769        23
  109251    160994        57
  109685    161358        66
  109754    161427        32
  109996    161723        45
  110042    161769        23
  112097    163491        20
  112210    163604        23
  112628    164022        23
  112706    164100        23
  113003    164397        20
  123028    136979        28
  123282    137233        45
  123518    137463        20
  123563    137508        20
  123980    137925        20
  124001    137946        20
  124397    138342        21
  124442    138387        38
  124523    138468        20
  124562    138507        37
  136119        94        25
