> gi|442566304|gb|KC180771.1|
      68       655        35
     119       706        20
     175       762        21
     263       850        44
     404       991        26
     497      1084        23
     578      1165        44
     623      1210        20
     827      1414        23
     869      1456        32
     959      1546        38
    1120      1732        27
    1510      1996        20
    1531      2017        21
    3902      4491        26
    7470      7604        23
    8678      8636        20
    8816      8867        25
    8850      8901        20
    9587      9743        35
   10339     10494        63
   10561     10820        34
   10596     10855        26
   11003     11514        28
   11048     11559        32
   11102     11613        29
   11201     11712        20
   11381     11892        23
   11450     11961        29
   11521     12032        21
   11666     12177        20
   11729     12240        53
   12401     12905        23
   13415     13988        24
   14113     14900        20
   14829     16050        22
   14885     16106        29
   14924     16145        26
   14999     16220        32
   15182     16403        28
   15257     16478        20
   16337     17534        34
   17203     18435        23
   17500     18732        20
   19594     21474        32
   19764     21644        45
   19957     21837        22
   20860     22796        24
   22340     24225        21
   23658     25559        20
   23706     25607        20
   23817     25718        23
   23889     25790        20
   23940     25841        31
   24549     26444        23
   27057     29624        27
   27444     30587        26
   29806     32786        26
   29855     32835        25
   30081     33296        30
   30126     33341        21
   30151     33366        20
   30261     33467        26
   31353     34407        41
   32685     35842        32
   32883     36040        29
   32946     36103        24
   32977     36134        40
   33087     36244        23
   33111     36268        23
   33150     36307        24
   33213     36370        23
   33285     36442        26
   33357     36514        20
   33396     36553        32
   33471     36628        41
   33513     36670        38
   33651     36808        47
   33699     36856        70
   33770     36927        28
   33913     37070        26
   34147     37304        23
   34288     37445        20
   34423     37580        20
   34471     37628        23
   34552     37709        20
   34648     37805        23
   34708     37865        20
   34888     38045        50
   34990     38147        23
   35056     38213        23
   35080     38237        41
   35311     38517        39
   35350     38562        51
   36281     39799        26
   36310     39828        29
   37095     40608        26
   37136     40649        27
   37200     40713        20
   37464     40977        32
   37533     41046        23
   37605     41118        26
   37749     41262        23
   37806     41319        23
   38055     41568        23
   38097     41610        32
   38220     41733        25
   38312     44049        24
   38415     41928        21
   38454     41967        29
   38616     42129        35
   38772     42285        38
   38853     42366        47
   39042     42555        29
   39078     42591        29
   39180     42693        26
   39207     42720        21
   39229     42742        20
   39252     42765        21
   39430     42943        29
   39529     43042        35
   39565     43078        26
   39850     43363        20
   39976     43489        22
   40195     43708        26
   40360     43873        22
   40438     43951        22
   40669     44182        23
   40711     44224        20
   40855     44368        20
   40876     44389        53
   40966     44479        23
   41014     44527        23
   41206     44719        23
   41242     44755        23
   41266     44779        46
   42095     45808        30
   42135     45848        22
   42217     45923        46
   42391     46102        20
   43164    102995        36
   43173     46924        28
   43459     47203        24
   43681     47443        21
   43814     47630        31
   44667     48605        35
   44703     48641        37
   45212     49178        23
   45317     49283        29
   46879     51019        25
   46907     51047        21
   46975     51114        23
   47400     51541        28
   47848     51752        30
   47879     51783        26
   48327     52572        20
   48436     52681        29
   49290     53480        20
   49326     53516        23
   49350     53540        20
   49434     53624        20
   49506     53696        20
   49670     53861        25
   49696     53887        20
   49826     54017        26
   52017     54754        24
   52107     54844        27
   52567     55373        21
   52753     55589        23
   52792     55628        30
   55391     58616        25
   55417     58642        23
   55471     58696        35
   55678     58903        20
   55699     58924        26
   55960     59185        20
   56092     59317        29
   56149     59374        23
   56218     59443        20
   56266     59491        20
   56335     59560        27
   56363     59588        32
   56428     59653        23
   56521     59746        44
   56605     59830        20
   56680     59905        20
   56752     59977        20
   60089     61732        20
   60407     62050        20
   73450     76645        24
   73517     76712        20
   73601     76796        41
   73745     76940        29
   73778     76973        20
   73862     77057        20
   73958     77153        23
   74048     77243        22
   74243     77438        26
   74333     77528        26
   74510     77705        23
   74636     77831        26
   74702     77897        20
   74732     77927        38
   74789     77984        30
   74843     78038        27
   75139     78286        27
   75665     78831        24
   76758     79898        26
   76788     79928        20
   76848     79988        20
   76900     80040        21
   77025     80165        29
   77190     80330        22
   77232     80372        30
   77520     80662        39
   78284     81554        24
   78334     81604        29
   78385     81655        32
   78427     81697        29
   78530     81800        31
   80503     83753        24
   81718     85001        32
   81802     85085        21
   82206     85522        20
   82476     85786        20
   82583     85885        20
   83414     86817        26
   83588     87061        24
   84181     87621        20
   84826     88270        21
   85440     88869        20
   85541     88976        21
   86169     89594        35
   87164     90527        20
   95460     98417        38
   95499     98456        43
   96348     99338        20
   96555     99545        29
   96651     99641        20
   96672     99662        20
   96705     99695        22
   96830     99820        26
   96857     99847        22
   96918     99908        26
   97645    100626        20
   97891    100872        34
   98035    101016        20
   98129    101110        21
   98589    101659        26
   99093    102168        21
   99354    102428        20
   99632    102711        25
   99777    102856        29
   99811    102890        51
   99863    102942        31
  100857    104817        20
  100878    104838        25
  102329    105136        54
  102429    105236        46
  102498    105283        20
  102544    105328        28
  102604    105388        63
  102668    105452        46
  102777    105561        41
  102819    105603        27
  102886    105670        63
  102950    105734        35
  103009    105792        23
  103079    105862        35
  103175    105958       101
  103310    106093        45
  103365    106148        20
  103386    106169        31
  103451    106236        24
  103476    106261        21
  103498    106283        46
  103584    106369        34
  103620    106405        47
  103728    106513        23
  103759    106544        93
  104375    106906        62
  104785    107305        28
  105090    107768        22
  105113    107791        37
  105170    107873        20
  105191    107894        30
  105284    107999        69
  105384    108098        35
  105515    108224        24
  105591    108299        40
  105704    108411        25
  105849    108576        22
  105985    108720        20
  106108    108833        42
  106360    109041        34
  106405    109086        26
  106443    109124        25
  106508    109189        40
  106549    109230        44
  106608    109289        24
  106634    109315        24
  106725    109404        30
  106756    109435        49
  106806    109485        25
  106868    109547        34
  106938    109590        38
  106977    109629        44
  107022    109674        22
  107044    109691        74
  107119    109766        25
  107161    109808        70
  107245    109891        22
  107296    109942        24
  107354    109995        50
  107405    110046        38
  107555    110196        29
  107585    110226        30
  107659    110300        61
  107721    110362        79
  107801    110442        24
  107843    110484        37
  107901    110545        28
  108005    110628        20
  108066    110689        61
  108130    110753        20
  108169    110789        57
  108227    110847        45
  108273    110893        27
  108306    110926        60
  108367    110987        20
  108388    111008        40
  108429    111049        89
  108533    111153        31
  108581    111201        24
  108645    111265        52
  108698    111318        34
  108744    111364        40
  108785    111405       170
  108956    111576        93
  109050    111670        23
  109080    111700        59
  109140    111760        23
  109251    111970        57
  109685    112288        66
  109754    112357        20
  109995    112640        78
  110579    113379        44
  112211    115966        22
  112457    116212        26
  112649    116404        32
  112706    116461        23
  113173    116928        24
  116005    118920        48
  116667    119493        26
  117603    120568        20
  117624    120589        27
  118881    121849        20
  119080    122052        26
  119167    122139        41
  119215    122187        23
  121132    124163        23
  121907    124933        23
  121976    125002        23
  122051    125077        20
  122090    125116        35
  123023    126348        33
  123282    126607        24
  123310    126635        20
  123518    126837        20
  123557    126876        26
  123655    126974        21
  123815    127134        20
  123959    127278        62
  124057    127376        29
  124345    127664        26
  124397    127716        21
  124442    127761        38
  124571    127890        28
  124607    127926        23
  132639    134751        28
  136119        28        25
  136487    157627        20
