> gi|442568712|gb|KC180799.1|
      68       460        35
     119       511        20
     175       567        21
     263       655        44
     404       796        26
     497       889        23
     581       973        41
     623      1015        20
     827      1219        23
     869      1261        32
     959      1351        38
    1120      1537        27
    1510      1801        20
    1531      1822        21
    3902      4280        26
    7470      7428        23
    8678      8455        20
    8816      8686        25
    8850      8720        20
    9587      9563        35
   10338     10315        64
   10561     10643        34
   10596     10678        26
   11003     11312        28
   11048     11357        32
   11102     11411        29
   11201     11510        20
   11381     11690        23
   11450     11759        29
   11521     11830        21
   11666     11975        20
   11729     12038        53
   12401     12703        23
   13415     13780        24
   14113     14686        31
   14829     15863        22
   14885     15919        29
   14924     15958        26
   14999     16033        32
   15182     16216        28
   15257     16291        20
   16337     17347        34
   17203     18247        23
   17500     18544        20
   19594     21292        32
   19764     21462        45
   19957     21655        22
   20860     22614        24
   22340     24043        21
   23436     25155        26
   23658     25377        20
   23706     25425        20
   23817     25536        23
   23889     25608        20
   23940     25659        31
   24549     26262        23
   27057     29439        27
   29806     32363        26
   29855     32412        25
   30081     32878        30
   30126     32923        21
   30151     32948        20
   30262     33050        25
   31353     34014        41
   32685     35462        32
   32883     35660        29
   32946     35723        24
   32977     35754        40
   33087     35864        23
   33111     35888        23
   33150     35927        24
   33213     35990        23
   33285     36062        26
   33357     36134        20
   33396     36173        32
   33471     36248        41
   33513     36290        38
   33651     36428        47
   33699     36476        70
   33770     36547        28
   33913     36690        26
   34147     36924        23
   34288     37065        20
   34423     37200        20
   34471     37248        23
   34552     37329        20
   34648     37425        23
   34708     37485        20
   34888     37665        50
   34990     37767        23
   35056     37833        23
   35080     37857        41
   35311     38143        39
   35350     38188        51
   35664     38586        20
   36281     39910        26
   36310     39939        29
   37095     40720        26
   37136     40761        27
   37200     40825        20
   37533     41158        23
   37605     41230        26
   37749     41374        23
   37806     41431        23
   38055     41680        23
   38097     41722        32
   38220     41845        25
   38312     44161        24
   38415     42040        21
   38454     42079        29
   38616     42241        35
   38772     42397        38
   38853     42478        47
   39000     42625        20
   39042     42667        29
   39078     42703        29
   39180     42805        26
   39207     42832        21
   39229     42854        20
   39252     42877        21
   39430     43055        29
   39529     43154        35
   39565     43190        26
   39850     43475        20
   39976     43601        22
   40195     43820        26
   40360     43985        22
   40438     44063        23
   40669     44294        23
   40711     44336        20
   40855     44480        20
   40876     44501        53
   40966     44591        23
   41014     44639        23
   41206     44831        23
   41242     44867        23
   41266     44891        46
   42095     45834        30
   42135     45874        22
   42217     45949        46
   42391     46117        20
   43164    103232        36
   43173     46939        28
   43459     47218        24
   43681     47458        21
   43814     47644        31
   44667     48617        35
   44703     48653        37
   45212     49211        23
   45317     49316        29
   46879     51113        25
   46907     51141        21
   46975     51208        23
   47400     51668        28
   47848     51878        30
   47879     51909        26
   48327     52698        20
   48436     52807        29
   49290     53606        20
   49326     53642        23
   49350     53666        20
   49434     53750        20
   49506     53822        20
   49670     53987        25
   49696     54013        20
   49877     54194        23
   52017     54880        24
   52107     54972        27
   52567     55501        21
   52753     55717        23
   52792     55756        30
   55391     58745        25
   55417     58771        23
   55471     58825        35
   55678     59032        20
   55699     59053        26
   55960     59314        20
   56092     59446        29
   56149     59503        23
   56218     59572        20
   56266     59620        20
   56335     59689        60
   56428     59782        23
   56521     59875        44
   56605     59959        20
   56680     60034        20
   56752     60106        20
   60089     61905        20
   60407     62223        20
   73450     76863        24
   73517     76930        20
   73601     77014        41
   73745     77158        29
   73778     77191        20
   73862     77275        20
   73958     77371        23
   74048     77461        22
   74243     77656        26
   74333     77746        26
   74510     77923        23
   74636     78049        26
   74702     78115        20
   74747     78160        23
   74789     78202        30
   74843     78256        27
   75139     78504        27
   75180     78545        22
   75665     79049        24
   76758     80112        26
   76788     80142        20
   76848     80202        20
   76900     80254        21
   77025     80379        29
   77190     80544        22
   77232     80586        30
   77520     80876        39
   78284     81768        24
   78334     81818        29
   78385     81869        32
   78427     81911        29
   78530     82014        31
   80503     83994        24
   81718     85248        32
   81802     85332        21
   82206     85768        20
   82476     86032        20
   82583     86131        20
   83414     87049        26
   83588     87293        24
   84181     87853        20
   84826     88502        21
   85440     89107        20
   85541     89214        21
   86169     89832        35
   87164     90765        20
   95460     98655        38
   95499     98694        43
   96348     99576        20
   96555     99783        29
   96651     99879        20
   96672     99900        20
   96705     99933        22
   96830    100058        26
   96857    100085        22
   96918    100146        26
   97645    100864        20
   97891    101110        34
   98035    101254        20
   98129    101348        21
   98589    101897        26
   99093    102406        21
   99354    102665        20
   99632    102948        25
   99777    103093        29
   99811    103127        51
   99863    103179        31
  100857    105053        20
  100878    105074        25
  102329    105372        54
  102429    105472        46
  102498    105519        20
  102544    105564        28
  102604    105624        63
  102668    105688        46
  102777    105797        41
  102819    105839        27
  102886    105906        63
  102950    105970        35
  103009    106028        23
  103079    106098        35
  103175    106194       101
  103310    106329        45
  103365    106384        20
  103386    106405        31
  103451    106472        24
  103476    106497        21
  103498    106519        46
  103584    106605        34
  103620    106641        47
  103728    106749        23
  103759    106780        93
  104375    107142        62
  104785    107541        28
  105090    108004        22
  105113    108027        37
  105170    108109        20
  105191    108130        30
  105284    108235        69
  105384    108334        35
  105515    108460        24
  105591    108535        40
  105704    108647        25
  105849    108812        22
  105985    108956        20
  106108    109069        42
  106360    109277        34
  106405    109322        26
  106443    109360        25
  106508    109425        40
  106549    109466        44
  106608    109525        24
  106634    109551        24
  106725    109640        30
  106756    109671        49
  106806    109721        25
  106868    109783        34
  106938    109826        38
  106977    109865        44
  107022    109910        22
  107044    109927        74
  107119    110002        25
  107161    110044        70
  107245    110127        22
  107296    110178        24
  107354    110231        50
  107405    110282        38
  107555    110432        29
  107585    110462        30
  107659    110536        61
  107721    110598        79
  107801    110678        24
  107843    110720        37
  107901    110781        28
  108005    110864        20
  108066    110925        61
  108130    110989        20
  108169    111025        57
  108227    111083        45
  108273    111129        27
  108306    111162        60
  108367    111223        20
  108388    111244        40
  108429    111285        89
  108533    111389        31
  108581    111437        24
  108645    111501        52
  108698    111554        34
  108744    111600        40
  108785    111641       170
  108956    111812        93
  109050    111906        23
  109080    111936        59
  109140    111996        23
  109251    112206        57
  109685    112524        66
  109754    112593        20
  109995    112875        78
  110579    113614        44
  112211    116206        22
  112457    116452        26
  112706    116701        23
  113173    117168        24
  116005    119187        48
  116667    119760        26
  117603    120820        20
  117624    120841        27
  118881    122101        20
  119080    122305        26
  119167    122392        41
  119215    122440        23
  119712    122822        26
  121132    124221        23
  121907    124966        23
  122051    125110        20
  122090    125149        35
  123023    126377        33
  123282    126636        24
  123310    126664        20
  123518    126866        20
  123557    126905        26
  123815    127163        20
  123959    127307        62
  124057    127405        29
  124345    127693        26
  124397    127745        21
  124442    127790        38
  124571    127919        28
  124607    127955        23
  132639    134777        28
  136119        30        25
  136487    157650        20
