> gi|372862906|gb|JN867585.1|
      43       387        60
     110       454        29
     146       490        20
     167       511        26
     266       610        29
     296       640        23
     347       691        20
     410       754        20
     431       775        41
     497       841        20
     536       880        20
     557       901        20
     584       928        26
     611       955        32
     697      1041        60
     812      1156        40
     872      1216        44
    1021      1365        29
    1116      1454        26
    1449      1959        29
    1517      2026        32
    1831      2344        25
    1952      2465        26
    2989      3499        30
    3532      4069        35
    3842      4376        24
    3898      4432        27
    4804      5397        32
    4889      5477        24
    5539      6145        24
    5617      6235        26
    5689      6299        20
    5784      6474        24
    5871      6561        34
    5955      6645        22
    6025      6715        31
    6119      6809        39
    6187      6877        21
    6301      6991        29
    6331      7021        34
    6366      7056        41
    6415      7105        40
    6569      7259        22
    6621      7311        29
    6651      7341        29
    6681      7371        23
    6720      7410        29
    6750      7440        41
    6879      7569        20
    6987      7677        26
    7014      7704        20
    7087      7777        38
    7253      7943        21
    7289      7979        24
    7525      8239        28
    8831      9878        34
    8903      9950        20
    9607     10910        35
    9909     11215        20
   10053     11357        27
   10199     11508        22
   10326     11717        30
   10361     11762        64
   10573     12045        44
   10618     12090        31
   10841     12308        21
   11025     12492        28
   11054     12521        33
   11124     12591        35
   11316     12783        22
   11362     12829        21
   11430     12897        34
   11565     13032        20
   11619     13086        20
   11763     13230        29
   11805     13272        23
   11832     13299        20
   11940     13407        20
   11961     13428        41
   12030     13497        27
   12093     13560        23
   12153     13620        24
   12258     13725        21
   12404     13849        45
   12485     13930        29
   12676     14121        21
   12745     14190        21
   12791     14236        23
   13180     14673        22
   13360     14865        22
   13423     14928        20
   13463     14968        29
   13976     15484        32
   14009     15517        33
   14043     15551        26
   14079     15587        22
   14132     15640        57
   14868     16565        25
   14894     16591        25
   14922     16619        37
   15006     16703        44
   15183     16880        26
   15210     16907        22
   15279     16976        20
   15306     17003        26
   15464     17161        36
   15971     17695        21
   16469     18193        21
   16813     18532        21
   16924     18655        47
   17106     18837        22
   17221     18922        20
   17452     19153        30
   17615     19316        32
   18786     21054        20
   18843     21108        23
   18982     21277        27
   19194     21489        21
   19245     21540        36
   19383     21678        25
   19447     21742        30
   19498     21793        26
   19803     22092        40
   19844     22133        41
   19961     22250        24
   20092     22381        23
   20563     22842        27
   20691     22964        25
   20881     23163        28
   21202     23484        24
   21227     23509        25
   21281     23563        20
   21608     23887        40
   22356     24553        25
   22453     24653        21
   22741     24973        30
   22849     25081        42
   22978     25201        20
   23153     25376        25
   23236     25459        27
   23284     25507        23
   23449     25672        40
   23537     25760        24
   23633     25856        24
   23663     25886        36
   23783     26006        21
   23826     26049        53
   23911     26134        28
   23943     26166        29
   23985     26208        24
   24222     26439        59
   24297     26514        24
   24561     26778        32
   24595     26812        21
   24716     26927        27
   24761     26972        20
   24798     27009        63
   25014     27225        24
   25153     27364        20
   25295     27506        27
   25332     27543        27
   25599     27807        20
   25626     27834        22
   25650     27858        21
   26021     28193        30
   27037     29928        24
   27043     29660        20
   27087     29978        21
   27468     30398        26
   28391     31795        20
   28463     31867        20
   28500     31908        30
   29813     34120        57
   30094     34471        38
   30158     34535        23
   30268     34636        50
   30536     34936        20
   31352     35976        41
   31788     36360        24
   32675     37406        53
   32920     37651        20
   32986     37717        50
   33040     37771        44
   33085     37816        50
   33148     37879        50
   33208     37939        26
   33250     37981        32
   33283     38014        45
   33376     38107        42
   33436     38167        74
   33538     38269        26
   33628     38359        20
   33664     38395        62
   33727     38458        69
   33857     38588        41
   33911     38642        20
   33932     38663        29
   33981     38712        22
   34088     38819        20
   34140     38871        49
   34364     39095        20
   34421     39152        20
   34448     39179        20
   34469     39200        32
   34502     39233        34
   34550     39281        26
   34601     39332        20
   34649     39380        20
   34745     39476        92
   34862     39593        20
   34883     39614        35
   34988     39719        21
   35021     39753        20
   35075     39807        29
   35303     40037        22
   35326     40060        22
   35347     40084        31
   35379     40116        21
   35662     40532        22
   35754     40624        25
   36281     41170        24
   36308     41197        39
   36489     41350        23
   36540     41384        22
   36597     41441        24
   36638     41482        25
   36955     41798        38
   36994     41837        23
   37072     41915        32
   37138     41981        23
   37180     42023        59
   37240     42083        29
   37282     42125        59
   37342     42185        32
   37375     42218        47
   37423     42266        26
   37483     42326        26
   37522     42365        32
   37581     42424        44
   37648     42491        37
   37713     42556        69
   37807     42650        32
   37840     42683        20
   37861     42704        28
   37890     42733        27
   37918     42761        20
   37948     42791        25
   37974     42817        21
   38014     42857        26
   38059     42902        26
   38086     42929        35
   38122     42965        31
   38158     43001        35
   38234     43077        25
   38272     43115        23
   38299     43142        35
   38371     43214        34
   38437     43280        40
   38490     43333        22
   38539     43382        20
   38563     43406        35
   38614     43457        26
   38767     43610        20
   38866     43709        32
   38928     43771        21
   38956     43799        20
   39004     43847        35
   39040     43883        20
   39073     43916        44
   39118     43961        59
   39193     44036        45
   39239     44082        32
   39278     44121        29
   39353     44196        20
   39379     44222        39
   39419     44262        41
   39464     44307        22
   39487     44330        24
   39527     44370        23
   39564     44407        34
   39599     44442        26
   39662     44505        23
   39716     44559        21
   39785     44628        23
   39896     44739        32
   39974     44817        38
   40013     44856        38
   40052     44895        35
   40094     44937        23
   40211     45054        26
   40322     45165        35
   40358     45201        61
   40445     45288        26
   40490     45333        29
   40502     43121        20
   40526     45369        23
   40619     45462        25
   40693     45536        42
   40742     45585        23
   40781     45624       146
   40928     45771        21
   40950     45793        37
   41012     45855        29
   41090     45933        21
   41162     46005        23
   41216     46059       110
   41375     46218        26
   41405     46248        20
   41583     46425        24
   41851     46699        28
   42099     46937        28
   42221     47059        42
   42337     47195        26
   42395     47253        25
   42567     47425        20
   42654     47512        28
   42809     47664        31
   42960     47818        20
   42983     47841        39
   43024     47882        25
   43113     47971        35
   43160    105433        35
   43180     48038        22
   43374     48224        23
   43452     48307        30
   43538     48396        24
   43572     48431        26
   43617     48477        35
   43662     48523        20
   43799     48671        53
   43875     48747        26
   43911     48783        34
   44670     49564        32
   44706     49600        37
   45174     50198        36
   45247     50271        26
   45305     50329        31
   45356     50380        21
   45546     50564        21
   45574     50592        23
   45882     50886        23
   45906     50910        29
   46865     51335        34
   46901     51371        26
   46972     51442        31
   47390     51883        32
   47824     52275        83
   48352     53022        41
   48394     53064        20
   48439     53109        32
   48581     53251        22
   48619     53289        35
   48673     53343        23
   48747     53417        33
   49248     53891        26
   49293     53936        27
   49323     53966        59
   49397     54040        35
   49433     54076        38
   49486     54129        25
   49594     54237        21
   49675     54318        23
   50000     54643        22
   50029     54672        25
   51998     56262        49
   52073     56337        60
   52163     56427        22
   52227     56495        31
   52332     56598        20
   52450     56719        20
   52565     56841        21
   52747     57058        32
   52790     57101        48
   55148     59560        29
   55190     59616        22
   55375     59805        34
   55416     59846        26
   55467     59897        35
   55542     59972        81
   55653     60083        38
   55704     60134        38
   55743     60173        68
   55915     60345        25
   55956     60386        20
   55995     60425        37
   56067     60497        50
   56145     60575        23
   56214     60644        23
   56238     60668        68
   56329     60759        31
   56361     60791        44
   56422     60852        49
   56529     60959        45
   56601     61031        38
   56667     61097        44
   60678     62644        23
   73595     77117        21
   73723     77264        30
   73784     77326        23
   73808     77350        24
   73836     77378        23
   73860     77402        28
   73919     77461        30
   73950     77492        46
   74033     77575        35
   74078     77620        23
   74102     77644        36
   74189     77731        20
   74218     77760        45
   74264     77806        38
   74303     77845        20
   74360     77902        55
   74426     77968        44
   74471     78013        29
   74504     78046        20
   74585     78127        23
   74609     78151        35
   74723     78265        29
   74753     78295        29
   74825     78367        38
   74885     78427        38
   74942     78484        20
   74963     78505        20
   75026     78568        20
   75056     78598        35
   75113     78655        44
   75167     78709        27
   75272     78814        28
   75457     78995        33
   75515     79053        26
   75750     79292        25
   75805     79349        21
   75850     79394        34
   75988     79532        37
   76026     79570        28
   76215     79760        30
   76541     80053        21
   76750     80267        26
   77038     80541        31
   77070     80573        26
   77097     80600        26
   77160     80663        53
   77304     80807        24
   77334     80837        26
   77415     80918        29
   77445     80948        29
   77478     80981        26
   77514     81017        26
   77568     81071        32
   77602     81105        30
   77865     81385        30
   77947     81473        23
   78208     81757        31
   78278     81834        33
   78332     81888        20
   78623     82210        44
   78668     82255        34
   78742     82329        23
   78769     82356        32
   78865     82452        35
   78956     82543        26
   79665     83266        22
   79829     83421        58
   80053     83645        23
   80104     83696        23
   80310     83906        20
   80387     83983        27
   80424     84020        21
   80485     84078        30
   80544     84137        24
   80582     84175        25
   80922     84478        27
   81783     85235        30
   81856     85308        34
   82043     85495        20
   82111     85563        27
   82150     85602        30
   82338     85790        24
   82486     85954        20
   82531     86000        31
   82607     86076        20
   82668     86131        20
   82763     86226        20
   82822     86285        29
   82979     86434        37
   83259     86715        27
   83287     86743        38
   83498     86955        21
   83809     87251        31
   83936     87424        20
   84118     87606        21
   84182     87670        27
   84571     88026        24
   84813     88242        21
   84843     88272        26
   84951     88380        29
   85251     88638        20
   85633     89007        20
   85754     89128        34
   85938     89318        31
   85970     89350        22
   86100     89481        28
   86133     89510        39
   86527     89952        30
   86558     89983        29
   86797     90222        25
   87031     90484        26
   87556     90964        20
   89580     93703        27
   89847     93985        26
   89919     94057        23
   91602     95632        27
   93853     97718        20
   95013     98929        24
   95211     99299        23
   95714    100723        36
   95751    100760        55
   96227    154933        20
   96401    101502        29
   96497    101604        24
   96624    101731        44
   96702    101809        26
   96869    101976        24
   96894    102001        20
   96972    102079        27
   97073    102180        44
   97161    102268        26
   97303    102398        28
   97471    102584        30
   97563    102680        23
   97700    102847        22
   97771    102926        28
   97821    102976        35
   97881    103036        23
   97918    103073        25
   97944    103099        35
   97992    103147        30
   98028    103183        20
   98061    103216        41
   98113    103268        51
   98211    103366        22
   98234    103389        35
   98274    103429        20
   98482    103637        27
   98827    104072        44
   98872    104117        42
   99131    104376        22
   99154    104399        32
   99358    104607        28
   99401    104650        24
   99579    104858        48
   99755    105036        27
   99783    105064        26
   99867    105148        29
   99979    105260        36
  100016    105297        29
  100051    105332        50
  100117    105398        27
  100170    105451        25
  100616    106174        21
  101107    107197        25
  102108    107404        33
  102166    107455        76
  102274    107563        46
  102362    107628        26
  102389    107655        41
  102443    107709        69
  102513    107779        50
  102607    107873        56
  102664    107930        27
  102706    107972        24
  102731    107997        35
  102767    108033        27
  102795    108061        35
  102854    108119        23
  102889    108154        21
  102924    108189        37
  103020    108285        68
  103143    108408        57
  103210    108475        20
  103231    108496        32
  103296    108563        24
  103321    108588        68
  103390    108657        30
  103429    108696        34
  103465    108732        41
  103573    108840        23
  103604    108871        70
  103675    108942        23
  104220    109247        68
  104470    109501        20
  104615    109638        51
  104799    109978        24
  104935    110103        22
  104958    110126        37
  105036    110230        36
  105129    110335        79
  105324    110524        22
  105347    110547        37
  105386    110586        24
  105436    110635        40
  105513    110716        21
  105549    110752        37
  105608    110810        25
  105694    110900        22
  105829    111031        20
  105957    111150        37
  106078    111242        22
  106201    111345        29
  106251    111395        24
  106283    111427        38
  106347    111491        45
  106393    111537        44
  106477    111622        28
  106557    111700        42
  106600    111743        93
  106767    111881       121
  106888    111997        74
  106963    112072       112
  107089    112198        22
  107140    112249        27
  107189    112293        50
  107240    112344        34
  107394    112498        65
  107503    112607        61
  107565    112669        79
  107645    112749        24
  107687    112791        37
  107849    112936        20
  107894    112981        77
  107974    113061        20
  108008    113092        62
  108081    113165        56
  108138    113222        72
  108211    113295        20
  108232    113316       130
  108363    113447        31
  108425    113509        32
  108458    113542        21
  108505    113589        36
  108542    113626        34
  108588    113672        40
  108629    113713       177
  108807    113891       110
  108924    114008        59
  108984    114068        23
  109095    114284        57
  109529    114625        52
  109582    114678        36
  109719    114943        79
  110279    115763        21
  110304    115788        44
  110638    116142        31
  110714    116243        21
  132383    140414        28
  135850        24        54
  135908        81        20
