> gi|442566304|gb|KC180771.1|
      68       655        35
     119       706        20
     175       762        21
     263       850        44
     404       991        26
     497      1084        23
     578      1165        44
     623      1210        20
     827      1414        23
     869      1456        32
     959      1546        38
    1120      1732        27
    1510      1996        20
    1531      2017        21
    3902      4491        26
    7496      7604        23
    8703      8636        20
    8840      8867        25
    8874      8901        20
    9607      9743        35
   10361     10494        63
   10583     10820        34
   10618     10855        26
   11025     11514        28
   11070     11559        32
   11124     11613        29
   11223     11712        20
   11403     11892        23
   11472     11961        29
   11543     12032        21
   11688     12177        20
   11751     12240        53
   12424     12905        23
   13438     13988        24
   14136     14900        20
   14851     16050        22
   14907     16106        29
   14946     16145        26
   15021     16220        32
   15204     16403        28
   15279     16478        20
   16358     17534        34
   17224     18435        23
   17521     18732        20
   19615     21474        32
   19785     21644        45
   19978     21837        22
   20881     22796        24
   22361     24225        21
   23679     25559        20
   23727     25607        20
   23838     25718        23
   23910     25790        20
   23961     25841        31
   24570     26444        23
   27081     29624        27
   27468     30587        26
   29813     32786        26
   29862     32835        25
   30088     33296        30
   30133     33341        21
   30158     33366        20
   30268     33467        26
   31352     34407        41
   32683     35842        32
   32881     36040        29
   32944     36103        24
   32975     36134        40
   33085     36244        23
   33109     36268        23
   33148     36307        24
   33211     36370        23
   33283     36442        26
   33355     36514        20
   33394     36553        32
   33469     36628        41
   33511     36670        38
   33649     36808        47
   33697     36856        70
   33768     36927        28
   33911     37070        26
   34145     37304        23
   34286     37445        20
   34421     37580        20
   34469     37628        23
   34550     37709        20
   34646     37805        23
   34706     37865        20
   34886     38045        50
   34988     38147        23
   35054     38213        23
   35078     38237        41
   35309     38517        39
   35348     38562        51
   36279     39799        26
   36308     39828        29
   37093     40608        26
   37134     40649        27
   37198     40713        20
   37462     40977        32
   37531     41046        23
   37603     41118        26
   37747     41262        23
   37804     41319        23
   38053     41568        23
   38095     41610        32
   38218     41733        25
   38269     41784        28
   38310     44049        24
   38413     41928        21
   38452     41967        29
   38614     42129        35
   38770     42285        38
   38851     42366        47
   39040     42555        29
   39076     42591        29
   39178     42693        26
   39205     42720        21
   39227     42742        20
   39250     42765        21
   39428     42943        29
   39527     43042        35
   39563     43078        26
   39848     43363        20
   39974     43489        22
   40193     43708        26
   40358     43873        22
   40436     43951        22
   40667     44182        23
   40709     44224        20
   40853     44368        20
   40874     44389        53
   40964     44479        23
   41012     44527        23
   41204     44719        23
   41240     44755        23
   41264     44779        46
   42093     45808        30
   42133     45848        22
   42215     45923        46
   42389     46102        20
   43163    102995        36
   43172     46924        28
   43458     47203        24
   43680     47443        21
   43813     47630        31
   44670     48605        35
   44706     48641        37
   45190     49178        23
   45295     49283        29
   46878     51019        25
   46906     51047        21
   46974     51114        23
   47399     51541        28
   47848     51752        30
   47879     51783        26
   48330     52572        20
   48439     52681        29
   49293     53480        20
   49329     53516        44
   49437     53624        20
   49509     53696        20
   49673     53861        25
   49699     53887        20
   49829     54017        26
   52015     54754        24
   52105     54844        27
   52565     55373        21
   52751     55589        23
   52790     55628        30
   55387     58616        25
   55413     58642        23
   55467     58696        35
   55674     58903        20
   55695     58924        26
   55956     59185        20
   56088     59317        29
   56145     59374        23
   56214     59443        20
   56262     59491        20
   56331     59560        27
   56359     59588        32
   56424     59653        23
   56517     59746        44
   56601     59830        20
   56676     59905        20
   56748     59977        20
   60432     61732        20
   60750     62050        20
   73774     76645        24
   73841     76712        20
   73925     76796        41
   74069     76940        29
   74102     76973        20
   74186     77057        20
   74282     77153        23
   74372     77243        22
   74567     77438        26
   74657     77528        26
   74834     77705        23
   74960     77831        26
   75026     77897        20
   75056     77927        38
   75113     77984        30
   75167     78038        27
   75463     78286        27
   75989     78831        24
   77097     79898        26
   77127     79928        20
   77187     79988        20
   77239     80040        21
   77364     80165        29
   77529     80330        22
   77571     80372        30
   77859     80662        39
   78623     81554        24
   78673     81604        29
   78724     81655        32
   78766     81697        29
   78869     81800        31
   80842     83753        24
   82117     85001        32
   82201     85085        21
   82607     85522        20
   82877     85786        20
   82984     85885        20
   83814     86817        26
   83988     87061        24
   84581     87621        20
   85226     88270        21
   85840     88869        20
   85941     88976        21
   86567     89594        35
   87556     90527        20
   95712     98417        38
   95751     98456        43
   96591     99338        20
   96798     99545        29
   96894     99641        20
   96915     99662        20
   96948     99695        22
   97073     99820        26
   97100     99847        22
   97161     99908        26
   97884    100626        20
   98130    100872        34
   98274    101016        20
   98368    101110        21
   98827    101659        26
   99331    102168        21
   99592    102428        20
   99871    102711        25
  100016    102856        29
  100050    102890        51
  100102    102942        31
  101086    104817        20
  101107    104838        25
  102174    105136        68
  102274    105236        46
  102343    105283        20
  102389    105328        28
  102449    105388        63
  102513    105452        46
  102622    105561        41
  102664    105603        27
  102731    105670        63
  102795    105734        35
  102854    105792        23
  102924    105862        35
  103020    105958       101
  103155    106093        45
  103210    106148        20
  103231    106169        31
  103296    106236        24
  103321    106261        21
  103343    106283        46
  103429    106369        34
  103465    106405        47
  103573    106513        23
  103604    106544        93
  104221    106906        62
  104630    107305        28
  104935    107768        22
  104958    107791        37
  105015    107873        20
  105036    107894        30
  105129    107999        69
  105229    108098        35
  105360    108224        24
  105436    108299        40
  105549    108411        25
  105694    108576        22
  105829    108720        20
  105952    108833        42
  106204    109041        34
  106249    109086        26
  106287    109124        25
  106352    109189        40
  106393    109230        44
  106452    109289        24
  106478    109315        24
  106569    109404        30
  106600    109435        49
  106650    109485        25
  106712    109547        34
  106782    109590        38
  106821    109629        44
  106866    109674        22
  106888    109691        74
  106963    109766        25
  107005    109808        70
  107089    109891        22
  107140    109942        24
  107198    109995        50
  107249    110046        38
  107399    110196        29
  107429    110226        30
  107503    110300        61
  107565    110362        79
  107645    110442        24
  107687    110484        37
  107745    110545        28
  107849    110628        20
  107910    110689        61
  107974    110753        20
  108013    110789        57
  108071    110847        45
  108117    110893        27
  108150    110926        60
  108211    110987        20
  108232    111008        40
  108273    111049        89
  108377    111153        31
  108425    111201        24
  108489    111265        52
  108542    111318        34
  108588    111364        40
  108629    111405       170
  108800    111576        93
  108894    111670        23
  108924    111700        59
  108984    111760        23
  109095    111970        57
  109529    112288        66
  109598    112357        20
  109720    112640        78
  110304    113379        44
  111934    115966        22
  112180    116212        26
  112372    116404        32
  112429    116461        23
  112896    116928        24
  115728    118920        48
  116390    119493        26
  117326    120568        20
  117347    120589        27
  118604    121849        20
  118803    122052        26
  118890    122139        41
  118938    122187        23
  120855    124163        23
  121630    124933        23
  121699    125002        23
  121774    125077        20
  121813    125116        35
  122746    126348        33
  123005    126607        24
  123033    126635        20
  123241    126837        20
  123280    126876        26
  123378    126974        21
  123538    127134        20
  123682    127278        62
  123780    127376        29
  124068    127664        26
  124120    127716        21
  124165    127761        38
  124294    127890        28
  124330    127926        23
  132383    134751        28
  135879        28        25
  136260    157627        20
