> gi|474452054|gb|KC561139.1|
    7983       540        26
    8064       621        20
    8106       663        23
    8139       696        25
    8193       750        20
    8315       872        21
    8337       894        22
    8403       960        23
    8525      1082        42
    8592      1149        20
    8613      1170        23
    8793      1350        23
    9280      1790        23
   11702      4280        26
   15293      7397        28
   15794      7934        29
   16742     36569        29
   16750      8384        25
   17743      8967        37
   18034      9283        20
   18199      9438        21
   18496      9684        28
   18795      9884        25
   19191     10300        26
   19287     10396        32
   19596     10705        23
   19620     10729        23
   19968     11077        20
   20018     11127        30
   21532     12739        24
   22064     13291        22
   25013     16759        21
   27993     19652        20
   29660     21325        23
   30002     21667        20
   32245     23932        20
   32521     24208        29
   32641     24328        31
   32884     24571        22
   33100     24787        20
   33457     25141        23
   35867     29003        20
   38256     31411        24
   38481     31565        21
   39640     46133        24
   44237     37723        58
   45182     38645        26
   45218     38681        20
   45251     38714        20
   45512     38975        23
   45902     39365        27
   46297     39760        33
   46346     39809        20
   46723     40186        20
   46844     40307        23
   47030     40493        62
   47146     40609        30
   47241     40704        23
   47355     40818        23
   47577     41040        20
   47697     41160        26
   47885     41348        20
   48234     41697        20
   48891     42354        22
   49251     42714        29
   49928     43792        49
   50544     44524        20
   50730     44710        23
   51462     45491        23
   52027     46176        48
   52602     46719        22
   53232     47477        26
   53265     47510        26
   54096     48879        22
   54374     49245        57
   55824     50881        44
   55971     51028        20
   57126     53034        21
   57671     53617        22
   57904     53898        31
   58395     54474        20
   58635     54706        45
   58870     54941        20
   58993     55064        20
   59332     55403        23
   59507     55578        31
   60636     56865        25
   60830     57059        20
   60888     57117        25
   61171     57400        33
   61235     57464        29
   61346     57575        20
   63165     60143        21
   66390     63353        35
   66546     63509        26
   66929     63917        20
   67646     64631        20
   68894     65837        22
   69086     66038        23
   69397     66330        23
   69455     66388        23
   70435     68178        25
   70476     68219        28
   70660     68375        23
   70686     68401        33
   73073     71071        20
   73911     71754        23
   74566     72519        21
   74846     72799        27
   75560     73581        26
   76076     74129        20
   76217     74270        23
   76437     74490        22
   76664     74717        20
   76877     74930        20
   76985     75038        23
   79653     77560        22
   79736     77643        23
   79850     77757        21
   79970     77877        23
   80239     78130        27
   80902     78872        27
   81228     79198        24
   83241     81202        33
   84919     82649        22
   85242     82966        29
   85456     83180        25
   86318     84234        25
   87437     85333        23
   89897     87860        23
   92518     95563        20
   96274     96397        41
   96569     96692        27
   96802     96925        26
   96938     97078        21
   97723     97823        23
   97824     97924        20
   98631     98630        23
   98912     98911        20
   99013     99012        45
   99166     99168        23
   99217     99219        34
   99716     99704        25
   99839     99827        29
  102095    101547        25
  102374    101836        59
  102444    101898        54
  102499    101953        30
  102574    102027        29
  102635    102088       133
  102783    102236        24
  102808    102261        41
  102850    102303        57
  102908    102361       130
  103039    102492       105
  103149    102602       137
  103287    102740        31
  103360    102813        88
  103467    102920        50
  103530    102983        47
  103610    103063       158
  103769    103222       100
  104117    103599        58
  104187    103669        36
  104438    103917        20
  104460    103939        21
  104518    104001        37
  104840    104351        21
  104957    104465        70
  105069    104575        43
  105228    104727        20
  105514    105013        32
  105607    105111        27
  105834    105415        92
  106178    105778        21
  106200    105800        24
  106225    105825        23
  106249    105849        36
  106321    105921        91
  106413    106013        34
  106541    106142        23
  106565    106166        82
  106648    106249        69
  106725    106325        38
  106777    106377        43
  106824    106424        88
  106927    106527        98
  107026    106625        32
  107064    106663        43
  107133    106731        49
  107183    106781        36
  107240    106838        64
  107305    106903        27
  107341    106939        21
  107363    106961        27
  107437    107035        61
  107499    107097        97
  107608    107206        49
  107693    107291        24
  107726    107324        34
  107797    107395        28
  107826    107424        99
  107946    107544        45
  107992    107590        37
  108062    107660       124
  108187    107785        39
  108227    107825        30
  108258    107856        26
  108290    107888        33
  108364    107961        28
  108397    107994        86
  108504    108101        42
  108547    108144        43
  108591    108188        67
  108659    108256        54
  108721    108318        86
  108808    108405        22
  108831    108428       118
  108960    108557        21
  109142    108733        31
  109179    108770        27
  109458    109011        35
  109792    109381        50
  110311    110013        39
  111721    112376        30
  112250    112905        20
  117691    118537        32
  117766    118612        20
  117898    118744        29
  119643    120512        20
  120569    121412        26
  120623    121466        21
  120722    121565        20
  121873    122920        20
  122189    123231        21
  123172    124214        24
  133262    130665        39
  133770    131286        50
  134119    131671        35
  134406    131920        27
  134439    131953        31
  134631    132139        21
  134663    132171       118
  134782    132290        22
  134805    132313        86
  134899    132407        54
  134954    132462        67
  135022    132530        43
  135066    132574        42
  135129    132637        86
  135220    132728        28
  135289    132796        33
  135328    132835        26
  135355    132862        30
  135386    132893        39
  135426    132933       124
  135583    133090        37
  135621    133128        45
  135687    133194        99
  135787    133294        28
  135852    133359        34
  135895    133402        24
  135955    133462        49
  136016    133523        97
  136114    133621        61
  136222    133729        27
  136250    133757        21
  136280    133787        27
  136308    133815        64
  136393    133900        36
  136430    133937        49
  136505    134011        43
  136554    134060        32
  136587    134092        98
  136700    134205        88
  136792    134297        43
  136849    134354        38
  136895    134399        69
  136965    134469        82
  137048    134552        23
  137165    134670        34
  137200    134705        91
  137327    134832        36
  137364    134869        23
  137388    134893        24
  137413    134918        21
  137686    135210        92
  137978    135579        27
  138066    135672        32
  138364    135970        20
  138500    136099        43
  138585    136182        70
  138751    136345        21
  139057    136679        37
  139131    136757        21
  139154    136780        20
  139389    137012        36
  139437    137060        58
  139743    137395       100
  139844    137496       158
  140035    137687        47
  140095    137747        50
  140164    137816        88
  140294    137946        31
  140326    137978       137
  140468    138120       105
  140574    138226       130
  140705    138357        57
  140763    138415        41
  140805    138457        24
  140844    138496       133
  141009    138661        29
  141083    138734        30
  141114    138765        54
  141179    138822        59
  141492    139145        25
  143744    140861        29
  143871    140988        25
  144361    141464        34
  144423    141526        23
  144554    141660        45
  144680    141786        20
  144958    142064        23
  145768    142773        20
  145866    142871        23
  146653    143618        21
  146784    143766        26
  147016    143998        27
  147297    144279        41
  151074    145134        20
  153692    152834        23
