> gi|744674068|gb|KP006497.1|
      56       175        22
     535       518        26
     562       545        41
     604       587        29
     658       641        44
     772       755        23
     853       836        23
     877       860        35
     928       911        35
     979       962        47
    1033      1016        41
    1129      1112        23
    1216      1199        29
    1255      1238        20
    1306      1289        53
    1360      1343        47
    1452      1435        42
    1495      1478        68
    1662      1634        22
    1867      1801        45
    2374      2287        24
    3049      2962        23
    3909      3841        20
    3937      3867        21
    4333      4246        26
    4443      4357        47
    6292      5297        28
    7222      7591        29
    7739      8024        36
    7794      8079        20
    7959      8293        31
    8776      9124        29
    9067      9415        23
    9239      9586        26
    9413      9753        45
    9509      9847        48
    9709     10051        30
    9740     10082        47
   10383     10504        26
   10543     10664        20
   10775     10896        23
   10811     10932        23
   10863     10984        25
   11018     11139        41
   11117     11238        23
   11390     11511        28
   11585     11706        28
   11688     11808        26
   12151     12269        43
   12608     12762        20
   12782     12942        20
   12812     12972        31
   12850     13010        44
   12895     13055        27
   13422     13541        29
   13469     13588        30
   13545     13664        23
   13581     13700        38
   34670     72628        20
   43035    142335        27
   44132     51669        21
   45454     38786        54
   46370     39607        49
   46420     39657        40
   46464     39704        24
   46531     39773        36
   46637     40065        48
   46688     40116        21
   46730     40158        34
   47133     40550        51
   47815     41204        35
   47923     41312        33
   48190     41579        23
   48685     42076        38
   48736     42127        20
   48994     42385        22
   49251     42632        44
   50184     43707        30
   50262     43785        26
   50290     43812        31
   50421     43931        20
   50816     44316        30
   51064     44575        25
   51090     44601        31
   58768     67493        32
   58817     67542        23
   58841     67566        31
   58955     67680        26
   59118     67843        20
   59820     69071        20
   59854     69105        24
   60374     69625        25
   60625     69858        20
   60819     70052        39
   60952     70185        20
   61061     70294        22
   61231     70464        20
   61516     70749        23
   62582    146028        21
   67767    154950        22
   67832    155014        26
   67939    155119        22
   68677    157112        23
   68777    157233        22
   68966    157409        25
   69156    157658        23
   70214    158588        20
   70433    158795        22
   70995    160323        31
   71029    160357        20
   71083    160411        53
   71146    160474        23
   71188    160516        22
   73893    112187        25
   75359    129171        21
   85386     94886        23
   86383     95214        24
   87450     96035        28
   89595     99374        31
   90083     99853        20
   90339    100235        29
   90585    100481        21
   90706    100605        24
   90899    100798        29
   91124    101023        24
   91881    101966        47
   91967    102052        23
   92161    102120        25
   92165     64455        26
   92772    102262        22
   92955    102527        53
   93088    102660        21
   97487    142326        20
   98568     14911        21
   98722     15060        24
   99406    147321        20
   99450    102969        21
   99542    103061        24
   99600    103119        26
   99642    103161        94
   99737    103256        35
   99773    103292        25
   99815    103333        61
   99919    103439        64
  100009    103529        25
  100086    103605        66
  100153    103672       118
  100272    103791        69
  100342    103861        23
  100397    103917        26
  100426    103945        28
  100470    103988       142
  100628    104146       121
  100758    104270       103
  100862    104374        29
  100903    104416        50
  100954    104467        48
  101003    104516        30
  101055    104568        26
  101093    104606        50
  101153    104666        28
  101238    104830        31
  101308    104900        31
  101377    104964        26
  101401    104989        83
  101485    105073       128
  101628    105216        28
  101669    105257        46
  101733    105321        51
  101785    105373        79
  101876    105468        34
  101939    105531        31
  101971    105563        34
  102008    105598        69
  102078    105668        36
  102110    105703        39
  102240    105817       105
  102346    105923        42
  102389    105966        23
  102432    106017        98
  102531    106116        44
  102576    106161        30
  102607    106192        57
  102656    106250        26
  102683    106277        60
  102768    106358        67
  102853    106439        27
  102881    106467        28
  102940    106526        29
  102994    106580        51
  103066    106656        50
  103118    106708        21
  103175    106768        62
  103253    106846        22
  103305    106899        61
  103416    107010        24
  103442    107036        34
  103480    107070       102
  103590    107180        32
  103624    107214       155
  103780    107370        34
  103815    107405        47
  103863    107453       128
  103992    107582        54
  104050    107640        65
  104124    107714        70
  104218    107808        35
  104254    107844       134
  104389    107979        68
  104470    108060        85
  104556    108146       131
  104694    108284        24
  104752    108341        42
  104795    108384        23
  104819    108408        84
  104904    108493        67
  105006    108602        27
  105088    108841       295
  105384    109136        85
  105470    109222       139
  105610    109362        22
  105638    109390       187
  105826    109578        39
  105866    109618       178
  106045    109797       115
  106161    109913       139
  106400    110130        34
  106435    110165        56
  106492    110222        28
  106535    110265        22
  106586    110284        33
  106651    110361        21
  106724    110424        21
  106746    110446        32
  106779    110479        27
  106807    110507        66
  106933    110642        25
  106993    110702        22
  107076    110786        31
  107108    110818        40
  107149    110859        22
  107795    149441        20
  107826    111126        74
  107907    111207        45
  109341    132416        20
  109755    132818        20
  110064    133130        30
  110181    133247        25
  110215    133281        23
  110392    133458        20
  110442    133508        20
  110500    133566        23
  110707    133773        22
  110974    134037        22
  111139    134202        35
  112244    135332        31
  112278    135366        20
  113304    136142        32
  113337    136175        31
  113666    136459        37
  113848    136635        22
  114416    137173        22
  115019    137851        23
  115049    137881        20
  115406    138238        22
  115436    138268        26
  115787    138619        26
  116182    139014        23
  116206    139038        21
  116365    139153        24
  116426    139214        20
  116522    139310        23
  117019    139812        22
  117084    139877        38
  117136    139929        31
  117489    140225        37
  117528    140264        21
  117762    140498        20
  117948    140684        29
  118338    141206        24
  118438    141306        26
  118465    141333        20
  118492    141360        20
  118533    141401        27
  118591    141459        26
  118663    141531        32
  118702    141570        29
  118750    141618        24
  118889    141764        25
  118924    141799        29
  119001    141876        24
  119026    141901        24
  119188    142057        23
  119338    142207        28
  119446    142315        24
  120312    143123        25
  120604    143415        20
  120826    143637        23
  120868    143679        28
  121047    143858        34
  121115    143926        22
  121292    144103        26
  121403    144214        23
  121447    144258        21
  121527    144338        23
  121583    144394        20
  121634    144445        20
  121760    144571        25
  121862    144673        23
  121931    144742        23
  122009    144820        23
  122065    144876        24
  122090    144901        23
  122135    144946        20
  122189    145000        20
  122431    145292        20
  123026    147803        38
  124041    148785        22
  124777    149560        25
  128558    160621        45
  128610    160673        74
  128695    122412        20
  129339    160992        22
  129362    161015        40
  129403    161056        31
  129495    161149        22
  129552    161206        25
  129637    161300        66
  129704    161367        27
  129732    161395        32
  129765    161428        21
  129838    161491        21
  129891    161556        33
  129953    161586        22
  129990    161623        28
  130019    161652        56
  130076    161709        34
  130210    161821       139
  130350    161961       115
  130466    162077       178
  130645    162256        39
  130685    162296       187
  130878    162489        22
  130901    162512       139
  131041    162652        85
  131127    162737       295
  131477    163244        27
  131539    163313        67
  131607    163381        84
  131692    163466        23
  131716    163490        42
  131792    163565        24
  131823    163596       131
  131955    163728        85
  132053    163826        68
  132122    163895       134
  132257    164030        35
  132316    164089        70
  132395    164168        65
  132464    164237        54
  132519    164292       128
  132648    164421        47
  132696    164469        34
  132731    164504       155
  132888    164661        32
  132928    164701       102
  133034    164803        34
  133070    164839        24
  133144    164913        61
  133235    165005        22
  133273    165043        62
  133371    165144        21
  133394    165167        50
  133465    165242        51
  133541    165318        29
  133601    165378        28
  133630    165407        27
  133675    165448        67
  133767    165536        60
  133828    165597        26
  133846    165624        57
  133904    165682        30
  133935    165713        44
  133980    165758        98
  134098    165884        23
  134122    165908        42
  134165    165951       105
  134361    166131        39
  134396    166169        36
  134433    166206        69
  134505    166276        34
  134540    166311        31
  134600    166371        34
  134646    166421        79
  134726    166501        51
  134795    166570        46
  134854    166629        28
  134897    166672       128
  135026    166801        83
  135107    166883        26
  135171    166942        31
  135241    167012        31
  135329    167179        28
  135367    167217        50
  135429    167279        26
  135477    167327        30
  135508    167358        48
  135557    167407        50
  135619    167470        29
  135649    167500       103
  135761    167606       121
  135898    167743       142
  136056    167900        28
  136087    167930        26
  136145    167989        23
  136169    168013        69
  136239    168083       118
  136358    168202        66
  136476    168319        25
  136527    168370        64
  136634    168479        61
  136712    168556        25
  136738    168582        35
  136774    168618        94
  136884    168728        26
  136944    168788        24
  137039    168883        21
  137084     29431        32
  137117     29464        27
  138084     89141        28
  138195     89248        20
  138226     89279        25
  138280     89333        29
  138663     89653        56
  138756     89745        42
  138838     89818        22
  138917     89897        22
  138969     89949       103
  139077     90057        38
  139116     90096        38
  139169     90149        36
  139206     90186        58
  139268     90248        97
  139366     90346        77
  139468     90448        20
  139573     90547        27
  139601     90580        33
  139635     90614        67
  139704     90682        30
  139759     90758        34
  139811     90810        33
  139868     90867        20
  139938     90937        53
  139992     90991        41
  140240     91239        38
  140304     91303        21
  140333     91332        24
  140530     91522        27
  140683     91609        43
  140744     91670        32
  140826     91752        44
  140931     91857        35
  140967     91893        23
  141007     91933        25
  141033     91959        32
  141093     92019        41
  141135     92061        53
  141189     92115        36
  141228     92154        39
  141268     92194        37
  141348     92274        40
  141402     92328        37
  141449     92375        24
  141530     92456        44
  141701     92622        30
  141764     92681       119
  141939     92855        20
  141968     92884        20
  142012     92934        20
  142068     92989        22
  142091     93012        65
  142157     93078        76
  142237     93158        21
  142261     93182        30
  142292     93213        61
  142391     93312        27
  142438     93359        32
  142492     93413        56
  142552     93473        26
  142585     93506        41
  142637     93558        22
  142660     93581        22
  142699     93620        49
  142749     93670        21
  142830     93751        57
  142888     93809        24
  142955     93871        30
  143032     93963        42
  143401    169192        21
  143502    169293        53
  144323    147166        22
  151963     15120        34
  152004     15161        50
  152167     15303        35
  152225     15361        22
  152268     15404        27
  152296     15432       131
  152426     15561       152
  152595     15730        49
  152670     15805        37
  152708     15843        21
  152745     15879        34
  152780     15914        29
  152810     15944        53
  153005     16120        76
  153112     16227        45
  153199     16314        32
  153248     16363        37
  153353     16468        28
  153445     16560        38
  153501     16616        34
  153536     16651        23
