> gi|407030397|gb|JX513417.1|
       7    139236        80
     614       235        41
     659       280        23
     683       304        20
     713       334        41
     845       466        32
     905       526        20
     944       565        20
    1067       688        41
    1109       730        41
    1151       772        32
    1268       889        23
    1334       955        35
    1370       991        20
    1391      1012        38
    1451      1072        23
    1499      1120        34
    1742      1400        35
    1811      1475        26
    2120      1730        20
    2279      1892        20
    2303      1916        22
    2412      2025        22
    3510      3144        21
    3984      3631        24
    4209      3798        27
    4324      3913        26
    5273      4601        23
    5349      4677        22
    5372      4700        32
    5831      5110        22
    6250      5544        66
    6359      5667        20
    7211      7139        28
    7780      7705        37
    8208      8145        24
    8455      8380        30
    8494      8419        28
    8523      8448        21
   12949     21976        23
   13198     22213        28
   13411     22432        37
   13526     22547        34
   13993     23032        20
   14204     23255        41
   14251     23302        33
   14308     23359        20
   14350     23401        38
   14422     23473        30
   14590     23641        20
   14704     23755        50
   14788     23839        23
   14944     24007        26
   15448     24496        20
   15586     24634        23
   15757     24805        21
   15866     24914        22
   16123     25175        22
   16179     25231        22
   16260     25312        35
   17778     26098        20
   18018     26338        20
   18084     26404        23
   18186     26506        21
   18240     26560        29
   19171     27554        24
   19304     27687        29
   19334     27717        27
   19394     27777        20
   19514     27897        23
   19853     28251        23
   19899     28297        22
   19922     28320        26
   22463     31248        27
   22491     31276        22
   22796     31581        29
   23273     32119        25
   23349     32195        21
   23425     32271        29
   23551     32397        20
   23923     32769        35
   24139     33018        24
   24402     33283        23
   24585     33466        35
   24648     33529        26
   24697     33578        22
   24756     33637        20
   24801     33682        23
   24873     33754        26
   24912     33793        23
   26100     34662        26
   26127     34689        20
   26148     34710        26
   26220     34782        35
   26256     34818        23
   26747     35405        39
   26809     35467        30
   26930     35589        34
   27383     36165        22
   27433     36233        48
   27509     36309        21
   27532     36332        34
   27671     36471        22
   27799     36599        23
   27827     36627        34
   28341     37159        20
   28446     37264        23
   28506     37324        23
   28701     37519        23
   28812     37630        20
   28857     37675        32
   28914     37732        23
   28938     37756        32
   28995     37813        20
   29262     38080        23
   29662     38471        29
   29692     38501        49
   29940     13599        63
   30014     13673        34
   30054     13713        22
   30154     13748        20
   30698     14302        46
   30904     16385        25
   31706     39284        21
   32228      9523        23
   32252      9547        29
   32456      9751        44
   32521      9816        27
   32651      9946        20
   32729     10024        38
   32858     10153        62
   32945     10240        27
   33030     10325        28
   33074     10369        32
   33107     10402        20
   33173     10468        26
   33200     10495        27
   33230     10525        30
   33330     10625        38
   33495     10790        23
   33582     10877        23
   33606     10901        41
   33673     10968        20
   33789     11084        23
   33906     11201        41
   34020     11315        38
   34101     11396        29
   34131     11426        23
   34224     11519        20
   34303     11598        31
   34341     11636        26
   34371     11666        20
   34392     11687        23
   34425     11720        20
   34452     11747        23
   34792     12031        34
   34826     12070        25
   34856     12100        22
   35245     12489        20
   35297     12541        30
   35988     66824        21
   36004     13459        22
   36029     13484        20
   36136     38840        20
   36261     38977        44
   36319     39035        37
   36483     39208        30
   36667     39414        26
   36709     39456        23
   36787     39534        35
   36829     39576        32
   36862     39609        38
   36934     39681        20
   36955     39702        25
   37060     39807        47
   37138     39885        20
   37276     40023        23
   37450     40197        20
   37576     40323        35
   37612     40359        56
   37675     40422        20
   37720     40467        20
   37813     40560        32
   37846     40593        26
   37882     40629        20
   37990     40737        35
   38056     40803        26
   38149     40896        20
   38200     40947        41
   38266     41013        23
   38431     41178        21
   38470     41217        23
   38494     41241        23
   38554     41301        26
   38626     41373        29
   38716     41463        20
   38767     41514        65
   38846     41593        29
   38876     41623        20
   38909     41656        61
   38993     41740        41
   39044     41791        20
   39068     41815        20
   39092     41839        22
   39287     42034        23
   39533     42280        41
   39749     42496        20
   39851     42598        65
   39974     42721        26
   40060     42807        27
   40088     42835        20
   40187     42934        20
   40328     43075        20
   40373     43120        20
   40397     43144        32
   40601     43348        25
   40674     43421        24
   40745     43492        23
   40820     43567        29
   40889     43636        20
   40919     43666        28
   40955     43702        50
   41018     43765        20
   41092     43839        37
   41130     43877        21
   41152     43899        22
   41311     44050        28
   42024     44681        38
   42225     44854        26
   42278     44910        25
   42362     45008        23
   42651     45302        33
   42711     45364        60
   42859     45512        20
   42880     45533        24
   42925     45578        32
   43018     45672        26
   43122     45786        24
   43207     45874        20
   43525     46204        30
   44620     47080        23
   44649     47109        28
   44685     47145        29
   45295     47708        29
   45379     47792        26
   45469     47882        23
   46036     48401        38
   46622     49303        21
   46661     49342        26
   46694     49372        20
   46780     49459        21
   47060     49861        28
   47450     50238        66
   48210     50878        31
   48278     50946        22
   48544     51212        41
   48598     51266        25
   49172     51839        38
   49288     51955        35
   49668     52336        23
   49740     52408        29
   49856     52524        20
   51050     53328        36
   51107     53385        32
   51373     53660        25
   51722     54017        20
   51901     54208        31
   52424     54657        20
   52445     54678        35
   52624     54857        22
   52819     55052        28
   52912     55145        29
   52966     55199        20
   53005     55238        23
   53176     55409        20
   53232     55465        21
   53272     55505        38
   53346     55579        21
   53386     55619        29
   53773     56006        23
   53827     56060        24
   54555     56705        21
   54714     56996        38
   54773     57055        20
   54809     57091        20
   54836     57118        38
   54920     57202        41
   54983     57265        27
   55085     57367        32
   55118     57400        26
   55190     57472        23
   55262     57544        20
   55640     57922        29
   55805     58087        21
   55931     58213        21
   55982     58264        23
   56101     58383        21
   58775     59827        21
   59655     60697        20
   59709     60754        20
   60345     61531        23
   61036     62214        26
   61111     62289        23
   61165     62343        27
   61204     62382        28
   61675     62853        26
   61807     62985        23
   62750     64158        35
   62795     64203        25
   62944     64329        41
   62998     64383        29
   63080     64465        23
   63167     64552        28
   63206     64592        26
   63281     64667        23
   63341     64727        47
   63398     64784        38
   63437     64823        24
   64701     66110        26
   64950     66374        32
   65082     66505        20
   65180     66609        50
   65231     66660        31
   65432     66808        31
   65464     66840        52
   65543     66923        24
   65889     67351        29
   66386     67849        22
   66843     68475        21
   66935     68567        26
   67537     69206        25
   67865     69521        27
   68047     69700        22
   68135     69790        21
   68158     69813        26
   68209     69878        28
   68432     70071        33
   68466     70105        21
   68789     70477        26
   70694     70973        22
   71155     71480        44
   71359     71684        32
   71423     71748        25
   71563     71888        29
   71665     71990        23
   71734     72059        23
   71791     72116        23
   71830     72155        26
   71857     72182        23
   71881     72206        23
   71923     72248        23
   71962     72287        29
   72058     72383        29
   72088     72413        23
   72181     72506        20
   72202     72527        20
   72253     72578        20
   72448     72773        23
   72559     72884        20
   72596     72921        22
   72867     73174        38
   72930     73237        20
   73144     73430        20
   73365     73652        23
   73422     73709        23
   73597     73889        22
   73634     73926        27
   74436     74801        41
   74478     74843        29
   74619     74984        35
   74778     75143        20
   74811     75176        20
   74916     75281        32
   74967     75332        29
   75219     75584        25
   75824     76268        30
   75887     76331        26
   75992     76436        29
   76022     76466        29
   76076     76520        20
   77228     77688        25
   77293     77753        24
   77408     77868        20
   77539     77999        21
   78271     78813        37
   78471     79068        20
   79368     79954        29
   79425     80011        31
   79614     80200        20
   79705     80294        21
   80121     80707        23
   80191     80777        31
   80223     80809        25
   80291     80877        33
   80647     81197        26
   81266     81911        28
   81678     82316        21
   82005     82706        31
   82049     82750        24
   82076     82777        21
   83059     83992        41
   83187     84120        27
   83233     84166        21
   83317     84250        29
   83378     84311        65
   83452     84383        42
   83600     84536        31
   83641     84577        34
   83676     84612        23
   83700     84636        37
   83764     84695        27
   83842     84773        21
   83872     84803        26
   83899     84830        23
   83923     84854        41
   83966     84897        23
   84000     84931       111
   84141     85072        20
   84231     85162        30
   84306     85237        25
   84332     85263        20
   84386     85317        33
   84520     85451        25
   84546     85477        29
   84645     85576        39
   84865     85801        23
   84993     85933        28
   89687     86157        28
   89823     86299        21
   89845     86321        35
   89914     86390        24
   89964     86431        36
   90896     86922        30
   91311     87342        29
   92051     87568        35
   92355     88422        62
   92424     88491        34
   92459     88526        49
   92672     88737        32
   92891    134126        25
   92945     89016        33
   92990     89061        30
   93034     89104        22
   93064     89134        42
   93107     89177        58
   93168     89238        68
   93260     89330        22
   93340     89410        74
   93424     89494        26
   93451     89521       119
   93571     89641        52
   93624     89694        57
   93682     89752        28
   93718     89788        62
   93786     89856        22
   93824     89894        27
   93852     89922        34
   93887     89957        44
   93957     90039        53
   94030     90112        27
   94057     90148        25
   94102     90193        22
   94125     90216        44
   94225     90316        27
   94263     90354        27
   94291     90382        39
   94330     90442        20
   94351     90463        21
   94438     90550        21
   94463     90575        21
   94485     90597        27
   94532     90644        50
   94589     90701        20
   94616     90728        94
   94745     90857        53
   94819     90931        21
   94850     90962        52
   94915     91027        63
   94988     91100        32
   95021     91133        29
   95061     91173        76
   95168     91280        83
   95305     91416        28
   95514     91630        28
   95543     91659        31
   95598     91714        20
   95619     91735        44
   95677     91793        26
   95815     91934        51
   95867     91986        29
   95918     92037        22
   95941     92060        23
   95969     92088        35
   96062     92189        32
   96095     92222        52
   96174     92301        57
   96315     92447        30
   96345     92478        44
   96438     92570       190
   96637     92769        24
   96667     92799        31
   96750     92882        68
   96848     92980        22
   96873     93005        61
   96972     93099        21
   97079     93199        21
   97139     93257        25
   97461     93461        26
   97602     93596        20
   97626     93621        34
   97714     93708        33
   97948     93982        22
   98262     94298        25
   98313     94349        28
   98433     94468        21
   98458     94494        22
   98667     94689        94
   98873     94900        22
   98906     94932        33
   98940     94966        94
   99035     95061        25
   99061     95087        46
   99119     95145        34
   99164     95190        36
   99201     95227       150
   99409     95435        41
   99451     95477        59
   99511     95537        29
   99541     95567        75
   99619     95645        77
   99710     95736        37
   99758     95784       188
   99947     95973        67
  100015     96041        33
  100052     96077        23
  100111     96136        48
  100160     96185        20
  100181     96206        71
  100253     96278        79
  100399     96425        80
  100480     96512        29
  100549     96581        20
  100576     96604        33
  100749     96791        22
  100770     96811        83
  100867     96908        47
  100932     96977        46
  100997     97042        33
  101038     97084        47
  101086     97132        22
  101132     97173        81
  101214     97255        20
  101285     97491        35
  101314     97525        65
  101471     97683        46
  101518     97730        28
  101554     97766        81
  101668     97881        65
  101734     97947        81
  101816     98029        34
  101876     98082        55
  101932     98138        26
  101970     98176        39
  102010     98216        41
  102052     98258        35
  102089     98295        26
  102137     98343        26
  102163     98368        21
  102204     98409        36
  102289     98509        27
  102319     98539        22
  102380     98591       103
  102495     98707        24
  102520     98732        35
  102632     98837        24
  102667     98872        26
  102727     98932        40
  102768     98973        53
  102859     99065       142
  103045     99251       145
  103238     99447        20
  103267     99477        65
  103327     99542        42
  103370     99585        60
  103443     99658       156
  103604     99819        44
  103650     99865       120
  103780     99995        37
  103818    100033        32
  103859    100074        43
  103909    100124        28
  103963    100178        36
  104000    100215        33
  104039    100254        79
  104119    100334        27
  104149    100364        39
  104215    100430        40
  104265    100545        25
  104294    100578        29
  104324    100608       129
  104460    100745       124
  104598    100883       199
  104798    101083        26
  104825    101110        36
  104876    101161        35
  104938    101222        89
  105041    101325        39
  105096    101380       101
  105199    101483        50
  105260    101544        30
  105291    101575       138
  105430    101714        30
  105481    101765        34
  105531    101814        40
  105579    101862        21
  105650    101923        50
  105838    120978        28
  105948    102202        62
  106011    102265        51
  106147    102412        22
  106186    102451        27
  106243    102508        20
  106329    102596        76
  106448    102710        28
  106870    102921        22
  106910    102961        42
  107056    103107        24
  107332    103398        56
  108717    106077        21
  108877    106237        32
  109116    106476        33
  109180    106540        26
  109849    107209        20
  111108    108363        30
  111139    108394        24
  112160    109263        31
  112193    109296        31
  113032    110109        21
  113055    110132        20
  113266    110343        22
  113671    110731        25
  113712    110772        40
  114001    111061        27
  114125    111185        23
  114581    111641        29
  114704    111764        26
  114833    111893        24
  115278    112342        20
  115919    113256        26
  116194    113539        22
  117095    114374        47
  117164    114443        20
  117272    114551        29
  117302    114581        26
  117474    114753        21
  117581    114877        24
  117618    114914        38
  117904    115200        46
  117951    115247        20
  118089    115385        27
  119170    116411        26
  119209    116450        24
  119234    116475        23
  119330    116571        20
  119540    116781        26
  119573    116814        20
  119754    116992        25
  119820    117058        26
  120208    117446        31
  120303    117541        25
  120690    117928        23
  120804    118042        20
  120837    118075        29
  120873    118111        20
  121147    118422        26
  121742    118985        43
  126617    119654        56
  126925    119977        24
  127053    120105        42
  127113    120165        22
  127529    120370        28
  127600    120436        76
  127742    120580        20
  127792    120630        27
  127836    120674        22
  127943    120792        51
  127995    120844        62
  128139    102102        28
  128305    121135        50
  128405    121225        21
  128434    121254        40
  128490    121309        34
  128545    121364        30
  128576    121395       138
  128715    121534        30
  128756    121575        50
  128808    121627       101
  128925    121744        39
  128978    121797        89
  129094    121912        35
  129144    121962        36
  129181    121999        26
  129208    122026       199
  129421    122239       124
  129552    122371       129
  129682    122501        29
  129715    122538        25
  129750    122638        40
  129817    122705        39
  129859    122747        27
  129887    122775        79
  129972    122860        33
  130006    122894        36
  130068    122956        28
  130103    122991        43
  130155    123043        32
  130188    123076        37
  130235    123123       120
  130357    123245        44
  130406    123294       156
  130575    123463        60
  130636    123524        42
  130673    123566        65
  130747    123641        20
  130815    123712       145
  131004    123901       142
  131184    124082        53
  131238    124136        40
  131312    124210        26
  131349    124247        24
  131450    124341        35
  131486    124377        24
  131522    124414       103
  131664    124547        22
  131689    124572        27
  131765    124663        36
  131821    124719        21
  131842    124739        26
  131890    124787        26
  131918    124815        35
  131954    124851        41
  131996    124893        39
  132047    124944        26
  132074    124971        55
  132155    125045        34
  132190    125080        81
  132272    125162        65
  132370    125261        81
  132459    125350        28
  132488    125379        46
  132626    125518        65
  132685    125582        35
  132771    125833        20
  132792    125854        81
  132897    125954        22
  132920    125977        47
  132975    126033        33
  133027    126085        46
  133091    126153        47
  133152    126214        83
  133234    126295        22
  133396    126471        33
  133436    126507        20
  133496    126567        29
  133526    126603        80
  133673    126751        79
  133753    126831        71
  133825    126903        20
  133846    126924        48
  133930    127008        23
  133957    127034        33
  133991    127068        67
  134059    127136       188
  134258    127335        37
  134309    127386        77
  134389    127466        75
  134465    127542        29
  134495    127572        59
  134555    127632        41
  134654    127731       150
  134805    127882        36
  134852    127929        34
  134898    127975        46
  134945    128022        25
  134971    128048        94
  135066    128143        33
  135110    128186        22
  135244    128325        94
  135525    128592        22
  135551    128619        21
  135664    128731        28
  135718    128785        25
  136035    129104        22
  136258    129367        33
  136345    129453        34
  136383    129492        20
  136518    129621        26
  136841    129826        25
  136905    129888        21
  137012    129988        21
  137071    130042        61
  137135    130106        22
  137187    130158        68
  137307    130278        31
  137344    130315        24
  137377    130348       190
  137616    130586        44
  137660    130631        30
  137774    130750        57
  137858    130834        52
  137911    130887        32
  138001    130985        35
  138041    131025        23
  138065    131049        22
  138109    131093        29
  138139    131123        51
  138302    131289        26
  138342    131329        44
  138387    131374        20
  138431    131418        31
  138463    131450        28
  138672    131664        28
  138754    131745        83
  138868    131859        76
  138955    131946        29
  138985    131976        32
  139027    132018        63
  139103    132094        52
  139165    132156        21
  139207    132198        53
  139295    132286        94
  139396    132387        20
  139423    132414        50
  139493    132484        27
  139521    132512        21
  139546    132537        21
  139633    132624        21
  139655    132646        20
  139675    132687        39
  139715    132727        27
  139753    132765        27
  139836    132848        44
  139881    132893        22
  139923    132935        25
  139948    132969        27
  139995    133016        53
  140074    133107        44
  140119    133152        34
  140154    133187        27
  140197    133230        22
  140225    133258        62
  140295    133328        28
  140324    133357        57
  140382    133415        52
  140435    133468       119
  140555    133588        26
  140591    133624        74
  140723    133756        22
  140769    133802        68
  140840    133873        58
  140899    133932        42
  140949    133982        22
  140985    134017        30
  141027    134059        33
  141089     88957        25
  141301    134339        32
  141497    134533        49
  141547    134583        34
  141588    134624        62
  141919    135505        35
  142665    135737        29
  143079    136156        30
  144005    136641        36
  144067    136694        24
  144125    136752        35
  144161    136788        21
  144290    136923        28
  148984    137147        28
  149117    137284        23
  149321    137493        39
  149430    137602        29
  149460    137632        25
  149586    137758        33
  149653    137825        20
  149674    137846        25
  149744    137916        30
  149775    137947        33
  149809    137981        34
  149844    138016        20
  149894    138066       111
  150016    138188        23
  150041    138213        41
  150083    138255        23
  150107    138279        26
  150142    138314        21
  150214    138386        27
  150268    138435        37
  150306    138473        23
  150330    138497        34
  150374    138541        31
  150511    138683        42
  150562    138732        65
  150659    138829        29
  150751    138921        21
  150791    138961        27
  150905    139075        41
