> gi|537362399|gb|KF156833.1|
       8         1        54
      63        56        23
     455       448        46
     515       508        68
     584       577        29
     614       607        59
     674       667        98
     803       796        65
     896       889        29
     935       928        41
     977       970        20
    1004       997        23
    1028      1021        38
    1067      1060        41
    1120      1113        63
    1202      1195        38
    1253      1246        38
    1331      1324        71
    1403      1396        32
    1436      1429        20
    1457      1450        78
    1552      1545        21
    1594      1595        37
    1633      1634        21
    1719      1733        60
    1799      1814        28
    2122      2080        28
    2211      2163        28
    2243      2195        23
    2288      2240        32
    2357      2309        23
    2399      2351        28
    2712      2664        23
    2760      2712        25
    3205      3160        27
    3388      3337        22
    3423      3372        39
    3486      3435        23
    3510      3459        33
    3642      3592        21
    3728      3673        29
    3916      3862        20
    4029      3975        25
    4204      4139        35
    4240      4175        53
    4303      4238        63
    4511      4336        20
    4598      4520        21
    4675      4599        26
    4780      4685        22
    5234      5118        21
    5303      5187        20
    5324      5208        24
    5349      5233        52
    5452      5332        43
    5616      5485        32
    5791      5662        25
    5817      5693        28
    5856      5732        21
    5897      5774        26
    6034      5917        23
    6058      5941        20
    6186      6069        46
    6255      6132        39
    6295      6172        23
    6336      6219        26
    6370      6253        23
    6850      6886        21
    7205      7795        37
    7243      7833        25
    7443      8004        50
    7494      8055        25
    7540      8109        32
    7595      8163        25
    7627      8195        39
    7717      8291        23
    7741      8315        23
    7780      8354        23
    7818      8392        30
    8205      8782        33
    8248      8825        26
    8287      8864        36
    8450      9037        35
    8486      9073        36
    8549      9137        29
    8751      9384        23
    9094     28873        30
    9290     29062        44
    9894     29781        32
    9940     29833        61
   10008     29901        32
   10590     31026        27
   10644     31080        62
   10723     31157        38
   10801     31240        31
   10881     31319        20
   11344     31939        26
   11386     31981        24
   11415     32010        27
   11550     32137        69
   30904     32800        24
   30950     32846        27
   31193     33173        57
   31314     33288        21
   32129     34358        26
   32156     34385        38
   32201     34430        59
   32262     34491        29
   32309     34538        29
   32351     34580        32
   32384     34613        44
   32429     34658        53
   32483     34712        26
   32513     34742        59
   32612     34841        38
   32651     34880        23
   32681     34910        20
   32702     34931        26
   32735     34964        29
   32780     35009        29
   32810     35039        68
   32879     35108        20
   32921     35150        68
   32990     35219        33
   33038     35267        35
   33074     35303        44
   33119     35348       159
   33288     35517        29
   33330     35559        38
   33369     35598        65
   33435     35664        41
   33489     35718        29
   33531     35760        29
   33585     35814        53
   33639     35868        32
   33673     35902        55
   33789     36018        23
   33822     36051        50
   33873     36102        38
   33912     36141        41
   33954     36183        20
   34010     36239        39
   34050     36279        26
   34077     36306        23
   34101     36330        38
   34203     36432        42
   34314     36543        20
   34335     36564        32
   34368     36597        20
   34392     36621        32
   34500     36729        98
   34792     37045        34
   34827     37090        28
   34856     37119        30
   35174     37445        56
   35231     37502        56
   35290     37561        59
   35658     37896        29
   35727     37955        72
   35981     38190        22
   36004     38213        52
   36057     38266        23
   36113     38321        48
   36196     38404        22
   36228     38436        77
   36318     38526        53
   36383     38591        21
   36448     38656        24
   36483     38691        20
   36540     38748        21
   36637     38835        20
   36661     38859        32
   36694     38892        20
   36805     39003        56
   36862     39060        38
   36919     39117        23
   36964     39162        32
   36997     39195        32
   37054     39252        38
   37114     39312        50
   37177     39375        47
   37297     39495        52
   37378     39576        27
   37425     39623        24
   37450     39648        35
   37498     39696        62
   37566     39764        24
   37591     39789        20
   37612     39810        29
   37684     39882        23
   37711     39909        20
   37750     39948        20
   37783     39981        29
   37813     40011        32
   37927     40125        38
   37995     40193        36
   38032     40230        23
   38056     40254        20
   38105     40303        34
   38143     40341        43
   38200     40398        29
   38278     40476        20
   38305     40503        20
   38353     40551        64
   38418     40616        42
   38461     40659        41
   38542     40740        53
   38596     40794        59
   38656     40854        41
   38698     40896        38
   38737     40935        29
   38767     40965        88
   38856     41054        88
   38945     41143        32
   38993     41191        74
   39076     41274        21
   39098     41296        26
   39167     41365        47
   39266     41464        44
   39335     41533        29
   39404     41602        20
   39425     41623        29
   39455     41653        29
   39485     41683        44
   39530     41728        41
   39602     41800        38
   39665     41863        26
   39695     41893        38
   39734     41932        80
   39815     42013        20
   39848     42046        77
   39926     42124        29
   39956     42154        29
   39986     42184        32
   40042     42240        93
   40136     42334        37
   40187     42385        26
   40223     42421        26
   40321     42519        36
   40358     42556        71
   40430     42628        62
   40520     42718        53
   40576     42774        24
   40601     42799        34
   40641     42839        22
   40673     42871        35
   40712     42910        23
   40736     42934        20
   40757     42955        20
   40838     43036        43
   40883     43081        20
   40910     43108        95
   41018     43216        29
   41076     43274        91
   41216     43413        22
   41241     43442        54
   41296     43497        27
   41324     43525        41
   41730     44003        24
   41838     44093        28
   41879     44134        26
   41906     44161        32
   41939     44194        29
   42012     44267        50
   42221     44465        33
   42312     44552        23
   42358     44606        54
   42413     44661        20
   42449     44697        43
   42493     44741        31
   42615     44863        33
   42711     44963        72
   42796     45048        29
   42826     45078        26
   42853     45105        26
   42880     45132        96
   42998    122523        26
   43013     45265        33
   43106     45361        24
   43131     45386        41
   43189     45444        38
   43233     45488        42
   43292     45547        34
   43361     45622        46
   43411     45672        23
   43513     45774        42
   43665     45934        88
   43754     46023        26
   43863     46132        33
   44600     46910        48
   44649     46959        27
   44685     46995        29
   44776     47086        30
   44862     47166        21
   45035     47310        34
   45096     47371        27
   45124     47399        23
   45157     47432        21
   45180     47455        21
   45262     47537        32
   45295     47570        32
   45427     47702        95
   45523     47798        36
   45589     47864        20
   45610     47885        20
   45631     47906        28
   45708     47976        23
   45970     48225        23
   46012     48262        51
   46275     49003        33
   46364     49093        30
   46598     49324        45
   46644     49370        43
   46688     49414        26
   46938     49769        53
   47011     49842        21
   47060     49891        29
   47462     50305        42
   47827     50656        25
   48217     51029        33
   48251     51063        20
   48272     51084        41
   48333     51145        43
   48377     51189        23
   48479     51291        26
   48512     51324        26
   48542     51354        51
   48599     51411        55
   48819     51634        26
   48896     51711        23
   48931     51746        22
   48991     51806        47
   49073     51888        29
   49103     51918        20
   49124     51939        29
   49154     51969        41
   49217     52032        23
   49316     52131        35
   49367     52182        41
   49409     52224        37
   49456     52271        22
   49494     52305        44
   49581     52392        25
   49623     52434        38
   49662     52473        44
   49715     52526        21
   49737     52548        38
   49848     52659        44
   51050     53071        37
   51107     53128        32
   51140     53162        27
   51197     53219        27
   51285     53307        27
   51356     53378        21
   51378     53400        43
   51433     53459        21
   51638     53664        28
   51740     53752        25
   51789     53806        31
   51901     53918        46
   52174     54196        22
   52235     54257        43
   52289     54311        23
   52370     54392        32
   52418     54440        26
   52445     54467        35
   52505     54527        32
   52573     54595        71
   52819     54841        35
   52879     54901        20
   52900     54922        53
   52969     54991        77
   53047     55069        77
   53188     55210        20
   53217     55239       134
   53365     55387        29
   53419     55441        20
   53446     55468        53
   53521     55543        50
   53572     55594        41
   53710     55732        23
   53776     55798        20
   53800     55822        55
   53872     55894        35
   53932     55954        20
   54062     56095        20
   54083     56116        39
   54252     56279        24
   54296     56328        27
   54528     56569        54
   54583     56624        26
   54671     56712       131
   54815     56856        23
   54851     56892        23
   54902     56943        20
   54923     56964        56
   54980     57021        29
   55067     57108        50
   55175     57216        29
   55217     57258        41
   55259     57300        38
   55373     57414        36
   55442     57483        44
   55502     57543        32
   55535     57576        26
   55571     57612        48
   55640     57681        47
   55688     57729        38
   55745     57786        54
   55895     57936        44
   55979     58020        20
   56015     58056        26
   56101     58142        33
   56135     58176        28
   56237     58236        22
   56265     58264        26
   56487     58508        24
   56561     58585        22
   56607     58642        35
   56642     58672        23
   56727     58750        28
   57052     59081        23
   57213     59248        42
   57433     59486        56
   57514     59567        22
   57583     59636        20
   57604     59657        26
   57650     59703        44
   57729     59782        57
   57827     59880        31
   57871     59924        23
   57895     59948        21
   57917     59970        31
   57988     60041        51
   58054     60107        32
   58123     60176        77
   58669     60977        27
   58745     61053        29
   58792     61100        21
   59205     61560        25
   59272     61627        31
   59319     61674        41
   59391     61746        26
   59430     61785        50
   59493     61848        47
   59541     61896        42
   59590     61945        28
   59655     62010        32
   59709     62064        35
   60013     62999        20
   60049     63035        28
   60225     63211        40
   60335     63327        58
   60403     63395        31
   60435     63427        20
   60480     63472        29
   60555     63547        20
   60606     63598        98
   60902     63898        33
   60936     63932        57
   61001     63997        28
   61044     64040        48
   61111     64107        23
   61171     64167        32
   61217     64213        28
   61282     64278        23
   61339     64335        29
   61390     64386        56
   61469     64465        25
   61539     64535        34
   61574     64570        20
   61595     64591        37
   61678     64674        23
   61732     64728        68
   61846     64842        63
   62191     65236        20
   62244     65283        35
   62294     65333        21
   62528     65518        20
   62555     65831        20
   62655     65932        49
   62711     65988        23
   62763     66040        23
   62821     66098        20
   62853     66130        21
   62931     66190        66
   62998     66257        32
   63047     66306        32
   63080     66339        53
   63134     66393        58
   63211     66470        26
   63254     66513        21
   63290     66549        38
   63341     66600        56
   63398     66657       107
   63533     66795        90
   64038     67333        26
   64569     67854        20
   64646     67950        25
   64701     68005        21
   64739     68043        53
   64857     68179        29
   64898     68220        35
   64934     68255        54
   64989     68310        29
   65028     68349        20
   65049     68370        52
   65180     68507        84
   65305     68634        23
   65432     68746        84
   65518     68832        49
   66015     69420        24
   66039     69450        33
   66378     69788        39
   66481     69891        29
   66514     69924        23
   66767     70179        24
   66830     70242        34
   66865     70277        36
   66902     70314        53
   66962     70374        31
   66994     70406        27
   67248     70645        22
   67313     70679        25
   67435     70807        25
   67483     70855        21
   67579     70951        35
   67615     70987        38
   67654     71026        47
   67702     71074        43
   67760     71132        27
   67802     71172        35
   67840     71210        35
   67961     71361        33
   67995     71395        25
   68070     71471        44
   68124     71525        20
   68153     71554        38
   68295     71711        25
   68433     71859        62
   68524     71950        35
   68590     72016        23
   68732     72153       119
   68939     72360        21
   69190     72627        24
   69352     72737        25
   69486     72892        41
   69548     72954        53
   69633     73039        54
   69713     73119        41
   69772     73178        21
   69813     73219        49
   69902     73308        20
   70103     73519        31
   70150     73566        37
   70411     73822        23
   70511     73919        32
   70619     74021        36
   70662     74064        27
   70699     74101        57
   70757     74159        23
   71118     74523        26
   71161     74567        44
   71236     74642        24
   71284     74690        26
   71311     74717        50
   71362     74768        50
   71423     74829        37
   71506     74912        21
   71540     74946        52
   71611     75017        53
   71665     75071        23
   71734     75140        20
   71755     75161        26
   71836     75242        41
   71887     75293        65
   71980     75386        29
   72044     75450        55
   72118     75524        26
   72166     75572        32
   72203     75609        49
   72334     75740        44
   72451     75857        44
   72610     76016        29
   72640     76046        26
   72765     76165        20
   72847     76246        27
   72894     76293        26
   72930     76329        24
   73053     76443       174
   73229     76619        22
   73281     76671        37
   73371     76761        32
   73428     76818        21
   73450     76840        37
   73488     76878        34
   73612     77001        24
   73639     77028        51
   73705     77094        22
   73736     77125        59
   74001     77404        35
   74037     77440        51
   74161     77569        20
   74183     77591        20
   74327     77748        33
   74442     77862        20
   74478     77898        20
   74499     77919        32
   74580     78000        35
   74619     78039        50
   74700     78120        26
   74748     78168        23
   74784     78204        21
   74856     78276        95
   74973     78393        44
   75101     78521        27
   75205     78625        28
   75234     78654        23
   75299     78719        28
   75345     78766        45
   75403     78824        24
   75547     79002        20
   75616     79080        25
   75666     79130        26
   75839     79331        31
   75872     79364        56
   75962     79454        20
   75989     79481        32
   76022     79514        32
   76076     79568        35
   76178     79670        56
   76235     79727        32
   76316     79808        56
   76388     79889        20
   76441     79942        28
   76587     80075        20
   76679     80167        21
   76723     80211        36
   76824     80306        21
   76928     80410        20
   76963     80445        45
   77031     80519        22
   77054     80542        25
   77187     80675        22
   77237     80725        26
   77323     80811        27
   77429     80917        27
   77561     81049        22
   77743     81216        23
   77767     81240        44
   77821     81294        23
   77867     81340        22
   77890     81363        20
   77917     81390        29
   77958     81431        44
   78037     81510        21
   78116     81602        25
   78189     81682        23
   78266     81759        20
   78287     81780        21
   78321     81814        33
   78426     81929        26
   78471     81974        26
   78498     82001        46
   78559     82062        31
   78607     82110        28
   78763     82266        32
   78801     82304        33
   78888     82391        30
   78919     82422        25
   79123     82629        31
   79374     82882        23
   79398     82906        20
   79419     82927        47
   79467     82975        24
   79530     83038        20
   79596     83104        27
   79635     83143        47
   79692     83200        20
   79865     83369        21
   79956     83460        23
   80015     83519        21
   80070     83574        26
   80115     83619        29
   80174     83678        54
   80229     83733        28
   80261     83765        24
   80286     83790        43
   80634     84086        36
   80828     84276        26
   81148     84620        24
   81173     84645        22
   81258     84745        36
   81448     84910        25
   81483     84945        24
   81508     84970        34
   81612     85074        22
   81651     85113        26
   81678     85140        20
   81699     85161        35
   81803     85265        26
   81888     85350        26
   82048     85510        27
   82076     85538        21
   82271     85721        21
   82365     85815        27
   82400     85850        40
   82441     85891        24
   82466     85916        32
   82499     85949        47
   82731     86138        38
   82911     86318        28
   82989     86395        55
   83051     86457        25
   83077     86483        32
   83128     86534        41
   83179     86585       137
   83317     86723        39
   83357     86763        87
   83445     86851        68
   83600     87011        40
   83641     87052        58
   83719     87130        31
   83752     87163        39
   83792     87203        28
   83842     87253        21
   83864     87275       297
   84162     87573        34
   84197     87608        33
   84269     87680        21
   84291     87702        81
   84373     87784        34
   84408     87819        42
   84471     87882       104
   84636     88047       128
   84791     88202        28
   84844     88255        20
   84909     88320        83
   84993     88404        33
   85162     88550        53
   85253     88641        31
   85292     88680        27
   85320     88708        59
   85380     88768       123
   85519     88907        26
   85546     88934        28
   85584     88972        91
   85697     89085        46
   85810     89198        52
   85863     89251        24
   85891     89279        68
   85975     89363        47
   86023     89411        44
   86068     89456        67
   86139     89527        38
   86178     89566        46
   86225     89613        45
   86301     89689        39
   86341     89729       111
   86472     89860        57
   86530     89918        69
   86600     89988        58
   86659     90047        51
   86720     90114        23
   86744     90138        59
   86804     90198        22
   86854     90248        75
   86930     90324        50
   86981     90375        44
   87026     90420        25
   87132     90526        44
   87186     90580        33
   87232     90626        36
   87269     90663        41
   87333     90727        31
   87365     90759        71
   87437     90831        54
   87492     90886        22
   87551     90945        24
   87586     90980        82
   87669     91063        74
   87751     91166        26
   87784     91199        67
   87859     91283        40
   87905     91329        22
   87976     91400        52
   88069     91493        21
   88091     91515        23
   88137     91561        23
   88161     91585        32
   88194     91618        24
   88219     91643        77
   88297     91721        63
   88361     91785        28
   88401     91825        64
   88472     91896        28
   88501     91925       108
   88610     92034        30
   88641     92065        24
   88666     92090        80
   88773     92191        68
   88856     92274       120
   88978     92396        43
   89026     92444        28
   89096     92514        23
   89120     92538        27
   89159     92577        21
   89183     92601        31
   89215     92633       100
   89356     92798        28
   89401     92849        23
   89435     92883       121
   89569     93017        29
   89627     93075        59
   89687     93135        44
   89738     93186        82
   89829     93277        20
   89850     93298        36
   89888     93336        36
   89925     93373        32
   89958     93406        36
   90038     93486        44
   90124     93578        57
   90211     93668        27
   90257     93711        34
   90292     93746        56
   90400     93863        53
   90454     93917       116
   90571     94034       154
   90736     94199        20
   90757     94220        41
   90815     94278        23
   90895     94358        78
   90974     94437        50
   91025     94488        27
   91163     94635        22
   91194     94666        34
   91275     94741        81
   91369     94835       111
   91481     94947       102
   91592     95058        44
   91637     95103        20
   91708     95174        57
   91781     95247        52
   91852     95318        21
   91874     95340        38
   91939     95395        31
   91991     95694        37
   92063     95766        23
   92087     95790        37
   92154     95857        42
   92231     95927        38
   92270     95966        37
   92305    146855        27
   92378     96089        39
   92424     96135       101
   92554     96265        28
   92645     96349        65
   92774     96477        43
   92852     96557        20
   92891     96596        44
   92955     96660        34
   92990     96695        36
   93027     96732        36
   93064     96769        80
   93145     96850        22
   93168     96873       246
   93424     97129        26
   93451     97156       172
   93631     97336        50
   93682     97387        42
   93725     97430        60
   93786     97491       100
   93887     97592        54
   93954     97659        74
   94029     97734        28
   94057     97771        47
   94105     97819        36
   94142     97856        45
   94188     97902        32
   94221     97935        41
   94263     97977       109
   94373     98087        76
   94460     98174        62
   94523     98237       295
   94819     98533        30
   94850     98564        25
   94876     98590       111
   94988     98702       137
   95138     98852       116
   95255     98969        20
   95298     99020        35
   95370     99092        20
   95407     99129        82
   95520     99264        60
   95595     99339       183
   95794     99538        60
   95855     99599        66
   95972     99716        32
   96024     99768       123
   96174     99918        41
   96216     99960        98
   96315    100059        35
   96345    100090        23
   96369    100114        40
   96422    100167       276
   96699    100444       128
   96828    100573       107
   97011    100748        33
   97055    100798        42
   97098    100841        50
   97149    100892        66
   97218    100961        30
   97258    101015        23
   97324    101080        22
   97411    101181        30
   97478    101248        24
   97528    101298        32
   97561    101331        40
   97602    101372        51
   97654    101423        53
   97724    101493        27
   97791    101547        37
   97846    101602        27
   97874    101630        36
   97926    101682        68
   97995    101751        25
   98040    101796        44
   98100    101856        54
   98166    101922        44
   98217    101973        36
   98258    102014        29
   98313    102070        39
   98415    102172        40
   98456    102213        24
   98481    102238        22
   98542    102299        43
   98586    102343        21
   98608    102365        22
   98631    102388        31
   98669    102426        93
   98776    102534       114
   98896    102654        69
   98966    102724       234
   99201    102959       151
   99370    103128       146
   99517    103275        23
   99541    103299       509
  100051    103809       243
  100295    104053       218
  100514    104272        61
  100576    104334        33
  100611    104369        28
  100661    104421        64
  100745    104505        26
  100770    104529        83
  100854    104613        84
  100939    104698        91
  101038    104798        93
  101132    104889        81
  101214    104971        22
  101227    104985        21
  101273    105198        39
  101305    105236        80
  101386    105317        48
  101443    105374        27
  101471    105402        61
  101549    105480        86
  101636    105567       233
  101867    105789        98
  101978    105900       101
  102080    106002        35
  102126    106048        43
  102181    106108        75
  102266    106203        24
  102291    106228        37
  102375    106306       229
  102626    106557        30
  102657    106588        37
  102702    106633       127
  102839    106770        24
  102864    106795       155
  103026    106957        20
  103047    106978        53
  103108    107039       155
  103264    107195       669
  103939    107869        20
  103960    107890       237
  104215    108145        78
  104294    108224        29
  104324    108254       473
  104798    108728        26
  104825    108755        22
  104876    108806        59
  104936    108866       627
  105564    109494       185
  105750    109680        35
  105801    109699        30
  105826    109725        26
  105929    109836       163
  106114    110021        25
  106146    110049        28
  106175    110078        38
  106242    110156        32
  106284    110199        41
  106326    110241        86
  106435    110340        41
  106477    110382        28
  106636    110545        49
  106686    110595        29
  106738    110647        32
  106769    110672        27
  106797    110700        20
  106870    110901        22
  106910    110941        46
  106978    111009        76
  107086    111077        42
  107156    111147        37
  107218    111194        65
  107284    111260       104
  107395    111371        23
  107425    111410        59
  107485    111470        26
  107525    111510        37
  107563    111548        23
  107605    111590        55
  107661    111646        33
  107695    111680        29
  107768    111753        29
  107803    111788        24
  108048    112541        23
  108130    112623        23
  108229    112728        29
  108478    112986        21
  108751    113259        24
  108838    113346        20
  108859    113367        26
  108886    113394        42
  108948    113456        21
  109009    113517        26
  109054    113562        23
  109165    113673        44
  109252    113760        20
  109312    113820        32
  109357    113865        23
  109405    113913        20
  109540    114048        20
  109567    114075        29
  109657    114165        32
  109690    114198        65
  109759    114267        38
  109800    114308        20
  109821    114329        33
  109861    114369        23
  109888    114396        22
  109921    114429        22
  109984    114492        26
  110086    114594        20
  111048    115242        33
  111102    115296        33
  111136    115330        26
  111232    115426        20
  112160    116402        56
  112350    116575        29
  112380    116605        26
  112737    116956        27
  112788    117007        42
  113028    117244        26
  113055    117271        23
  113154    117370        20
  113214    117430        20
  113253    117469        27
  113353    117576        22
  113532    117799        21
  113662    117929        90
  113861    118128        20
  113912    118179       101
  114089    118356        26
  114119    118386        29
  114167    118434        29
  114227    118494        23
  114257    118524        26
  114293    118560        25
  114350    118617        22
  114408    118675        33
  114454    118721        27
  114494    118761        20
  114524    118791        34
  114611    118878        46
  114658    118925        21
  114812    119079        23
  114837    119104        20
  114884    119151        23
  114927    119194        22
  114968    119235        29
  115001    119268        21
  115146    119426        47
  115218    119498        26
  115269    119549        29
  115302    119582        29
  115628    119905        32
  115694    119971        23
  115746    120023        31
  115793    120070        23
  115861    120138        57
  115929    120206        25
  116179    120489        24
  116204    120514        25
  116516    120826        21
  116588    120898        33
  117017    121377        44
  117071    121431        86
  117187    121547        27
  117233    121593        26
  117278    121638        53
  117365    121725        35
  117474    121834        24
  117522    121882        20
  117588    121966        67
  117701    122079        66
  117831    122209        20
  117852    122230        29
  117882    122260        32
  117924    122302        55
  117981    122359        32
  118020    122398        47
  118089    122467        21
  118190    122568        23
  118500    122866        33
  118659    123041        24
  118987    123369        26
  119172    123558        40
  119213    123599        53
  119330    123716        37
  119432    123818        43
  119509    123895        24
  119573    123959        57
  119650    124036        21
  119672    124058        48
  119740    124126        31
  119820    124206        20
  119888    124274        30
  119945    124331        51
  120087    124473        20
  120114    124500        44
  120159    124545        35
  120204    124590        35
  120264    124650        24
  120393    124779        28
  120456    124842        74
  120543    124929        20
  120690    125076        59
  120756    125142        58
  120815    125201        57
  120873    125259        39
  120931    125318        28
  121072    125459        20
  121099    125486        23
  121123    125510        35
  121733    126108        59
  121994    126357        25
  122295    126673        20
  122725    127196        25
  123463    127991        26
  125102    129768        23
  125150    129810        22
  125722    130466        21
  126026    130950        22
  126178    131102        24
  126208    131132        29
  126281    131205        29
  126311    131235        33
  126345    131269        55
  126419    131343        23
  126443    131367        37
  126494    131418        26
  126521    131445        59
  126587    131520        23
  126617    131550       104
  126722    131655        65
  126812    131730        37
  126877    131795        42
  126951    131829        76
  127049    131927        46
  127113    131991        22
  127188    132194        20
  127209    132215        27
  127235    132235        32
  127290    132290        29
  127320    132320        49
  127500    132504        28
  127529    132533        41
  127593    132587        86
  127680    132674        41
  127731    132726        32
  127792    132798        38
  127831    132837        28
  127866    132868        25
  127913    132915       163
  128153    133163        26
  128174    133185        30
  128220    133199        35
  128256    133235       185
  128442    133421       627
  129070    134049        59
  129158    134137        22
  129181    134160        26
  129208    134187       473
  129682    134661        29
  129712    134691        78
  129808    134787       237
  130046    135025        20
  130072    135050       669
  130742    135720       155
  130905    135883        53
  130959    135937        20
  130986    135964       155
  131142    136120        24
  131176    136154       127
  131311    136289        37
  131349    136327        30
  131401    136379       229
  131677    136649        37
  131715    136687        24
  131749    136731        75
  131836    136823        43
  131890    136877        35
  131926    136913       101
  132040    137027        98
  132136    137114       233
  132370    137348        86
  132473    137451        61
  132535    137513        27
  132571    137549        48
  132620    137598        80
  132693    137677        39
  132757    137908        21
  132769    137921        22
  132792    137944        81
  132874    138023        93
  132975    138125        91
  133067    138217        84
  133152    138302        83
  133234    138383        26
  133280    138429        64
  133366    138517        28
  133396    138547        33
  133430    138581        61
  133492    138643       218
  133711    138862       243
  133955    139106       509
  134465    139616        23
  134489    139640       146
  134653    139804       151
  134805    139956       234
  135040    140191        69
  135115    140266       114
  135243    140395        93
  135343    140495        31
  135375    140527        22
  135398    140550        21
  135420    140572        43
  135502    140654        22
  135525    140677        24
  135550    140702        40
  135653    140805        39
  135718    140871        29
  135752    140905        36
  135795    140948        44
  135851    141004        54
  135921    141074        44
  135985    141138        25
  136011    141164        68
  136095    141248        36
  136132    141285        27
  136177    141330        37
  136254    141394        27
  136298    141438        53
  136352    141491        51
  136404    141543        40
  136445    141584        32
  136503    141642        24
  136564    141703        30
  136659    141812        22
  136724    141876        23
  136757    141923        30
  136790    141956        66
  136857    142023        50
  136908    142074        42
  136961    142133        33
  137070    142234       107
  137178    142342       128
  137307    142471       276
  137596    142760        40
  137637    142801        23
  137655    142820        35
  137691    142856        98
  137790    142955        41
  137858    143023       123
  138001    143166        32
  138084    143249        66
  138151    143316        60
  138227    143392       183
  138425    143590        60
  138516    143703        82
  138615    143802        20
  138672    143859        35
  138730    143925        20
  138751    143946       116
  138880    144075       137
  139018    144213       111
  139130    144325        25
  139156    144351        30
  139187    144382       295
  139483    144678        62
  139556    144751        76
  139633    144828       109
  139743    144938        41
  139785    144980        32
  139818    145013        45
  139864    145059        36
  139901    145096        47
  139948    145152        28
  139977    145181        74
  140064    145268        54
  140119    145323       100
  140220    145424        60
  140281    145485        42
  140324    145528        50
  140382    145586       172
  140555    145759        26
  140591    145795       246
  140838    146042        22
  140861    146065        80
  140942    146146        36
  140979    146183        36
  141016    146220        34
  141070    146274        44
  141133    146337        20
  141188    146394        43
  141295    146500        65
  141423    146621        28
  141480    146678       101
  141588    146786        39
  141673     96032        27
  141698    146911        37
  141736    146949        38
  141809    147015        42
  141881    147087        37
  141919    147125        23
  141977    147183        37
  142035    147488        31
  142093    147536        38
  142132    147575        21
  142172    147615        52
  142240    147683        57
  142348    147791        20
  142369    147812        44
  142422    147865       102
  142525    147968       111
  142649    148092        81
  142777    148214        34
  142820    148257        22
  142953    148399        27
  142981    148427        50
  143032    148478        78
  143167    148613        23
  143207    148653        41
  143249    148695        20
  143280    148726       154
  143435    148881       116
  143552    148998        53
  143657    149112        56
  143714    149169        34
  143767    149219        27
  143824    149279        57
  143923    149384        44
  144011    149472        36
  144048    149509        32
  144081    149542        36
  144119    149580        36
  144156    149617        20
  144185    149646        82
  144274    149735        44
  144319    149780        59
  144407    149868        29
  144449    149910       121
  144581    150042        23
  144621    150088        28
  144690    150181       100
  144791    150282        31
  144825    150316        21
  144858    150349        27
  144886    150377        23
  144951    150442        28
  144984    150475        43
  145029    150520       120
  145164    150655        68
  145259    150744        80
  145340    150825        24
  145365    150850        30
  145396    150881       108
  145505    150990        28
  145540    151025        64
  145616    151101        28
  145645    151130        63
  145709    151194        77
  145787    151272        24
  145812    151297        32
  145845    151330        23
  145891    151376        23
  145915    151400        21
  145977    151462        52
  146078    151563        22
  146106    151591        40
  146154    151648        67
  146228    151722        26
  146262    151777        74
  146337    151852        82
  146430    151945        24
  146491    152006        22
  146514    152029        54
  146569    152084        71
  146641    152156        31
  146695    152210        41
  146737    152252        36
  146786    152301        33
  146829    152344        44
  146954    152469        25
  146980    152495        44
  147025    152540        50
  147076    152591        75
  147179    152694        22
  147202    152717        59
  147262    152777        23
  147295    152816        51
  147347    152868        58
  147406    152927        69
  147476    152997        57
  147553    153074       111
  147665    153186        39
  147735    153256        45
  147781    153302        46
  147828    153349        38
  147870    153391        67
  147938    153459        44
  147983    153504        47
  148046    153567        68
  148118    153639        24
  148143    153664        52
  148262    153783        46
  148330    153851        91
  148431    153952        28
  148460    153981        26
  148502    154023       123
  148626    154147        59
  148686    154207        27
  148721    154242        31
  148790    154311        53
  148979    154477        33
  149013    154511        83
  149141    154639        20
  149186    154684        28
  149241    154739       128
  149430    154928       104
  149555    155053        42
  149598    155096        34
  149633    155131        81
  149715    155213        21
  149775    155273        33
  149809    155307        34
  149844    155342       297
  150142    155640        21
  150185    155683        28
  150214    155712        39
  150255    155753        31
  150306    155804        58
  150365    155863        40
  150492    155995        68
  150561    156064        87
  150649    156152        39
  150689    156192       137
  150836    156339        41
  150896    156399        32
  150929    156432        25
  150961    156464        55
  151066    156568        28
