> gi|514253375|gb|KC893638.1|
     235       462        25
     304       531        20
     376       603        26
     445       672        20
     466       693        23
     490       717        35
     526       753        47
     670       897        20
     691       918        49
     745       972        20
     775      1002        35
     811      1038        26
     886      1113        29
     943      1170        41
    1060      1287        35
    1123      1350        31
    1385      1637        38
    1475      1730        26
    3917      4234        38
    8393     16055        29
   13573     52326        57
   13641     52404        26
   14284     53056        30
   16410     14957        21
   16818     30553        24
   16913     30624        70
   17036     30752        51
   17090     30806        36
   17477     31295        75
   18358     31536        22
   18549     31757        50
   19448     32617        23
   19472     32641        24
   22191     35312        23
   22408     35529        22
   22454     35575        29
   22512     35633        30
   22574     35689        23
   22922     36025        20
   22943     36046        22
   23234     36325        22
   23297     36388        23
   23354     36445        30
   23510     36601        26
   23639     36730        34
   23714     36805        23
   24206     37306        20
   24371     37471        27
   24442     37542        21
   24509     37609        23
   24644     37744        35
   24680     37780        21
   24818     37918        23
   25247     38343        21
   25373     39268        22
   25683     39584        22
   25718     39619        23
   25883     39784        37
   26213     40114        31
   26372     40273        30
   26435     40336        22
   26880     40790        20
   27217     41138        29
   27439     41360        21
   27461     41382        31
   27628     41549        38
   27718     41639        30
   27751     41672        20
   27887     41811        31
   27944     41868        23
   28165     42071        44
   28255     42161        23
   28303     42209        27
   30754     44291        24
   30970     44516        23
   31239     44785        32
   31384     44930        39
   31504     45050        21
   31600     45152        22
   32162     45672        42
   32282     45792        24
   32654     46164        42
   33220     46630        43
   33312     46722        20
   33531     46941        20
   33576     46986        23
   33642     47052        20
   33687     47097        23
   34594     48267        26
   34693     48366        29
   34723     48396        32
   34786     48459        22
   35316     48971        27
   35376     49031        32
   35845     49527        21
   36078     49657        26
   36149     49711        49
   36244     49806        25
   36931     50476        25
   36978     50523        22
   37002     50547        32
   37050     50595        20
   37200     50745        20
   37263     50808        23
   37309     50854        25
   37392     50937        28
   37434     50979        29
   37524     51069        20
   37587     51132        32
   37635     51180        25
   37662     51207        20
   37725     51270        20
   37857     51402        23
   37995     51540        21
   38201     51746        21
   38384     52021        29
   38414     52051        45
   47048     53760        33
   48272     29702        21
   59718     59210        38
   62192     61508        41
   62255     61571        21
   62277     61593        23
   62552     61868        20
   62762     62078        23
   64040     63261        21
   64077     63298        22
   64241     63496        35
   64286     63541        35
   64358     63613        42
   64660     63914        22
   64693     63947        35
   65386     64922        24
   65654     65163        31
   65752     65261        20
   65890     65452        79
   66096     65756        22
   66119     65779        57
   67806     67327        33
   68941     68440        20
   69000     68508        23
   69364     68914        29
   69748     69288        39
   70273     71322        20
   70795     71751        20
   70978     71934        35
   71039     71995        25
   71200     72156        35
   71242     72198        20
   71281     72237        34
   71347     72303        29
   71626     72582        24
   71680     72636        35
   71857     72813        46
   72067     73023        20
   72473     73430        25
   72692     73660        23
   73976     74953        22
   74152     75127        21
   74269     75244        23
   74338     75313        29
   74455     75430        38
   74629     75604        21
   74872     75855        25
   75060     76045        23
   75614     76577        26
   75653     76616        20
   75716     76679        56
   75899     76862        23
   76692     77655        20
   77043     78006        32
   77253     78216        20
   77279     78242        21
   77698     78680        35
   78688     79703        20
   78739     79754        22
   79260     80413        20
   80079     81238        45
   80501     81737        23
   82058     83219        20
   82082     83243        21
   83461     84199        20
   83557     84295        35
   83606     84344        22
   83629     84367        42
   83685     84425        24
   83808     84580        22
   83831     84603        31
   83872     84644        34
   83908     84680        24
   84000     84777        33
   84034     84811        22
   84098     84883        26
   84149     84934        41
   84192     84977        23
   84229     85014        31
   84272     85057        65
   84367     85152        26
   84463     85248        24
   84532     85317        25
   84558     85343        20
   84746     85531        25
   84772     85557        37
   84875     85660        35
   84917     85702        31
   85094     85874        25
   85211     86266        45
   85447     91005        25
   85600     91152        28
   85685     91237        24
   85726     91290        58
   86032     92016        20
   86217     92201        22
   86382     92360        28
   86432     92410        21
   86482     92460        21
   86637     92619        29
   87739     93656        80
   87820     93737        49
   88031     93969        32
   88118     94055        25
   88237     94184        21
   88272    142405        21
   88279     94233        23
   88302     94254        22
   88425     94378        45
   88479     94432        31
   88536     94489        46
   88601     94554        27
   88712     94665        34
   88747     94700        65
   88813     94766        31
   88845     94798        32
   88888     94841        46
   88950     94903        26
   88988     94941        78
   89082     95035        62
   89145     95098        27
   89188     95141        55
   89273     95221        22
   89333     95275        49
   89437     95386        30
   89487     95436        21
   89527     95476        27
   89586     95535        23
   89610     95559        27
   89686     95635        29
   89765     95692        23
   89869     95796        21
   89891     95818        27
   89948     95875        46
   89995     95922        20
   90022     95949        72
   90095     96022        21
   90145     96072        24
   90170     96097        31
   90240     96167        68
   90321     96248        63
   90385     96312        41
   90427     96354        23
   90467     96394        25
   90493     96420        50
   90592     96519        35
   90628     96555        33
   90924     96857        28
   90953     96886        31
   90985     96918        20
   91029     96962        44
   91089     97022        24
   91205     97135        21
   91228     97158        39
   91280     97210        29
   91331     97261        22
   91484     97407        31
   91516     97439        46
   91597     97520        25
   91731     97644        35
   91785     97698        31
   91894     97808        30
   91925     97839        32
   91965     97879        27
   91994     97908        50
   92063     97977        24
   92093     98007        22
   92140     98054        35
   92191     98105        20
   92212     98126        23
   92274     98188        22
   92299     98213        29
   92302     81324        42
   92335     98249        20
   92837     98901        22
   93189     99158        24
   93599     99556        32
   93642     99607        24
   93690     99654        22
   93763     99728        21
   93848     99812        28
   93986     99963        47
   94034    100011        35
   94260    100228        25
   94286    100254        51
   94355    100323        25
   94381    100349        25
   94407    100375        20
   94439    100407        34
   94484    100452       182
   94729    100697       101
   94836    100804       100
   94939    100907        77
   95030    100998        37
   95091    101059       175
   95267    101235        67
   95335    101303        33
   95430    101399        48
   95500    101469        45
   95546    101515        25
   95572    101541        41
   95614    101583        37
   95719    101687        80
   95875    101837        20
   95914    101880        31
   96085    102045        59
   96145    102105        30
   96202    102162        38
   96279    102235        38
   96337    102293        21
   96371    102326        28
   96489    102446        28
   96542    102499        41
   96667    102626        27
   96757    102723        20
   96785    102751        29
   96819    102783        39
   96978    102944        45
   97024    102990        28
   97060    103026        58
   97175    103140        65
   97241    103206        72
   97323    103288        34
   97376    103339        55
   97510    103472        53
   97567    103529        20
   97588    103550        48
   97710    103673        29
   97771    103729        20
   97833    103801        22
   97851    103823        31
   97882    103849        55
   97938    103905        50
   97999    103963        62
   98131    104108        30
   98166    104143        26
   98227    104204        39
   98267    104244        35
   98359    104336        20
   98380    104357        74
   98455    104432        35
   98547    104526       122
   98670    104649        20
   98741    104717        20
   98771    104747        64
   98841    104812        31
   98879    104850        60
   98952    104923       120
   99073    105044        35
   99113    105084        44
   99169    105140       110
   99295    105266        31
   99327    105298        32
   99368    105339        43
   99419    105390        27
   99472    105443        36
   99548    105519        55
   99604    105575        23
   99658    105629        39
   99738    105709        26
   99870    105772        43
   99914    105816        50
   99965    105867        66
  100039    105940       124
  100183    106084        31
  100226    106127        79
  100306    106207        70
  100404    106305        22
  100457    106358        33
  100523    106425        89
  100619    106521        39
  100674    106576       101
  100777    106679        50
  100838    106740        30
  100869    106771       123
  101008    106910        30
  101070    106972        23
  101108    107011        31
  101217    107131        50
  101333    107248        20
  101415    107323        23
  101496    107412        62
  101559    107475        51
  101630    107546        23
  101706    107619        22
  101747    107664        27
  101890    107800        76
  102004    107910        22
  102099    108368        31
  102213    108483        84
  102396    108666        29
  102426    108696        22
  102701    108991        38
  103374    114185        22
  104298    115134        24
  104349    115185        20
  104379    115215        26
  118830    127588        38
  119121    127899        22
  119144    127922        29
  119272    128050        84
  119439    128218        31
  119543    128685        22
  119603    128741        76
  119795    128926        27
  119841    128976        22
  119916    129048        23
  119959    129091        51
  120011    129143        62
  120131    129271        23
  120216    129349        20
  120302    129436        50
  120430    129575        31
  120476    129622        23
  120531    129677        30
  120577    129723       123
  120701    129847        30
  120742    129888        50
  120794    129940       101
  120911    130057        39
  120957    130103        89
  121079    130226        33
  121143    130290        22
  121193    130340        70
  121264    130411       122
  121406    130553       124
  121538    130684        66
  121605    130751        50
  121656    130802        43
  121805    130882        26
  121872    130949        39
  121942    131019        23
  121966    131043        55
  122061    131138        36
  122123    131200        27
  122158    131235        43
  122210    131287        32
  122243    131320        31
  122290    131367       110
  122412    131489        44
  122461    131538        35
  122497    131574       120
  122630    131707        60
  122697    131774        31
  122734    131806        64
  122808    131880        20
  122879    131948        20
  122900    131969       122
  123079    132150        35
  123115    132186        74
  123190    132261        20
  123267    132338        35
  123303    132374        39
  123377    132448        26
  123408    132479        30
  123508    132592        62
  123581    132662        50
  123632    132713        55
  123687    132763        31
  123714    132794        22
  123778    132868        20
  123830    132915        29
  123933    133019        48
  123982    133068        20
  124006    133092        53
  124138    133223        55
  124212    133295        34
  124256    133339        72
  124329    133412        65
  124451    133533        58
  124517    133599        28
  124546    133628        45
  124711    133795        39
  124755    133837        29
  124792    133874        20
  124875    133964        27
  124986    134077        41
  125052    134143        28
  125170    134263        28
  125211    134303        21
  125252    134344        38
  125329    134417        38
  125394    134482        30
  125425    134513        59
  125624    134706        31
  125674    134760        20
  125770    134850        80
  125918    134997        37
  125956    135035        41
  125998    135077        25
  126024    135103        45
  126091    135170        48
  126201    135281        33
  126235    135315        67
  126303    135383       175
  126502    135582        37
  126553    135633        77
  126633    135713       100
  126739    135819       101
  126903    135983       182
  127096    136176        34
  127142    136222        20
  127163    136243        25
  127189    136269        25
  127232    136312        51
  127284    136364        25
  127500    136571        35
  127536    136607        47
  127693    136777        28
  127785    136868        21
  127857    136941        22
  127903    136986        24
  127938    137029        32
  128356    137435        24
  128710    137694        22
  129214    138348        20
  129228    118009        39
  129241    138375        29
  129273    138407        22
  129334    138468        23
  129358    138492        20
  129394    138528        35
  129454    138588        22
  129482    138616        24
  129525    138659        50
  129577    138711        27
  129612    138746        32
  129645    138779        30
  129753    138888        31
  129803    138938        35
  129947    139072        25
  130007    139132        46
  130054    139179        31
  130216    139334        22
  130260    139378        29
  130302    139420        39
  130343    139461        21
  130456    139571        24
  130496    139611        44
  130564    139679        20
  130585    139700        31
  130617    139732        28
  130908    140029        33
  130942    140063        35
  131026    140147        50
  131077    140198        25
  131119    140240        23
  131143    140264        41
  131185    140306        63
  131261    140382        68
  131368    140489        31
  131400    140521        24
  131453    140574        21
  131475    140596        72
  131554    140675        20
  131575    140696        46
  131651    140772        27
  131679    140800        21
  131781    140902        23
  131854    140953        29
  131932    141031        27
  131960    141059        23
  132015    141114        27
  132061    141160        21
  132102    141201        30
  132187    141293        49
  132274    141374        22
  132326    141421        55
  132397    141492        27
  132425    141520        62
  132503    141598        78
  132593    141688        26
  132635    141730        46
  132692    141787        32
  132725    141820        31
  132757    141852        65
  132823    141918        34
  132941    142036        27
  132987    142082        46
  133059    142154        31
  133099    142194        45
  133245    142341        22
  133267    142361        23
  133276     94191        21
  133311    142412        21
  133426    142537        25
  133506    142616        32
  133700    142831        49
  133750    142881        80
  134903    143969        29
  135066    144136        21
  135116    144186        21
  135159    144229        28
  135330    144394        22
  135517    144581        20
  135785    145269        58
  135860    145356        24
  135941    145437        28
  136097    145587        25
  136313    150306        45
  136450    150718        25
  136621    150884        31
  136659    150922        35
  136760    151023        37
  136798    151061        25
  136991    151254        20
  137012    151275        25
  137082    151345        24
  137107    151370        53
  137176    151439        26
  137232    151495        65
  137309    151572        31
  137354    151617        23
  137379    151642        41
  137445    151708        26
  137513    151784        22
  137536    151807        33
  137637    151913        24
  137663    151939        34
  137707    151983        31
  137739    152015        22
  137860    152168        24
  137898    152208        42
  137941    152251        22
  137977    152287        35
  138088    152398        20
  138402         1        49
  138452        51        28
