> gi|290775771|gb|GU907100.1|
     116       474        22
     256       614        20
     304       662        20
     349       707        26
     376       734        26
     445       803        20
     466       824        59
     526       884        20
     562       920        20
     685      1043        35
     730      1088        41
     772      1130        28
     889      1247        26
     955      1313        35
     991      1349        20
    1012      1370        38
    1051      1409        20
    1120      1478        34
    1384      1817        51
    1475      1926        26
    1730      2193        20
    3473      3930        23
    3715      4149        20
    3909      4378        30
    4601      5343        20
    4649      5391        20
    4670      5412        20
    4700      5442        29
    5544      6325        44
    5589      6370        21
    5667      6425        20
    7147      6980        27
    7195      7028        28
    7589      7414        20
    7713      7538        39
    8387      8184        27
    8448      8245        27
    9393     34465        24
    9434     34506        21
    9508     34580        23
    9532     34604        29
    9736     34808        26
    9814     34886        23
    9931     35003        20
    9970     35042        77
   10054     35126        29
   10138     35210        20
   10159     35231        23
   10189     35261        23
   10225     35297        27
   10267     35339        21
   10303     35375        53
   10357     35429        29
   10387     35459        20
   10453     35525        26
   10480     35552        27
   10517     35589        23
   10604     35676        50
   10775     35847        24
   10859     35931        23
   10886     35958        32
   10919     35991        27
   10947     36019        26
   11021     36093        26
   11063     36135        29
   11105     36177        23
   11192     36264        20
   11252     36324        23
   11309     36381        20
   11363     36435        47
   11453     36525        26
   11492     36564        32
   11564     36636        50
   11666     36738        44
   11732     36804        21
   12014     37184        39
   12057     37232        51
   12435     37618        22
   12458     37641        20
   12479     37662        20
   12531     37714        27
   13455     38868        21
   16294     33012        26
   16335     33053        25
   38743     38995        20
   38880     39128        44
   39063     39302        23
   39361     39571        29
   39442     39652        32
   39505     39715        20
   39526     39736        41
   39601     39811        32
   39634     39844        32
   39691     39901        74
   39844     40054        23
   39922     40132        32
   40243     40453        71
   40405     40615        20
   40426     40636        23
   40498     40708        35
   40577     40787        22
   40708     40918        20
   40801     41011        20
   40852     41062        32
   40957     41167        32
   41122     41332        23
   41206     41416        26
   41290     41500        29
   41368     41578        38
   41419     41629        50
   41498     41708        29
   41528     41738        20
   41549     41759        53
   41623     41833        45
   41696     41906        20
   41750     41960        22
   41777     41987        38
   41918     42128        20
   41939     42149        26
   42185     42395        38
   42401     42611        20
   42443     42653        23
   42503     42713        65
   42626     42836        26
   43025     43235        20
   43049     43259        20
   43202     43412        20
   43241     43451        20
   43288     43498        37
   43326     43536        24
   43451     43661        20
   43475     43685        26
   43577     43787        22
   43607     43817        20
   43628     43838        32
   43664     43874        29
   43744     43954        37
   43782     43992        21
   43804     44014        22
   43947     44177        28
   44580     45094        38
   44753     45288        22
   44812     45350        28
   44854     45396        23
   44949     45484        21
   45256     45830        39
   45296     45870        20
   45410     45984        39
   45476     46050        27
   45538     46112        25
   45678     46247        20
   45766     46332        20
   46033     46588        26
   46097     46652        22
   46960     47268        23
   46984     47292        36
   47021     47329        34
   47533     47835        21
   47582     47884        35
   47636     47938        26
   47672     47974        40
   47765     48067        20
   47894     48196        20
   48273     48825        38
   49189     50243        23
   49228     50282        23
   49258     50312        21
   49323     50401        31
   49720     50819        20
   49746     50845        28
   50124     51272        69
   50764     52066        20
   51030     52332        21
   51102     52404        27
   51157     52459        24
   51186     52488        24
   51753     53082        20
   51795     53124        23
   51846     53175        20
   51867     53196        29
   51924     53253        29
   52100     53436        34
   52135     53471        27
   52226     53562        23
   52298     53634        29
   53225     54677        32
   53288     54740        27
   53308     54762        24
   53865     55326        20
   53903     55375        28
   54063     55538        73
   54554     56143        20
   54578     56167        32
   54751     56340        23
   54940     56529        26
   54985     56574        23
   55159     56748        23
   55362     56951        21
   55405     56994        20
   55516     57105        29
   55546     57135        26
   55609     57198        20
   55630     57219        20
   55666     57255        23
   55866     57455        23
   55915     57504        41
   56898     58644        53
   56952     58698        20
   57030     58776        20
   57111     58857        26
   57162     58908        26
   57264     59010        38
   57522     59268        23
   57558     59304        20
   57828     59574        20
   57984     59730        23
   58110     59856        21
   58140     59886        20
   58279     60025        22
   59706     63159        33
   60396     63885        23
   60595     64084        25
   60636     64122        20
   61302     65373        20
   62108     66186        35
   62174     66252        26
   62268     66346        36
   62447     66525        20
   62542     66620        24
   62750     66828        20
   62825     66903        23
   63972     68183        23
   64020     68231        20
   64065     68276        22
   64223     68449        41
   64274     68500        32
   64307     68533        22
   64346     68576        36
   64446     68676        25
   64486     68715        26
   64636     68865        23
   64669     68898        47
   64771     68990        22
   65964     69815        25
   66232     70080        38
   66473     70369        28
   66518     70414        31
   66663     70607        34
   66698     70642        53
   67247     71170        20
   67699     71664        20
   68345     72290        39
   68385     72330        33
   68443     72388        21
   68962     72820        24
   69034     72892        29
   69326     73182        22
   69430     73337        29
   69643     73539        25
   70304     74230        26
   70658     75269        20
   71126     76573        25
   71308     76731        47
   71479     76902        29
   71512     76935        32
   71581     77004        20
   71620     77043        23
   71644     77067        35
   71716     77139        20
   71737     77160        20
   71764     77187        35
   71884     77307        26
   71941     77364        21
   71996     77419        22
   72076     77499        23
   72163     77586        20
   72211     77634        29
   72307     77730        26
   72394     77817        44
   72604     78027        20
   72712     78135        20
   72778     78201        24
   73019     78448        21
   73060     78489        25
   73167     78608        24
   73192     78633        38
   73258     78699        20
   73407     78849        24
   73757     79197        24
   74630     80073        35
   74729     80172        20
   74809     80249        36
   74862     80302        28
   75002     80442        26
   75050     80490        23
   75077     80517        29
   75410     80865        25
   76099     81562        20
   76120     81583        29
   76266     81729        32
   76515     81978        26
   76593     82056        20
   77202     82596        27
   77266     82660        26
   77589     82983        24
   77817     83211        25
   77950     83356        20
   78251     83666        25
   78277     83692        22
   78634     83990        21
   79522     84762        21
   79794     85045        23
   79859     85110        23
   80072     85320        29
   80466     85731        32
   80550     85815        23
   80622     85887        31
   80654     85919        20
   80708     85976        41
   81031     86317        25
   81408     86752        21
   81754     87064        23
   82584     87843        25
   82610     87869        24
   83815     88874        22
   83944     89003        26
   84134     89193        65
   84206     89271        42
   84305     89394        31
   84359     89443        31
   84393     89477        41
   84435     89519        61
   84518     89607        43
   84562     89651        46
   84626     89715        26
   84653     89742        23
   84677     89766        41
   84720     89809        23
   84754     89843        24
   84779     89868        27
   84807     89896        58
   84895     89984       120
   85060     90149        46
   85107     90196        21
   85140     90229        33
   85274     90363        25
   85315     90404        22
   85338     90427        30
   85399     90488        39
   85516     90605        22
   85739     90819        45
   85975     95568        33
   86144     95731        35
   86254     95850        23
   86564     96616        22
   86916     96962        28
   87291     98417        24
   87392     98514        28
   88274     98797        80
   88355     98878        49
   88418     98941        20
   88566     99110        20
   88725     99268        24
   88772     99326        21
   88786    149628        42
   88837     99396        41
   88933     99510        22
   88960     99537        45
   89006     99583        58
   89067     99644        68
   89136     99713        45
   89263     99840        29
   89293     99870       119
   89423    100000        46
   89470    100047        52
   89523    100100        86
   89629    100206        50
   89680    100257        27
   89723    100300        50
   89795    100375        33
   89868    100436        53
   89941    100510        27
   89969    100538        33
   90022    100591        22
   90045    100614        44
   90121    100690        23
   90145    100714        27
   90173    100742        32
   90206    100775        44
   90292    100840        31
   90404    100952        21
   90426    100974        27
   90468    101016        55
   90530    101078        20
   90557    101105        72
   90630    101178        21
   90686    101234        53
   90755    101303        37
   90793    101341        50
   90856    101404        51
   90920    101468        41
   90962    101510        29
   91002    101550        76
   91109    101657        87
   91230    101789        44
   91285    101844        28
   91314    101873        22
   91401    101971        40
   91459    102033        28
   91488    102062        31
   91520    102094        20
   91543    102117        20
   91564    102138        44
   91622    102196        26
   91740    102311        21
   91763    102334        39
   91815    102386        29
   91866    102437        22
   91889    102460        23
   91917    102488        35
   91967    102538        23
   92005    102568        45
   92051    102614        46
   92119    102682        62
   92260    102818        33
   92320    102878        31
   92399    102958       190
   92598    103157        24
   92628    103187        34
   92711    103270        23
   92735    103294        44
   92809    103368        22
   92834    103393        61
   93264    103996        22
   93337    104070        34
   93372    104105        22
   93425    104164        24
   93485    104223        28
   93537    104276        33
   93724    104505        26
   93757    104538        28
   93811    104592        22
   93898    104679        21
   93955    104736        20
   94013    104800        20
   94127    104911        47
   94248    105024        21
   94518    105312        94
   94729    105518        23
   94795    105585        94
   94890    105680        25
   94916    105706        46
   94974    105764        34
   95019    105809       187
   95264    106054        41
   95306    106096        59
   95366    106156       105
   95474    106264        77
   95565    106355        37
   95613    106403       188
   95802    106592        67
   95870    106660        34
   95965    106756        48
   96014    106805        20
   96035    106826        71
   96107    106898        41
   96149    106940        37
   96254    107044        80
   96341    107125        29
   96451    107239        29
   96623    107398       112
   96737    107512        38
   96806    107577        46
   96863    107634        24
   96906    107676        24
   96931    107701        29
   96961    107731        22
   97002    107777        21
   97024    107799        28
   97053    107828        51
   97097    107874        21
   97168    107945        60
   97292    108071        27
   97320    108099        35
   97354    108128        30
   97512    108295        46
   97559    108342        28
   97595    108378        61
   97657    108440        28
   97711    108492        64
   97776    108557        81
   97858    108639        34
   97932    108711        34
   98000    108778        44
   98045    108823        41
   98087    108865        27
   98123    108901        47
   98197    108976        20
   98238    109017        36
   98275    109054        23
   98368    109138        22
   98386    109160        31
   98417    109186       106
   98534    109301        62
   98666    109444        32
   98701    109484        26
   98761    109566        40
   98802    109607        35
   98899    109703        38
   98938    109742        91
   99037    109841        20
   99082    109886       143
   99276    110077        20
   99306    110106        65
   99371    110166        42
   99414    110209        60
   99487    110282       156
   99648    110443        44
   99710    110505       104
   99824    110619        37
   99862    110657        32
   99903    110698        43
   99947    110742        33
  100007    110802        36
  100044    110839        38
  100083    110878        79
  100163    110958        27
  100193    110988        39
  100253    111048        39
  100374    111104        25
  100412    111138       154
  100574    111299       124
  100712    111437       168
  100881    111606        30
  100912    111637        26
  100939    111664        36
  100976    111701        49
  101051    111777        89
  101154    111880        39
  101209    111935       101
  101312    112038        50
  101373    112099        30
  101404    112130       138
  101543    112269        30
  101594    112320        34
  101643    112370        26
  101752    112489        50
  101868    112606        20
  101933    136299        26
  102031    112804        43
  102094    112867        38
  102133    112906        25
  102165    112938        23
  102241    113010        22
  102274    113043        35
  102310    113079        20
  102337    113106        20
  102425    113193        76
  102539    113302        31
  102622    113764        43
  102761    113903        51
  102931    114073        29
  102963    114105        20
  105268    114759        21
  106201    115665        20
  106255    115719        28
  106288    115752        20
  106888    116352        23
  107049    116513        30
  107149    116613        20
  108071    117967        33
  108997    119289        31
  109030    119322        31
  109872    120183        26
  110022    120327        20
  110056    120361        35
  110461    120881        24
  110508    120928        34
  110717    121137        27
  110837    121257        29
  111293    121713        20
  111327    121747        21
  111389    121809        20
  111437    121857        22
  111775    122195        22
  112132    122561        23
  112837    123028        21
  113245    123464        27
  113548    123767        23
  113581    123800        20
  114094    124454        38
  114268    124628        23
  114455    124815        30
  114508    124873        20
  114940    125289        20
  115081    125430        36
  115118    125467        20
  116175    126565        24
  116278    126668        34
  116373    126763        23
  116539    126929        20
  116783    127176        20
  116954    127347        26
  117269    127662        22
  117334    127727        21
  117515    127908        23
  117722    128115        26
  117803    128196        26
  118183    128546        20
  118725    129113        28
  119390    134614        32
  119679    134878        20
  119702    134901        29
  119850    135049        51
  119997    135196        43
  120092    135670        31
  120161    135734        76
  120305    135877        20
  120332    135904        20
  120353    135925        35
  120399    135971        22
  120474    136042        23
  120504    136072        25
  120530    136098        38
  120588    136156        43
  120703    112678        26
  120774    136377        20
  120860    136464        50
  120993    136607        26
  121034    136649        34
  121089    136704        30
  121120    136735       138
  121259    136874        30
  121300    136915        50
  121352    136967       101
  121469    137084        39
  121522    137137        89
  121637    137253        49
  121687    137303        36
  121724    137340        26
  121751    137367        30
  121782    137398       168
  121964    137580       124
  122096    137711       154
  122263    137874        25
  122370    137916        39
  122430    137976        39
  122472    138018        27
  122500    138046        79
  122580    138126        38
  122619    138165        36
  122682    138228        33
  122716    138262        43
  122768    138314        32
  122801    138347        37
  122848    138394       104
  122970    138516        44
  123019    138565       156
  123188    138734        60
  123249    138795        42
  123291    138832        65
  123366    138906        20
  123437    138974       143
  123605    139142        20
  123633    139170        91
  123725    139262        38
  123825    139361        35
  123861    139397        40
  123935    139493        26
  123964    139527        32
  124066    139640        62
  124139    139711       106
  124245    139812        31
  124272    139843        22
  124364    139926        23
  124388    139950        36
  124445    140007        20
  124492    140055        47
  124548    140111        27
  124576    140139        41
  124618    140181        44
  124696    140258        34
  124770    140330        34
  124805    140365        81
  124887    140447        64
  124977    140535        28
  125006    140564        61
  125075    140633        28
  125104    140662        46
  125278    140845        30
  125307    140869        35
  125343    140905        27
  125434    140998        60
  125544    141108        21
  125558    141124        51
  125610    141176        28
  125639    141205        21
  125679    141250        22
  125702    141273        29
  125732    141303        24
  125775    141345        24
  125810    141380        46
  125887    141453        38
  125927    141493       112
  126182    141735        29
  126292    141849        29
  126328    141879        80
  126476    142026        37
  126514    142064        41
  126556    142106        71
  126628    142178        20
  126649    142199        48
  126758    142309        34
  126793    142344        67
  126861    142412       188
  127060    142611        37
  127111    142662        77
  127191    142742       105
  127297    142848        59
  127357    142908        41
  127456    143007       187
  127654    143205        34
  127700    143251        46
  127747    143298        25
  127773    143324        94
  127910    143462        23
  128050    143597        94
  128393    143958        21
  128488    144045        47
  128629    144183        20
  128687    144247        20
  128743    144303        21
  128829    144389        22
  128877    144437        28
  128912    144472        26
  129092    144694        33
  129149    144752        28
  129213    144815        24
  129268    144876        22
  129291    144899        34
  129376    144985        22
  129767    145549        61
  129831    145613        22
  129883    145665        44
  129928    145710        23
  130000    145782        34
  130040    145822        24
  130073    145855       190
  130311    146094        31
  130369    146152        33
  130481    146259        62
  130565    146343        46
  130612    146390        45
  130672    146442        23
  130710    146480        35
  130750    146520        23
  130774    146544        22
  130818    146588        29
  130860    146630        39
  130901    146671        21
  131014    146781        26
  131054    146821        44
  131099    146866        20
  131122    146889        20
  131143    146910        31
  131175    146942        28
  131221    146992        40
  131326    147108        22
  131349    147131        28
  131388    147170        44
  131466    147259        87
  131584    147377        76
  131671    147464        29
  131701    147494        41
  131755    147548        51
  131819    147612        50
  131870    147663        37
  131923    147716        53
  132011    147804        21
  132033    147826        72
  132112    147905        20
  132139    147932        55
  132209    148002        27
  132237    148030        21
  132339    148132        31
  132412    148184        44
  132457    148229        32
  132490    148262        27
  132518    148290        23
  132573    148345        44
  132618    148390        22
  132660    148432        33
  132694    148466        27
  132741    148514        53
  132834    148595        33
  132889    148653        50
  132955    148719        27
  132983    148747        50
  133053    148817        86
  133140    148904        52
  133193    148957        46
  133250    149014       119
  133370    149134        29
  133481    149245        45
  133527    149291        68
  133598    149362        58
  133657    149421        45
  133707    149471        22
  133784    149566        41
  133834     99333        42
  133869    149656        21
  133913    149711        24
  134076    149873        20
  134224    150042        20
  134258    150076        49
  134308    150126        80
  135242    150461        28
  135347    150562        24
  135718    152013        28
  136076    152365        22
  136385    153130        23
  136483    153237        35
  136654    153402        33
  136878    158139        45
  137124    158376        22
  137224    158476        39
  137294    158546        30
  137325    158577        22
  137363    158615        25
  137489    158741        33
  137534    158786        21
  137556    158808        46
  137647    158899       120
  137797    159049        58
  137856    159108        27
  137884    159136        24
  137919    159171        23
  137944    159196        41
  137986    159238        23
  138010    159262        26
  138054    159306        46
  138101    159353        43
  138166    159423        61
  138228    159485        41
  138272    159529        31
  138326    159578        31
  138414    159690        42
  138463    159745        65
  138692    159974        26
  138825    160107        22
  138966        13        80
