> gi|768803690|gb|KP462881.1|
     163        98        20
     184       119        26
     226       161        77
     304       239        29
     349       284        26
     382       317        20
     460       395        65
     619       554        26
     646       581        20
     670       605        29
     709       644        20
     741       676        30
     772       707        50
     826       761        26
     892       827        50
     955       890        56
    1012       947        20
    1111      1046        60
    1175      1110        29
    1212      1153        35
    1383      1300        52
    1474      1389        27
    1709      1681        20
    1730      1702        23
    1916      1888        22
    2155      2127        30
    2596      2568        22
    2644      2616        21
    2677      2649        27
    3042      3008        24
    3142      3114        20
    3284      3256        24
    3445      3510        20
    3630      3699        25
    3715      3787        23
    3880      3991        24
    3905      4016        50
    5043      4838        21
    5109      4904        20
    5360      5173        26
    5481      5303        21
    5561      5384        27
    5589      5412        21
    7146      6798        48
    7511      7179        21
    7713      7371        42
    8139      7808        34
    8177      7846        29
    8392      8085        25
    8445      8138        30
    9418     33371        39
    9508     33461        23
    9532     33485        53
    9631     33584        20
    9801     33754        27
   10015     33968        41
   10060     34013        20
   10165     34118        23
   10189     34142        23
   10225     34178        38
   10267     34220        26
   10303     34256        38
   10348     34301        29
   10378     34331        20
   10420     34373        32
   10453     34406        26
   10480     34433        27
   10516     34469        24
   10574     34527        23
   10598     34551        59
   10658     34611        20
   10775     34728        24
   10886     34839        89
   10997     34950        20
   11018     34971        44
   11069     35022        23
   11129     35082        20
   11178     35131        28
   11228     35181        23
   11339     35292        20
   11360     35313        50
   11450     35403        29
   11504     35457        20
   11585     35538        50
   11651     35604        44
   11696     35649        29
   11732     35685        21
   11807     35760        20
   12020     35956        33
   12057     35993        39
   12458     36445        40
   12573     36560        32
   13448     37183        28
   13479     37214        25
   16293     32311        27
   16335     32353        25
   38870     37439        30
   38916     37485        34
   38962     37531        30
   39063     37623        29
   39093     37653        23
   39319     37856        26
   39358     37895        20
   39379     37916        32
   39433     37970        41
   39505     38042        62
   39595     38132        37
   39634     38171        29
   39664     38201        26
   39691     38228        53
   39745     38282        32
   39778     38315        29
   39895     38432        68
   40093     38630        20
   40114     38651        35
   40171     38708        26
   40228     38765        62
   40291     38828        23
   40405     38942        29
   40450     38987        35
   40492     39029        41
   40584     39121        21
   40659     41417        21
   40708     39245        26
   40786     39323        29
   40903     39440        37
   40954     39491        26
   41083     39620        21
   41175     39712        24
   41206     39743        26
   41278     39815        47
   41347     39884        32
   41392     39929        20
   41413     39950        71
   41528     40062        20
   41549     40083        73
   41623     40157        30
   41660     40194        67
   41744     40278        35
   41780     40314        20
   41861     40395        26
   41918     40452        92
   42011     40545        29
   42185     40719        38
   42263     40797        38
   42323     40857        23
   42371     40905        20
   42401     40935        20
   42422     40956        36
   42539     41073        41
   42611     41145        26
   42719     41253        20
   42884     41418        34
   42980     41514        32
   43025     41559        20
   43061     41595        20
   43121     41655        28
   43150     41684        23
   43241     41775        44
   43304     41838        21
   43326     41860        24
   43397     41931        23
   43421     41955        34
   43456     41990        71
   43528     42062        42
   43600     42134        27
   43637     42171        23
   43661     42195        36
   43757     42291        46
   43947     42485        29
   44300     42657        22
   44458     42831        44
   44524     42897        29
   44580     42958        40
   44759     43094        20
   44809     43142        31
   44889     43223        48
   45252     43605        64
   45340     43693        33
   45380     43733        23
   45404     43757        39
   45444     43797        25
   45470     43823        23
   45504     43857        31
   45564     43917        30
   45807     44152        26
   46091     44427        30
   46187     44531        22
   46315     44651        32
   46568     44905        20
   46960     45208        23
   46984     45232        33
   47018     45266        36
   47351     45629        26
   47519     45803        39
   47578     45862        41
   47636     45920        26
   47735     46019        41
   47879     46163        35
   48273     46618        38
   49165     47419        22
   49189     47443        23
   49213     47467        44
   49258     47512        20
   49327     47576        27
   49662     47985        33
   49720     48043        23
   49746     48069        28
   50058     48192        29
   50091     48232        21
   50124     48265        66
   50695     49025        22
   50773     49121        32
   50836     49184        20
   50860     49208        40
   50953     49301        21
   51029     49377        22
   51125     49473        26
   51156     49504        25
   51421     49772        21
   51603     49954        23
   51654     50005        20
   51831     50182        38
   51870     50221        44
   51924     50275        38
   52106     50460        28
   52226     50580        23
   52268     50622        20
   52292     50646        32
   52325     50679        34
   52418     50772        55
   53210     51514        28
   53239     51543        22
   53282     51586        30
   53333     51637        24
   53431     51749        30
   53466     51784        30
   53551     51864        41
   53865     52190        22
   53888     52213        37
   54078     52389        58
   54288     52685        22
   54480     52877        23
   54551     52945        59
   54704     53098        22
   54784     53178        29
   54871     53265        38
   54940     53334        30
   54978     53372        30
   55042     53436        35
   55138     53532        64
   55215     53609        36
   55252     53646        23
   55276     53670        26
   55321     53715        38
   55402     53796        50
   55612     54006        23
   55636     54030        29
   55735     54129        29
   55810     54204        29
   55864     54258        25
   55924     54318        32
   56008     54402        22
   56598     55127        25
   56865     55279        23
   56889     55303        62
   56973     55387        20
   57030     55444        23
   57102     55516        38
   57141     55555        20
   57199     55613        28
   57264     55678        38
   57303     55717        23
   57453     55867        29
   57552     55966        20
   57591     56005        24
   57726     56140        32
   57795     56209        20
   57819     56233        41
   57912     56326        23
   57954     56368        26
   58062     56476        20
   58146     56560        38
   58239     56653        32
   58290     56704        24
   59706     59903        33
   59810     60008        20
   59996     60188        29
   60634     60829        21
   60656     60851        30
   61263     61781        32
   61402     61920        46
   61500     62018        21
   61557     62075        20
   61755     62273        23
   61966     62511        31
   62019     62565        22
   62035     62587        23
   62066     62618        23
   62104     62656        36
   62168     62720        44
   62351     62903        20
   62411     62963        30
   62449     63001        31
   62481     63033        20
   62546     63098        26
   62667     63219        29
   62750     63302        20
   62780     63332        26
   62858     63410        29
   62894     63446        21
   62930     63482        23
   62954     63506        24
   63984     64560        22
   64020     64596        50
   64071     64647        20
   64196     64771        20
   64223     64798        75
   64299     64874        30
   64346     64921        36
   64446     65021        25
   64472     65047        40
   64570     65145        26
   64600     65175        68
   64669     65244        38
   64708     65283        24
   64836     65412        26
   65964     66464        38
   66004     66504        20
   66224     66733        40
   66363     66869        21
   66467     66962        48
   66516     67011        33
   66672     67183        25
   66698     67209        54
   67141     67527        20
   67219     67605        23
   67699     68098        20
   68304     68548        23
   68355     68623        29
   68385     68653        33
   68437     68705        27
   69061     69297        35
   69213     69449        25
   69435     69694        24
   69478     69737        21
   69600     69858        40
   69641     69899        27
   69706     69965        28
   69908     70232        24
   69933     70257        27
   70005     70329        20
   70062     70393        23
   70285     70575        38
   70654     71594        30
   70800     72465        28
   70866     72530        20
   71126     72758        25
   71309     72939        46
   71449     73079        20
   71479     73109        26
   71512     73142        32
   71545     73175        20
   71579     73209        22
   71644     73274        26
   71716     73346        41
   71769     73399        30
   71818     73448        23
   71884     73514        23
   71938     73568        24
   71963     73593        55
   72019     73649        29
   72049     73679        26
   72100     73730        29
   72133     73763        29
   72163     73793        24
   72220     73850        32
   72265     73895        20
   72286     73916        20
   72307     73937        44
   72394     74024        26
   72490     74120        26
   72604     74234        20
   72700     74330        32
   72749     74379        28
   72778     74408        24
   72817     74447        25
   72969     74604        20
   73015     74646        25
   73053     74684        29
   73089     74720        37
   73195     74837        35
   73261     74903        31
   73603     75244        22
   73712     75355        27
   74508     76143        25
   74571     76208        28
   74624     76261        44
   74726     76363        26
   74753     76390        26
   74809     76443        66
   74876     76510        20
   74897     76531        38
   74997     76631        25
   75077     76711        44
   75122     76756        20
   75190     76824        24
   75410     77061        25
   75598     77250        21
   75690     77344        25
   75797     77441        27
   75926     77559        22
   76089     77807        30
   76152     77870        35
   76191     77909        20
   76266     77984        50
   76338     78056        29
   76431     78149        23
   76506     78224        35
   76579     78297        22
   76870     78568        20
   77071     78769        20
   77092     78790        23
   77138     78836        22
   77189     78887        40
   77230     78928        20
   77251     78949        41
   77338     79036        29
   77368     79066        23
   77407     79105        23
   77581     79279        22
   77689     79387        20
   77781     79479        30
   77827     79525        21
   77950     79647        33
   78079     79776        20
   78896     80408        22
   79270     80785        45
   79376     80891        25
   79477     80980        21
   79520     81023        26
   79794     81331        20
   79842     81379        29
   79947     81484        26
   80016     81553        23
   80355     81907        23
   80457     82009        47
   80505     82057        32
   80617     82169        57
   80712     82264        45
   81737     83201        37
   81947     83422        28
   82495     83907        29
   82548     83960        31
   82584     83996        25
   82610     84022        34
   82901     84313        21
   83319     84787        21
   83479     84950        21
   83611     85088        86
   83752     85217        38
   83801     85266        55
   83864     85329        22
   83929     85394        86
   84027     85492        30
   84058     85523        62
   84134     85599        65
   84205     85672        43
   84273     85740        45
   84336     85798        22
   84359     85821        33
   84393     85855        41
   84435     85897        28
   84524     85989        69
   84597     86057        26
   84635     86095       118
   84754     86214       124
   84895     86355        92
   84988     86448        40
   85029     86489        30
   85060     86520        25
   85137     86597        36
   85274     86734        25
   85300     86760        34
   85338     86798        30
   85399     86859        39
   85598     87053        37
   85704     87160        25
   85739     87195        56
   85975     91858        33
   86144     92021        27
   86180     92057        21
   86213     92090        24
   86254     92140        23
   86277     92157        41
   86385     92694        25
   86537     92846        26
   86564     92873        22
   86751     93051        30
   86916     93210        28
   87171     93412        21
   87220     94393        25
   87282     94456        48
   87353     94527        25
   87397     94576        31
   88251     94940        22
   88274     94963       130
   88622     95307        23
   88659     95338        22
   88725     95396        32
   88772     95454        61
   88854     95534        30
   88885     95565        33
   88924     95604        20
   88960     95640        59
   89020     95700        23
   89067     95747        48
   89136     95816        45
   89182     95862        22
   89239     95919        27
   89275     95955        72
   89358     96038       105
   89473     96153        49
   89523     96203        38
   89562     96242        47
   89617     96297        62
   89680     96360        27
   89723     96403        62
   89786     96466        44
   89868     96536        51
   89969     96643        33
   90022     96696        33
   90057     96746        32
   90121     96810        23
   90145     96834        27
   90173     96862        34
   90208     96897        32
   90259     96944        21
   90292     96977        43
   90349     97034        41
   90404     97089        32
   90454     97139        69
   90530     97215        86
   90630     97315        21
   90652     97337        21
   90674     97359        80
   90755     97440        88
   90856     97541       204
   91061     97746       140
   91226     97914        48
   91275     97963        34
   91310     97998        26
   91363     98052        27
   91401     98105        40
   91459     98172        28
   91488     98201        31
   91520     98233        20
   91543     98256        40
   91584     98297        24
   91622     98335        26
   91740     98450        21
   91763     98473        39
   91815     98525        29
   91866     98576        22
   91889     98599        23
   91917     98627        48
   91966     98676        40
   92005     98712        36
   92064     98771        52
   92119     98826        68
   92214     98921        23
   92238     98945        21
   92260     98967        36
   92307     99014        62
   92399     99118        56
   92456     99175        64
   92521     99240        68
   92598     99317        24
   92628     99347        65
   92711     99430        68
   92809     99528        22
   92839     99558        22
   92862     99581        20
   92928     99652        21
   93096     99811        27
   93147     99862        30
   93225    100110        21
   93284    100175        21
   93346    100237        25
   93372    100263        22
   93395    100286        20
   93425    100322        57
   93537    100411        33
   93682    100516        21
   93724    100563        26
   93811    100659        22
   93851    100699        24
   93898    100746        21
   93955    100803        37
   94240    100910        33
   94287    100958        33
   94321    100992        34
   94518    101201        94
   94665    101347        25
   94729    101408        23
   94795    101475        94
   94890    101570        25
   94916    101596        92
   95019    101699       187
   95225    101905        22
   95248    101928       223
   95474    102154        90
   95565    102245        37
   95613    102293       161
   95775    102455        26
   95802    102482        67
   95870    102550        34
   95906    102587        23
   95965    102646        63
   96035    102716        61
   96107    102788        41
   96149    102830        37
   96214    102894        25
   96254    102934        86
   96341    103021        29
   96403    103082        21
   96451    103134        29
   96620    103291       116
   96737    103408        47
   96785    103456        22
   96806    103473        35
   96853    103520        51
   96926    103592        34
   96961    103627        22
   96992    103658        60
   97053    103719        48
   97119    103786        28
   97169    103836        65
   97294    103962        25
   97331    104004        24
   97354    104022        47
   97482    104148        29
   97520    104186        25
   97559    104225        21
   97595    104266        92
   97679    104357        36
   97710    104387        65
   97776    104453        81
   97858    104535        49
   97911    104588        82
   97999    104676       123
   98123    104800        28
   98172    104849        46
   98231    104908        67
   98306    104984        24
   98338    105017        29
   98371    105050        46
   98417    105091        79
   98497    105171        26
   98526    105200        70
   98640    105314        24
   98666    105340        34
   98712    105392        35
   98761    105441        76
   98894    105573        71
   98966    105645        66
   99037    105720        20
   99082    105765       135
   99218    105901        25
   99301    105981        70
   99371    106046       103
   99487    106162       156
   99648    106323       166
   99824    106499        37
   99862    106537        26
   99903    106578        43
   99947    106622        34
  100007    106682        36
  100044    106719        33
  100083    106758        79
  100163    106838        27
  100193    106868        39
  100245    106920        39
  100374    106984        25
  100400    107006        34
  100435    107041       131
  100574    107179       124
  100712    107316       249
  100976    107580        49
  101051    107656        89
  101154    107759        39
  101209    107814       102
  101312    107917        50
  101373    107978        30
  101404    108009        55
  101460    108065        82
  101543    108148        30
  101594    108199        34
  101643    108249        40
  101692    108301        22
  101751    108370        51
  101810    108430        33
  101931    108554        52
  102034    108662        59
  102094    108722        34
  102159    108787        34
  102280    108910        47
  102353    108983        21
  102405    109031        23
  102425    109052        57
  102539    109166        32
  102617    109583        48
  102676    109638        21
  102741    109702        59
  102801    109762        31
  102877    109838        23
  102963    109923        20
  103227    110210        56
  103909    115331        28
  104412    115974        21
  104447    116009        30
  104796    116344        30
  104833    116381        32
  104866    116414        20
  119379    130493        56
  119679    130816        20
  119762    130898        23
  119830    130966        31
  119862    130998        59
  119965    131100        21
  119997    131128        48
  120091    131561        32
  120180    131650        57
  120234    131705        23
  120288    131755        21
  120335    131802        47
  120469    131938        34
  120534    132003        34
  120569    132038        59
  120679    132153        52
  120819    132296        33
  120860    132338        51
  120948    132436        22
  120979    132470        40
  121034    132526        34
  121089    132581        30
  121120    132612        82
  121203    132695        55
  121259    132751        30
  121300    132792        50
  121351    132843       102
  121469    132961        39
  121522    133014        89
  121637    133130        49
  121701    133194       249
  121964    133456       124
  122096    133587       131
  122228    133719        34
  122263    133750        25
  122378    133800        39
  122430    133852        39
  122472    133894        27
  122500    133922        79
  122585    134007        33
  122619    134041        36
  122681    134103        34
  122716    134138        43
  122774    134196        26
  122801    134223        37
  122848    134270       166
  123019    134441       156
  123188    134610       103
  123291    134708        70
  123419    134833        25
  123445    134859       135
  123605    135019        20
  123630    135048        66
  123697    135115        71
  123825    135242        76
  123915    135332        35
  123962    135385        34
  123998    135421        24
  124066    135489        70
  124139    135562        26
  124166    135589        79
  124245    135663        46
  124295    135713        29
  124332    135751        24
  124364    135784        67
  124444    135864        46
  124511    135931        28
  124540    135960       123
  124669    136089        82
  124755    136175        49
  124805    136225        81
  124887    136307        65
  124947    136366        36
  124975    136401        92
  125082    136513        21
  125117    136548        25
  125151    136582        29
  125261    136690        47
  125307    136731        24
  125343    136772        25
  125428    136858        65
  125515    136945        28
  125561    136992        48
  125610    137041        60
  125679    137110        22
  125702    137133        34
  125758    137188        51
  125821    137251        35
  125855    137281        22
  125878    137304        47
  125926    137352       116
  126182    137596        29
  126238    137656        21
  126292    137709        29
  126322    137739        86
  126423    137840        25
  126476    137892        37
  126514    137930        41
  126566    137982        61
  126634    138050        63
  126733    138149        23
  126758    138175        34
  126793    138210        67
  126861    138278        26
  126888    138305       161
  127060    138477        37
  127098    138515        90
  127191    138608       223
  127415    138832        22
  127456    138873       187
  127654    139071        92
  127747    139164        25
  127773    139190        94
  127910    139328        23
  127972    139387        25
  128050    139464        94
  128307    139733        34
  128342    139768        33
  128389    139816        33
  128670    139919        37
  128743    139992        21
  128787    140036        24
  128829    140078        22
  128912    140170        26
  128959    140222        21
  129092    140315        33
  129180    140380        57
  129247    140453        20
  129268    140474        22
  129291    140497        25
  129357    140563        21
  129416    140628        21
  129485    140867        30
  129539    140921        27
  129713    141086        21
  129780    141158        20
  129801    141179        22
  129831    141209        22
  129883    141261        68
  129969    141347        65
  130040    141418        24
  130073    141451        68
  130142    141520        64
  130207    141585        56
  130293    141683        62
  130366    141756        36
  130403    141793        21
  130425    141815        23
  130475    141865        68
  130546    141936        52
  130621    142011        36
  130656    142043        40
  130697    142084        48
  130750    142137        23
  130774    142161        22
  130818    142205        29
  130860    142247        39
  130901    142288        21
  131014    142398        26
  131054    142438        24
  131079    142463        40
  131122    142506        20
  131143    142527        31
  131175    142559        28
  131221    142614        40
  131272    142680        27
  131326    142735        26
  131353    142762        34
  131388    142797        48
  131461    142873       140
  131602    143014       204
  131819    143231        88
  131908    143320        80
  131989    143401        21
  132011    143423        21
  132046    143458        86
  132139    143551        69
  132226    143638        32
  132272    143684        41
  132327    143739        43
  132382    143794        21
  132422    143830        32
  132455    143863        34
  132490    143898        27
  132518    143926        23
  132573    143981        32
  132607    144030        33
  132660    144083        33
  132743    144172        51
  132832    144249        44
  132877    144294        62
  132955    144372        27
  132983    144400        62
  133053    144470        47
  133101    144518        38
  133140    144557        49
  133199    144616       105
  133315    144732        72
  133396    144813        27
  133458    144875        22
  133481    144898        45
  133547    144964        48
  133619    145036        23
  133643    145060        59
  133718    145135        20
  133744    145161        33
  133778    145195        30
  133829    145244        61
  133905    145331        32
  133981    145399        22
  134017    145429        23
  134258    145666       130
  134389    145797        22
  135234    146152        31
  135284    146207        25
  135332    146255        48
  135417    146341        25
  135470    147326        21
  135718    147521        28
  135881    147678        30
  136076    147864        22
  136099    147887        26
  136252    148040        25
  136344    148561        41
  136385    148596        23
  136425    148645        24
  136461    148681        21
  136491    148711        27
  136654    148868        33
  136867    153508        56
  136933    153574        25
  137027    153669        37
  137224    153861        39
  137294    153931        30
  137328    153965        34
  137363    154000        25
  137489    154126        36
  137577    154214        25
  137603    154240        30
  137634    154271        40
  137675    154312        92
  137784    154421       124
  137909    154546       118
  138039    154676        26
  138069    154701        69
  138199    154834        28
  138228    154863        41
  138270    154905        33
  138304    154939        22
  138344    154974        45
  138414    155044        43
  138463    155095        65
  138542    155174        62
  138605    155237        30
  138647    155279        86
  138776    155408        22
  138806    155438        55
  138872    155504        38
  138965    155585        86
  139162    155788        21
  139322    155951        21
