> gi|326457455|gb|JF317356.1|
       5         1        75
     499       465        23
     523       489        53
     679       645        34
     736       702        32
     787       753        89
     877       843        47
     925       891        23
     970       936        32
    1018       984        29
    1117      1083        23
    1141      1107        46
    1252      1218        73
    1326      1292        39
    1366      1332        32
    1399      1365        20
    1420      1386        26
    1447      1413        23
    1471      1437        26
    1498      1464        50
    1549      1515        28
    1625      1585        22
    1769      1821        43
    2175      2276        25
    2903      2998        22
    3183      3254        23
    3264      3335        20
    3628      3703        20
    4186      4289        24
    4270      4373        50
    5177      5313        23
    5228      5364        20
    5279      5415        20
    5374      5510        23
    5629      5755        20
    6133      6298        58
    6247      6396        22
    7447      6940        25
    7485      6978        48
    7910      7173        35
    7971      7235        22
    8069      7336        21
    8093      7359        20
    8250      7516        31
    8447      7960        27
    8505      8018        20
    8526      8039        20
    8670      8161        40
    8731      8222        32
    9083     48512        20
    9280      9129        41
    9593      9479        31
    9748      9630        25
    9890      9847        27
    9918      9875        28
    9963      9920        62
   10083     10177        81
   10482     10473        25
   10559     10550        20
   10637     10628        26
   10793     10784        20
   10892     10883        20
   11066     11057        34
   11105     11096        20
   11207     11198        32
   11240     11231        29
   11276     11267        29
   11327     11318        20
   11369     11360        20
   11432     11423        20
   11453     11444        23
   11543     11534        29
   11600     11591        35
   11687     11678        38
   11745     11736        37
   11798     11789        20
   11885     11851        22
   12089     12077        29
   12161     12149        20
   12275     12263        20
   12301     12289        21
   12369     12366        24
   12883     12971        21
   13021     13114        39
   13108     13201        24
   13142     13235        41
   13489     13831        22
   13665     14007        20
   13686     14028        22
   13717     14059        31
   13758     14100        25
   13823     14177        21
   14725     15083        20
   14936     15328        29
   14966     15358        26
   15008     15400        20
   15059     15451        23
   15221     15613        44
   15266     15658        32
   15314     15706        38
   15398     15790        35
   15482     15874        48
   15569     15961        20
   15851     16219        46
   15916     16284        23
   16010     16378        34
   16105     16473        35
   16285     16653        23
   16351     16719        29
   16441     16809        20
   16552     16920        25
   21751     17396        20
   21787     17432        53
   21973     17618        62
   22089     17734        29
   22125     17770        54
   22225     17870        35
   22276     17921        23
   22453     18098        20
   22520     18177        21
   23311     18956        25
   23631     19276        31
   23686     19331        42
   23793     19438        21
   23863     19508        26
   24298     19976        26
   24379     20057        29
   24409     20087        20
   24430     20108        23
   24553     20231        20
   24628     20306        34
   24769     20447        20
   24790     20468        30
   24886     20564        20
   25012     20690        41
   25054     20732        26
   25102     20780        38
   25141     20819        35
   25207     20885        20
   25234     20912        23
   25258     20936        23
   25288     20966        20
   25311     20989        42
   25360     21038        20
   25468     21146        38
   25530     21208        45
   25864     21577        39
   25969     21682        28
   26189     21908        22
   26287     22006        29
   26335     22054        20
   26356     22075        20
   26380     22099        33
   26446     22165        29
   26553     22272        29
   26583     22302        24
   26616     22335        30
   26740     22459        38
   26842     22561        20
   26893     22612        41
   26944     22663        32
   27001     22720        20
   27060     22779        26
   27135     22854        21
   27220     22939        26
   27295     23014        20
   27340     23059        38
   27394     23113        20
   27658     23371        22
   28044     23749        24
   28109     23818        22
   28147     23856        31
   28221     23930        20
   28296     24005        26
   28323     24032        23
   28368     24077       113
   28548     24257        38
   28640     24339        21
   28676     24375        20
   28725     24424        23
   28776     24475        20
   28814     24513        42
   28866     24565        38
   28947     24646        20
   28974     24673        29
   29088     24787        23
   29142     24841        23
   29166     24865        23
   29217     24916        20
   29252     24951        32
   29285     24984        21
   29307     25006        20
   29385     25084        20
   29406     25105        33
   29445     25144        21
   29619     25318        32
   29652     25351        26
   29745     25444        20
   29985     25684        20
   30141     25840        26
   30243     25942        22
   30312     26011        20
   30379     26078        25
   30484     26183        28
   30591     26290        29
   30705     26404        20
   30738     26437        20
   30774     26473        20
   30844     26543        28
   30912     26611        49
   30999     26698        23
   31045     26744        43
   31119     26818        23
   31157     26856        41
   31265     26964        54
   31332     27031        40
   31380     27079        23
   31407     27106        23
   31452     27151        38
   31532     27231        21
   31573     27272        22
   31596     27295        33
   31671     27370        32
   31725     27424        26
   31940     27638        31
   32249     27870        27
   32715     28391        21
   33050     28785        24
   33077     28813        39
   34041     29447        41
   35365     30424        20
   35433     30493        31
   35545     30600        22
   35598     30653        20
   36263     30986        83
   36441     31569        89
   36637     31759        27
   37616     32645        58
   37979     33070        21
   38867     34103        47
   38945     34181        42
   38997     34233        30
   39042     34278        23
   39090     34326        29
   39180     34416        38
   39294     34530        26
   39321     34557        45
   39387     34623        20
   39417     34653        20
   39456     34692        20
   39480     34716        32
   39528     34764        23
   39576     34812        35
   39612     34848       128
   39765     35001        29
   39822     35058        32
   39855     35091        80
   39936     35172        36
   39973     35209        41
   40024     35260        23
   40072     35308        53
   40156     35392        32
   40231     35467        23
   40318     35554        20
   40342     35578        41
   40417     35653        23
   40465     35701        53
   40534     35770        26
   40561     35797        29
   40603     35839        30
   40642     35878        20
   40765     36001        44
   40819     36055        74
   40909     36145        26
   40936     36172        23
   40966     36202        44
   41023     36259        53
   41122     36358        29
   41167     36403        42
   41570     36807        35
   41615     36852        24
   41640     36877        31
   41958     37235        27
   41997     37274        40
   42062     37339        28
   42504     38130        36
   42541     38167        27
   42777     38367        43
   42908     38494        22
   43036     38615        20
   43059     38638        24
   43204     38783        21
   43252     38831        22
   43451     39025        26
   43481     39055        35
   43601     39175        20
   43640     39214        20
   43664     39238        32
   43736     39310        31
   43847     39421        32
   43901     39475        20
   43922     39496        20
   43964     39538        20
   44038     39612        24
   44087     39661        28
   44123     39697        26
   44267     39841        29
   44378     39952        25
   44404     39978        21
   44435     40009        20
   44474     40048        20
   44603     40177        46
   44657     40231        29
   44919     40493        31
   44969     40543        53
   45031     40605        21
   45059     40633        26
   45092     40666        20
   45149     40723        32
   45197     40771        23
   45221     40795        26
   45254     40828        32
   45338     40912        41
   45425     40999        56
   45482     41056        71
   45554     41128        50
   45605     41179        65
   45671     41245        57
   45738     41312        35
   45781     41355        40
   45822     41396        79
   45930     41504        29
   45978     41552        38
   46062     41636        55
   46118     41692        42
   46215     41789        20
   46269     41843        32
   46314     41888        53
   46458     42032        20
   46494     42068        26
   46536     42110        92
   46631     42205        69
   46722     42296        35
   46758     42332        38
   46806     42380        89
   47070     42644        37
   47108     42682        33
   47142     42716        41
   47184     42758        20
   47256     42830        23
   47319     42893        26
   47448     43022        50
   47499     43073        26
   47547     43121        35
   47610     43184        50
   47661     43235        44
   47718     43292        20
   47739     43313        23
   47763     43337        32
   47802     43376        23
   47835     43409        26
   47873     43447        26
   47900     43474        53
   48050     43627        47
   48551     44068        20
   48806     44447        35
   48896     44537        23
   48948     44589        41
   49208     44856        24
   49386     45005        20
   49574     45166        23
   49711     45328        39
   49751     45368        29
   49793     45410        20
   49829     45446        29
   49859     45476        68
   49931     45548        26
   49958     45575        23
   50044     45662        20
   50127     45737        23
   50202     45822        20
   50235     45855        28
   50691     46331        26
   50739     46379        74
   50897     46542        24
   51315     46755        22
   51338     46778        28
   51370     46810        35
   51735     47170        23
   51759     47194        35
   51905     47340        31
   51986     47421        27
   52032     47467        26
   52093     47528        31
   52213     47648        20
   52724     48264        78
   53631     49671        38
   53689     49729        22
   53726     49764        25
   53782     49853        20
   54058     50181        47
   54125     50254        25
   54151     50280        35
   54393     50588        21
   54530     50729        32
   55236     51491        20
   55257     51512        29
   55308     51563        34
   55602     51857        23
   55705     51960        25
   55959     52241        29
   56026     52308        44
   56140     52422        23
   56185     52467        20
   56245     52527        23
   56317     52599        20
   56368     52650        20
   56407     52689        57
   56644     52938        26
   56671     52965        67
   56755     53049        29
   56859     53153        24
   56884     53178        34
   58185     54057        51
   58267     54139        28
   58290     54159        33
   58382     54252        20
   58455     54335        45
   58534     54413        20
   58813     54702        40
   58878     54771        23
   59045     54934        43
   59089     54978        50
   59227     55150        21
   59380     55292        26
   59461     55373        29
   59524     55436        20
   59545     55457        27
   59588     55500        34
   59686     55598        26
   59790     55711        29
   59820     55741        25
   59846     55767        36
   59907     55828        44
   59991     55912        20
   60012     55933        20
   60051     55972        29
   60138     56059        50
   60228     56149        35
   60270     56191        28
   60330     56251        20
   60413     56334        57
   60471     56392        20
   60570     56491        35
   60621     56542        35
   60663     56584        29
   60768     56689        32
   61011     56932        26
   61292     57211        26
   61645     57605        30
   61905     58137        20
   61960     58192        46
   62022     58254        21
   62055     58287        23
   62079     58311        29
   62115     58347        23
   62139     58371        26
   62181     58413        41
   62227     58459        28
   62258     58490        52
   62325     58557        26
   62550     58782        23
   62661     58893        41
   62729     58961        24
   62796     59028        29
   62847     59079        38
   62913     59145        32
   62952     59184        20
   62985     59217        21
   63009     59241        29
   63045     59277        23
   63099     59331        26
   63165     59397        32
   63232     59464        28
   63279     59511        20
   63300     59532        26
   63408     59699        33
   66223     61511        28
   66274     61562        20
   66390     61678        23
   66932     62674        30
   67340     63043        31
   67499     63200        29
   67658     63359        29
   67709     63410        24
   67763     63464        23
   67853     63554        20
   67901     63602        26
   67931     63632        35
   68699     64675        33
   68841     64826        23
   68974     64953        20
   69070     65049        20
   69239     65218        21
   69355     65334        32
   69617     65615        31
   69664     65662        20
   69704     65702        28
   69742     65740        20
   69766     65764        23
   69826     65824        38
   69866     65864        46
   69988     65986        23
   70045     66043        20
   70258     66256        20
   70320     66318        40
   70507     66505        35
   71278     67685        40
   71353     67760        47
   71541     67953        53
   71597     68009        63
   71666     68081        38
   71735     68150        20
   71756     68171        29
   71796     68211        28
   71839     68254        30
   71906     68321        26
   71957     68372        23
   71981     68396        65
   72082     68489        24
   72174     68581        50
   72659     50070        21
   73104     69250        33
   73200     69347        22
   73417     69578        67
   73513     69674        30
   73660     69862        85
   73858     70122        74
   75060     71205        20
   75083     71228        23
   75447     71752        27
   75571     71876        20
   75592     71897        52
   76026     72254        22
   76059     72287        29
   76121     72349        24
   76173     72401        25
   76251     72479        32
   76325     72553        25
   77363     73433        30
   77589     73705        21
   77762     73884        29
   77849     73982        22
   78015     74161        20
   78081     74200        30
   78288     74411        29
   78338     74458        29
   78396     74513        26
   78543     74674        23
   78716     74847        22
   78772     74903        21
   79261     75517        22
   79939     76194        20
   79975     76230        49
   80052     76307        23
   80076     76331        26
   80145     76400        20
   80178     76433        42
   80259     76514        23
   80319     76574        46
   80382     76637        20
   80409     76664        20
   80475     76730        26
   80547     76802        29
   80577     76832        38
   80635     76890        22
   80682     76937        29
   80721     76976        62
   80805     77060        20
   80874     77129        23
   80898     77153        41
   81048     77303        29
   81114     77369        23
   81171     77426        29
   81216     77471        20
   81237     77492        26
   81264     77519        71
   81336     77591        20
   81387     77642        27
   81415     77670        22
   81686     77926        20
   81728     77968        22
   81763     78003        35
   81818     78058        41
   81950     78184        43
   82197     78431        26
   82245     78479        26
   82288     78522        38
   82327     78561        25
   82446     78690        40
   82492     78736        26
   82601     78854        21
   83198     79472        20
   83310     79591        20
   83367     79648        20
   83406     79687        29
   83460     79741        26
   83487     79768        27
   83515     79796        23
   83583     79864        20
   83679     79960        20
   83763     80044        29
   83802     80083        26
   83992     80279        32
   84083     80381        30
   84601     80869        25
   84851     81152        24
   84900     81201        26
   85134     81435        26
   85206     81507        20
   85263     81564        20
   85296     81597        33
   85565     81839        23
   85589     81863        24
   85614     81888        24
   85710     81984        22
   85868     82142        35
   85976     82250        29
   86230     82504        30
   86353     82627        48
   86453     82727        20
   86506     82786        23
   86538     82823        27
   86902     83178        29
   87038     83314        27
   87520     83776        21
   87789     84032        26
   87876     84119        20
   87945     84188        20
   88097     84340        29
   88337     84556        26
   88409     84628        23
   88445     84664        20
   88565     84784        41
   88649     84868        23
   88968     85189        31
   89016     85237        28
   89088     85309        20
   89178     85399        29
   89213     85434        29
   89243     85467        20
   89525     85830        25
   90066     86410        20
   90207     86551        30
   90384     86755        24
   90703     87074        22
   90828     87199        23
   90886     87257        23
   90955     87326        27
   90984     87355        49
   91292     87687        30
   91323     87718        23
   91732     88119        31
   91834     88221        29
   91947     88332        79
   92027     88412        21
   92052     88437        62
   92133     88518        50
   92184     88569        44
   92229     88614        35
   92283     88668        33
   92317     88702        76
   92389     88778        39
   92429     88818        50
   92519     88957       146
   92688     89127        49
   92738     89177        22
   92774     89213        89
   92864     89303        59
   92944     89383        27
   92972     89411        98
   93071     89510        36
   93117     89556        80
   93210     89649        40
   93251     89690        45
   93297     89736        52
   93365     89804        64
   93430     89869        49
   93480     89919        50
   93534     89973        80
   93615     90054        30
   93646     90085        27
   93679     90118        24
   93724     90163        36
   93908     90218        20
   93929     90239       158
   94188     90487        45
   94324     90623        32
   94357     90656        33
   94419     90718        37
   94486     90785        56
   94546     90845        71
   94628     90927        25
   94691     90990        36
   94810     91676        21
   94850     91716        37
   94888     91754        38
   94927     91793        23
   94967     91833        39
   95013     91879        55
   95069     91935        49
   95119     91985        25
   95171     92037        25
   95198     14095        20
   95212     92078        66
   95319     92179        68
   95422     92282        72
   95500     92360        25
   95529     92389        68
   95667     92527        31
   95709     92569        43
   95798     92658        29
   95819    155177        20
   95840     92700        49
   95890     92750        34
   95925     92785        54
   95998     92858        21
   96026     92886        46
   96069     92938        30
   96115     92984        69
   96260     93105        30
   96291     93136        33
   96335     93177        34
   96370     93212        35
   96472     93314        33
   96506     93348        61
   96603     93445       123
   96747     93589        92
   96841     93683        21
   96864     93706        21
   96895     93743        21
   96922     93770        23
   96946     93794        26
   97012     93869        46
   97059     93916        22
   97113     93970        56
   97268     94155        27
   97296     94183        33
   97401     94315        22
   97455     94363        34
   97499     94401        75
   97583     94485        45
   97659     94561        53
   97727     94629        23
   97811     94863        21
   97833     94885        45
   97881     94933        29
   98040     95092        38
   98079     95131        28
   98108     95160        38
   98153     95205        37
   98209     95261        36
   98271     95326        23
   98310     95365        22
   98357     95412        26
   98590     95594        23
   98723     95712        38
   98772     95761        31
   98819     95802        23
   98985     95968        23
   99026     96009        20
   99048     96040        23
   99090     96082        25
   99116     96108        22
   99139     96131        21
   99175     96167        51
   99231     96223        28
   99260     96252        24
   99309     96307        21
   99331     96329        45
   99377     96375        69
   99466     96473        21
   99526     96521        21
   99548     96543        38
   99627     96646        25
   99795     96838        21
   99923     96924        30
  100165     97175        37
  100224     97234        34
  100272     97282        28
  100301     97311        50
  100374     97551        54
  100477     98058        23
  100500     98086        22
  100537     98124        20
  100636     98229        29
  100693     98276        22
  100798     98312       158
  100957     98479        41
  101051     98599        26
  101096     98654        34
  101157     98715        41
  101279     98824        66
  101337     98889        20
  101358     98910        27
  101386     98938        29
  101459     99028        59
  101519     99088        47
  101567     99136        98
  101682     99251        45
  101728     99297        27
  101786     99355        29
  101816     99385        32
  101849     99418        86
  101946     99515       106
  102053     99622        93
  102152     99721       121
  102274     99843        22
  102318     99890        33
  102382     99954        55
  102444    100017        26
  102470    100038        39
  102510    100078        61
  102572    100140        25
  102598    100166        87
  102686    100254        35
  102739    100307        29
  102787    100361        59
  102847    100421        26
  102874    100448        84
  102975    100549       149
  103125    100699        55
  103181    100755        38
  103220    100794        32
  103253    100827        23
  103288    100862       114
  103403    100977       107
  103531    101105        42
  103574    101148       113
  103762    101345        22
  103798    101390        34
  103848    101445        20
  103869    101466        22
  103900    101497        26
  103927    101550       166
  104094    101717        34
  104129    101752        39
  104169    101792        21
  104209    101832        34
  104244    101867        27
  104290    101913        84
  104395    102018        31
  104436    102059        26
  104484    102102        79
  104579    102197        58
  104663    102281        40
  104704    102322        20
  104735    102337        35
  104797    102399        63
  104877    102479        32
  104910    102512       261
  105189    102791        23
  105213    102815        84
  105298    102900        74
  105422    103024        21
  105449    103051        53
  105609    103234        20
  105630    103255        25
  105682    103361        22
  105752    103432        21
  105774    103454        29
  105804    103484        22
  105922    103597        59
  106050    103725        29
  106089    103761        60
  106153    103829        31
  106180    103876        21
  106181    103897        31
  106254    103981        30
  106310    104037        22
  106334    104061        35
  106436    104163        33
  106470    104197        25
  106495    104217        27
  106616    104343        29
  106646    104373        33
  106682    104612        24
  106774    104704        31
  106816    104749        32
  106855    104788       104
  106987    104919        38
  107026    104958        31
  107058    104990        37
  107118    105050       444
  107563    105495       553
  108131    106063       110
  108242    106174        20
  108263    106195        89
  108367    106299        24
  108392    106324        95
  108488    106420       227
  108759    106691        76
  108938    106871        75
  109014    106947        31
  109046    106979        51
  109124    107058        34
  109159    107093        28
  109248    107181        75
  109324    107257        21
  109350    107283        24
  109387    107320        32
  109428    107359        20
  109449    107380        26
  109476    107407        27
  109504    107435        32
  109537    107468        33
  109580    107513       124
  109780    107723       195
  109976    107919        27
  110020    107963        72
  110107    108050        68
  110176    108119        36
  110248    108190        54
  110323    108264        71
  110411    108347        24
  110445    108381        46
  110504    108440        21
  110540    108476        71
  110682    108610        60
  110744    108668       100
  110867    108785        21
  110889    108807        53
  110961    108879        21
  111000    108922        25
  111028    108955        35
  111100    109003        73
  111207    109110        24
  111232    109135        34
  111267    109170        38
  111306    109209        91
  111398    109301        24
  111451    109353       160
  111612    109514        54
  111667    109569       402
  112070    109972       242
  112316    110215        27
  112370    110269        70
  112441    110340       102
  112545    110444        59
  112609    110508        46
  112656    110555        49
  112706    110605        22
  112738    110637       435
  113174    111073        57
  113232    111131        36
  113273    111172        70
  113344    111243       619
  113998    111897       144
  114143    112042        43
  114207    112107        38
  114279    112192        49
  114344    112263        51
  114396    112315        57
  114467    112386        29
  114497    112416        31
  114508    135410        29
  114554    112476        33
  114594    112516        22
  114645    112569        23
  114669    112587        22
  114729    112647       100
  114843    112755        20
  115030    112960        34
  115070    112994        23
  115245    113370        25
  115274    113399        22
  115297    113422        50
  115381    113506        38
  115438    113563        41
  115567    113687        31
  118809    114821        20
  118891    114903        25
  119106    115118        26
  119154    115166        20
  119181    115193        23
  119205    115217        23
  119577    115589        23
  119697    115709        25
  119723    115735        24
  119766    115778        24
  119929    115941        23
  120941    117408        24
  121041    117508        20
  122023    118680        56
  122331    119003        21
  122384    119056        25
  122629    119307        29
  123058    119727        20
  123526    120248        23
  123586    120308        38
  123643    120365        30
  123853    120575        26
  123979    120701        32
  124012    120734        32
  124153    120875        26
  124189    120911        25
  124228    120950        22
  124390    121112        83
  124520    121242        27
  124548    121270        21
  124639    121361        26
  124869    121591        25
  125033    121747        25
  125188    121902        20
  125218    121932        26
  125629    122322        20
  125693    122386        40
  125742    122435        24
  125806    122499        31
  125988    122814        28
  126017    122843        26
  126044    122870        27
  126342    123168        29
  127119    123823        35
  127164    123868        56
  127338    124042        35
  127535    124239        21
  127581    124280        21
  127633    124332        20
  127656    124355        23
  127689    124388        20
  127776    124475        32
  127953    124646        50
  128025    124718        35
  128145    124838        36
  129045    125778        21
  129285    125971        24
  129330    126016        33
  129370    126056        35
  129643    126329        26
  129679    126365        20
  129831    126516        25
  129857    126542       100
  130047    126732        20
  130068    126753        26
  130269    126954        26
  130392    127077        20
  130464    127149        26
  130511    127196        32
  130617    127302        23
  130659    127344        29
  130755    127440        20
  130776    127461        26
  130886    127571        30
  130917    127602        60
  131142    127813        22
  131231    127902        27
  131259    127930        21
  131830    128523        35
  133789    130482        22
  135236     70781        20
  135470     69108        20
  136480    132879        22
  137011    133584        20
  137256    133847        22
  137867    134162        31
  137986    134276        41
  138046    134336        38
  138118    134408        50
  138169    134459        22
  138195    134485        25
  138372    134863        23
  138401    134886        34
  138602    135105        20
  138636    135133       100
  138774    135271        22
  138797    135288        23
  138849    135342        22
  138878    135371        33
  138928    112441        29
  138937    135433        31
  138969    135465        29
  139012    135508        57
  139070    135566        51
  139137    135639        49
  139220    135735        38
  139279    135795        43
  139323    135839       144
  139502    136018       619
  140122    136638        70
  140197    136713        36
  140234    136750        57
  140292    136808       435
  140737    137253        22
  140760    137276        49
  140810    137326        46
  140861    137377        59
  140922    137438       102
  141025    137541        70
  141122    137638        27
  141153    137666       242
  141396    137909       402
  141799    138312        54
  141854    138367       160
  142043    138555        24
  142068    138580        91
  142160    138672        38
  142199    138711        34
  142234    138746        24
  142292    138804        73
  142402    138890        35
  142440    138933        25
  142483    138980        21
  142523    139020        53
  142577    139074        21
  142621    139112       100
  142723    139210        60
  142854    139333        71
  142940    139419        21
  142974    139453        46
  143030    139509        24
  143071    139545        71
  143163    139636        54
  143253    139725        36
  143290    139762        68
  143373    139845        72
  143462    139934        27
  143490    139962       195
  143761    140243       124
  143895    140379        33
  143929    140413        32
  143962    140446        27
  143990    140474        26
  144017    140501        20
  144046    140528        32
  144091    140573        24
  144120    140602        21
  144142    140624        75
  144278    140759        28
  144307    140788        34
  144368    140850        51
  144420    140902        31
  144452    140934        75
  144630    141113        76
  144750    141233       227
  144978    141461        95
  145074    141557        24
  145113    141596        89
  145203    141686        20
  145224    141707       110
  145349    141832       553
  145903    142386       444
  146370    142853        37
  146408    142891        31
  146440    142923        38
  146506    142988       104
  146617    143099        32
  146660    143145        31
  146759    143244        24
  146786    143474        33
  146820    143508        29
  146943    143636        27
  146970    143658        25
  146996    143684        33
  147096    143784        35
  147133    143821        22
  147181    143869        30
  147253    143952        31
  147264    143983        21
  147281    144020        31
  147316    144059        60
  147386    144126        29
  147484    144224        59
  147639    144374        22
  147662    144397        29
  147692    144427        21
  147761    144497        22
  147810    144600        25
  147836    144626        20
  147963    144776        53
  148022    144835        21
  148093    144906        74
  148168    144981        84
  148253    145066        23
  148294    145107       261
  148556    145369        32
  148605    145418        63
  148695    145508        35
  148741    145538        20
  148762    145559        40
  148828    145625        58
  148902    145699        79
  149003    145795        26
  149039    145831        31
  149091    145883        84
  149194    145986        27
  149222    146014        34
  149275    146067        21
  149297    146089        39
  149337    146129        34
  149372    146164       166
  149539    146357        26
  149574    146392        22
  149597    146415        20
  149633    146456        34
  149681    146513        22
  149778    146619       113
  149892    146733        42
  149955    146796       107
  150063    146904       114
  150189    147030        23
  150213    147054        32
  150246    147087        38
  150285    147126        55
  150341    147182       149
  150507    147348        84
  150592    147433        26
  150619    147460        59
  150697    147544        29
  150744    147591        35
  150780    147627        87
  150868    147715        25
  150894    147741        61
  150956    147803        39
  150995    147837        26
  151028    147871        55
  151114    147957        33
  151169    148015        22
  151192    148038       121
  151319    148165        93
  151413    148259       106
  151530    148376        86
  151617    148463        32
  151650    148496        29
  151710    148556        27
  151738    148584        45
  151800    148646        98
  151899    148745        47
  151947    148793        59
  152050    148913        29
  152080    148943        27
  152108    148971        20
  152120    148990        66
  152267    149124        41
  152335    149192        34
  152388    149255        26
  152467    149360        41
  152509    149410       158
  152750    149582        22
  152800    149622        29
  152908    149736        20
  152943    149772        22
  152965    149799        23
  153037    150275        54
  153114    150519        50
  153165    150570        28
  153207    150612        34
  153263    150668        37
  153512    150926        30
  153649    151021        21
  153813    151209        25
  153879    151299        38
  153918    151338        21
  153978    151386        21
  154019    151436        69
  154089    151506        45
  154135    151552        21
  154181    151604        24
  154206    151629        28
  154239    151662        51
  154305    151728        21
  154327    151750        22
  154350    151773        25
  154394    151817        23
  154419    151851        20
  154457    151889        23
  154623    152055        23
  154662    152088        31
  154704    152130        38
  154852    152263        23
  155082    152442        26
  155133    152493        22
  155171    152531        23
  155220    152583        36
  155275    152638        37
  155319    152682        38
  155358    152721        28
  155387    152750        38
  155555    152918        29
  155587    152950        45
  155633    152996        21
  155715    153228        23
  155753    153266        53
  155837    153350        45
  155891    153404        75
  155976    153483        34
  156042    153543        22
  156136    153664        33
  156170    153698        27
  156296    153854        56
  156384    153942        22
  156407    153965        46
  156493    154060        26
  156520    154087        23
  156549    154116        21
  156580    154153        21
  156603    154176        21
  156626    154199        92
  156739    154312       123
  156898    154471        61
  156960    154533        33
  157060    154633        35
  157096    154669        34
  157141    154711        33
  157175    154745        30
  157281    154827        69
  157366    154912        30
  157393    154948        46
  157446    155001        21
  157486    155041        54
  157541    155096        34
  157576    155131        49
  157626     92683        20
  157638    155193        29
  157713    155268        43
  157767    155322        31
  157868    155423        68
  157940    155495        25
  157971    155526        72
  158078    155633        68
  158187    155736        66
  158269    155818        25
  158321    155870        25
  158347    155896        49
  158397    155946        55
  158459    156008        39
  158515    156064        23
  158539    156088        38
  158578    156127        37
  158634    156183        21
  158738    156854        36
  158812    156928        25
  158848    156964        71
  158923    157039        56
  159009    157125        37
  159075    157191        33
  159109    157225        32
  159232    157348        45
  159378    157483       158
  159537    157642        20
  159705    157681        36
  159762    157738        24
  159792    157768        27
  159820    157796        30
  159851    157827        80
  159935    157911        50
  159986    157962        49
  160036    158012        64
  160116    158092        52
  160169    158145        45
  160215    158191        40
  160268    158244        80
  160358    158334        36
  160395    158371        98
  160494    158470        27
  160542    158518        59
  160602    158578        89
  160705    158681        22
  160728    158704        49
  160800    158777       146
  160986    159012        50
  161037    159063        39
  161072    159102        76
  161149    159179        33
  161201    159231        35
  161237    159267        44
  161282    159312        50
  161351    159381        62
  161417    159447        21
  161439    159469        79
