> gi|442566304|gb|KC180771.1|
       3    159702        23
       5         1        75
     501       615        21
     523       637        47
     577       691        26
     622       736        29
     652       766        71
     736       850        32
     787       901        89
     877       991        47
     925      1039        83
    1009      1123        20
    1048      1162        20
    1117      1231        23
    1141      1255        55
    1261      1375        38
    1326      1440        39
    1366      1480        20
    1399      1513        20
    1420      1534        44
    1471      1585        26
    1498      1612        50
    1560      1674        21
    1625      1744        22
    1769      1933        37
    1856      2023        29
    2077      2251        25
    2177      2351        23
    2257      2431        22
    3093      3243        23
    3264      3414        20
    3331      3481        20
    3627      3791        21
    4186      4404        24
    4273      4491        47
    4748      4904        23
    5155      5151        21
    5228      5224        20
    5279      5275        20
    5343      5338        20
    6133      6163        58
    7449      7604        23
    7485      7640        39
    7906      7824        25
    7971      7890        22
    8093      8028        40
    8143      8078        22
    8178      8113        20
    8250      8185        31
    8446      8583       100
    8670      8862        33
    8704      8896        26
    8731      8923        27
    8966      9189        23
    9280      9737        43
    9446      9899        28
    9593     10051        23
    9696     10173        25
    9748     10225        22
    9890     10421        58
    9963     10494        62
   10087     10807        77
   10482     11413        25
   10517     11448        31
   10561     11492        24
   10586     11517        29
   10640     11571        24
   10705     11636        24
   10820     11751        47
   10892     11823        21
   11099     12030        26
   11159     12090        23
   11207     12138        32
   11240     12171        47
   11306     12237        20
   11327     12258        20
   11369     12300        20
   11435     12366        32
   11600     12531        35
   11684     12615        25
   11750     12681        32
   11798     12729        20
   11824     12755        35
   11869     32650        24
   11969     12876        20
   11993     12900        22
   12024     12931        22
   12047     12954        20
   12095     13002        23
   12197     13104        23
   12224     13131        29
   12275     13182        20
   12300     13207        35
   12361     13268        38
   12455     13369        25
   12883     13837        23
   13021     13994        39
   13142     14115        30
   13580     14785        21
   13665     14870        20
   13692     14897        54
   13922     15128        21
   14124     15347        22
   14725     15853        35
   14924     16076        68
   15116     16268        32
   15230     16382        35
   15335     16487        26
   15482     16634        41
   15548     16700        20
   15668     16831        20
   15851     16983        64
   15916     17048        31
   16010     17142        34
   16105     17237        35
   16232     17364        40
   16276     17408        29
   16381     17513        20
   16413     17545        21
   16439     17571        29
   16570     17702        21
   21751     18186        20
   21790     18225        29
   22039     18474        38
   22087     18522        23
   22130     18565        20
   22220     18655        40
   22276     18711        35
   22453     18888        26
   22517     18964        27
   23145     19574        33
   23181     19610        23
   23548     19977        20
   23629     20058        23
   24489     20948        45
   24574     21033        23
   24625     21084        37
   24757     21216        32
   24799     21258        21
   24919     21378        21
   24958     21417        25
   25030     21489        23
   25054     21513        41
   25102     21561        38
   25141     21600        56
   25207     21666        20
   25252     21711        35
   25311     21770        31
   25354     21813        29
   25456     21915        29
   25486     21945        20
   25546     22005        29
   25656     22115        27
   25923     22412        21
   26083     22572        20
   26287     22788        29
   26329     22830        47
   26521     23022        20
   26553     23054        51
   26626     23127        20
   26650     23151        22
   26707     23208        23
   26731     23232        41
   26821     23322        20
   26842     23343        20
   26896     23397        47
   26944     23445        41
   27060     23561        20
   27226     23727        32
   27280     23781        20
   27334     23835        21
   27358     23859        20
   27394     23895        50
   27551     24044        20
   27658     24169        23
   28044     24518        24
   28109     24587        20
   28146     24624        32
   28221     24699        20
   28242     24720        24
   28296     24774        26
   28323     24801        27
   28368     24846        23
   28392     24870        20
   28413     24891        20
   28434     24912        47
   28486     24964        28
   28536     25014        56
   28640     25108        21
   28676     25144        23
   28701     25169        23
   28725     25193        23
   28836     25304        20
   28869     25337        38
   28914     25382        32
   28947     25415        26
   28974     25442        29
   29027     25495        20
   29082     25550        23
   29132     25600        33
   29241     25709        32
   29508     25976        26
   29544     26012        29
   29648     26116        30
   29745     26213        20
   29766     26234        33
   29819     26287        35
   29985     26453        20
   30141     26609        26
   30198     26666        26
   30266     26734        21
   30333     26801        20
   30413     26881        20
   30434     26902        21
   30537     27011        20
   30606     27080        40
   30705     27179        32
   30844     27318        28
   30912     27386        41
   31047     27521        53
   31107     27581        38
   31146     27620        52
   31242     27716        22
   31265     27739        54
   31320     27794        37
   31375     27849        28
   31416     27890        20
   31461     27935        29
   31532     28006        20
   31569     28043        60
   31671     28145        32
   31704     28178        20
   31725     28199        26
   31773     28247        20
   31806     28280        33
   31945     28412        27
   33028     29574        21
   33050     29596        61
   34041     30557        35
   34092     30608        20
   34717     31055        23
   35545     31805        27
   35598     31858        20
   36265     32781        58
   36324     32840        20
   36441     33296        89
   36619     33468        29
   37616     34407        58
   37965     34793        28
   38867     35832        21
   38890     35855        24
   38945     35910        21
   38967     35932        20
   39003     35968        23
   39033     35998        71
   39180     36145        38
   39259     36224        25
   39288     36253        78
   39387     36352        20
   39450     36415        26
   39480     36445        32
   39528     36493        41
   39576     36541        35
   39612     36577        32
   39645     36610        95
   39765     36730        29
   39831     36796       104
   39936     36901        78
   40021     36986        27
   40072     37037        53
   40175     37140        28
   40234     37199        20
   40318     37283        65
   40384     37349        24
   40417     37382        23
   40465     37430        44
   40567     37532        23
   40609     37574        24
   40634     37599        28
   40765     37730        35
   40813     37778        26
   40840     37805        53
   40900     37865        20
   40966     37931        72
   41077     38042        41
   41131     38096        77
   41227     38192        44
   41275     38240        38
   41570     38517        42
   41615     38562        24
   42005     38976        34
   42059     39030        23
   42083     39054        24
   42158     39129        27
   42504     39566        36
   42541     39603        27
   42760     39806        51
   42812     39858        22
   42901     39953        30
   43018     40055        29
   43204     40241        21
   43254     40291        20
   43303     40340        20
   43338     40375        26
   43454     40485        23
   43478     40509        23
   43601     40632        29
   43664     40695        32
   43730     40761        31
   43814     40845        20
   43847     40878        26
   43895     40926        26
   43925     40956        23
   43964     40995        20
   43985     41016        20
   44038     41069        24
   44210     41241        23
   44243     41274        32
   44276     41307        26
   44303     41334        29
   44378     41409        25
   44404     41435        21
   44435     41466        32
   44507     41538        20
   44585     41616        26
   44621     41652        28
   44657     41688        20
   44735     41766        20
   44759     41790        22
   44782     41813        21
   44794     44049        41
   44980     42011        21
   45029     42060        47
   45092     42123        20
   45113     42144        26
   45149     42180        42
   45197     42228        23
   45227     42258        20
   45257     42288        35
   45317     42348        77
   45412     42443        48
   45461     42492        20
   45482     42513        62
   45560     42591       110
   45671     42702        24
   45696     42727        32
   45729     42760        44
   45781     42812        40
   45822     42853        29
   45852     42883        65
   45930     42961        20
   46002     43033        33
   46062     43093        35
   46104     43135        32
   46137     43168        23
   46203     43234        32
   46287     43318        26
   46329     43360        23
   46401     43432        23
   46458     43489        20
   46536     43567        92
   46631     43662        45
   46731     43762        26
   46758     43789        38
   46806     43837        77
   46962     43993        46
   47009     44040        27
   47054     44085        30
   47085     44116        22
   47108     44139        33
   47142     44173        41
   47184     44215        29
   47214     44245        20
   47250     44281        29
   47319     44350        26
   47388     44419        22
   47424     44455        23
   47448     44479        23
   47472     44503        26
   47499     44530        26
   47538     44569        50
   47610     44641        32
   47734     44765        64
   47802     44833        58
   47900     44931        50
   48055     45069        27
   48782     45761        20
   48806     45785        50
   48948     45927        42
   49208     46171        23
   49305     46238        32
   49468     46391        22
   49500     46412        22
   49624     46535        24
   49704     46615        46
   49751     46662        26
   49799     46710        35
   49835     46746        23
   49874     46785        83
   49986     46897        26
   50044     46955        21
   50120     47021        30
   50485     47404        22
   50691     47620        38
   50739     47668        74
   50831     47760        23
   50855     47784        33
   50902     47831        20
   51163     48132        22
   51269     48540        25
   51315     48587        22
   51338     48610        66
   51765     49028        29
   51906     49169        33
   51986     49249        72
   52093     49356        37
   52160     49423        24
   52213     49476        20
   52284     49547        31
   52669     49690        23
   52722     49744        80
   53631     51023        38
   53689     51081        22
   53726     51116        22
   53808     51220        23
   54058     51442        32
   54126     51510        24
   54151     51535        38
   54516     51738        46
   55236     52552        41
   55278     52594        39
   55363     52679        22
   55454     52770        27
   55509     52825        25
   55593     52909        32
   55696     53012        38
   55834     53144        20
   55915     53219        41
   55958     53262        31
   56031     53335        39
   56182     53486        38
   56245     53549        20
   56314     53618        29
   56353     53657        35
   56389     53693        23
   56413     53717        51
   56614     53924        28
   56644     53954        26
   56671     53981        83
   56859     54169        24
   56884     54194        32
   58189     54740        52
   58290     54838        33
   58386     54925        20
   58421     54959        22
   58534     55071        30
   58813     55372        22
   58878     55442        23
   59062     55601        26
   59089     55628        47
   59380     55971        32
   59511     56102        33
   59588     56179        34
   59686     56277        40
   59805     56405        40
   59850     56450        35
   59889     56489        35
   59925     56525        23
   59991     56591        20
   60012     56612        44
   60057     56657        23
   60108     56708        23
   60147     56747        26
   60174     56774        26
   60228     56828        35
   60264     56864        34
   60413     57013        57
   60471     57071        20
   60570     57170        44
   60663     57263        32
   60732     57332        35
   60768     57368        29
   60801     57401        43
   60873     57473        23
   60948     57548        49
   61011     57611        28
   61083     57683        20
   61115     57715        21
   61292     57895        25
   61648     58267        27
   61777     58407        34
   61903     58547        40
   61960     58604        46
   62026     58670        22
   62055     58699        44
   62139     58783        29
   62181     58825        20
   62258     58902        48
   62325     58969        26
   62430     59074        29
   62469     59113        20
   62526     59170        35
   62634     59278        23
   62661     59305        51
   62733     59377        20
   62754     59398        41
   62796     59440        29
   62856     59500        20
   62913     59557        30
   62952     59596        20
   62985     59629        21
   63009     59653        29
   63045     59689        44
   63099     59743        26
   63126     59770        20
   63171     59815        26
   63219     59863        23
   63278     59922        48
   63421     60073        20
   63442     60094        27
   64223     60697        21
   66223     61880        28
   66253     61910        20
   66307     61964        22
   66396     62053        29
   66870     62959        24
   66932     63033        42
   67052     63144        20
   67340     63418        31
   67448     63522        30
   67483     63557        52
   67628     63702        20
   67655     63729        35
   67712     63786        20
   67757     63831        29
   67853     63927        20
   67904     63978        23
   67952     64026        20
   68867     65263        25
   69184     65574        23
   69237     65627        23
   69657     66053        21
   69704     66100        61
   69769     66165        20
   69802     66198        20
   69823     66219        35
   69865     66261        21
   69889     66285        25
   69931     66327        20
   69988     66384        23
   70016     66412        22
   70041     66437        24
   70138     66534        20
   70180     66576        20
   70204     66600        38
   70258     66654        20
   70317     66713        21
   70393     66789        26
   70439     66835        25
   70483     66879        32
   71347     68029        53
   71541     68237        53
   71597     68293        36
   71666     68361        38
   71756     68451        29
   71796     68491        28
   71840     68535        29
   71906     68601        26
   71942     68637        38
   71990     68685        56
   72178     68875        29
   73417     70285        34
   73452     70320        26
   73503     70371        29
   73660     70530        33
   73694     70564        51
   73858     70791        74
   74495     71324        23
   75062     71771        20
   75188     71903        20
   75447     72195        27
   75523     72271        32
   75592     72340        59
   75930     72667        35
   76050     72796        48
   76115     72861        30
   76167     72913        31
   76347     73093        23
   76768     73522        33
   77205     73799        22
   77267     73859        20
   77342     73934        21
   77364     73956        30
   77589     74191        21
   78015     74630        20
   78083     74673        28
   78295     74868        22
   78338     74897        29
   78428     74989        27
   78716     75277        22
   78771     75333        22
   78983     75553        32
   79442     76120        26
   79473     76151        24
   79804     76468        25
   79937     76588        22
   79994     76645        33
   80080     76731        31
   80112     76763        29
   80145     76796        20
   80169     76820        51
   80253     76904        26
   80319     76970        23
   80382     77033        20
   80409     77060        23
   80475     77126        44
   80556     77207        56
   80691     77342        20
   80721     77372        32
   80754     77405        29
   80802     77453        26
   80875     77526        22
   80898     77549        38
   81048     77699        29
   81180     77831        20
   81237     77888        26
   81273     77924        92
   81387     78038        47
   81677     78246        27
   81728     78297        34
   81763     78332        32
   81875     78443        26
   81950     78518        43
   82046     78613        21
   82245     78813        26
   82332     78900        20
   82450     79037        36
   82496     79083        22
   82602     79187        20
   83198     79769        20
   83280     79859        29
   83310     79889        20
   83367     79946        20
   83388     79967        20
   83409     79988        20
   83460     80039        26
   83515     80094        40
   83583     80162        20
   83604     80183        23
   83652     80231        20
   83679     80258        20
   83700     80279        20
   83721     80300        29
   83766     80345        26
   83802     80381        26
   83998     80575        27
   84083     80665        30
   84167     80752        25
   84767     81366        32
   84832     81431        40
   84873     81472        20
   84909     81508        23
   84993     81592        20
   85077     81676        29
   85134     81733        27
   85191     81790        35
   85263     81862        20
   85284     81883        45
   85463    119066        22
   85557     82185        33
   85595     82223        23
   85653     82281        20
   85709     82337        23
   85868     82496        20
   85889     82517        56
   85946     82574        29
   85976     82604        29
   86217     82845        43
   86336     82964        20
   86357     82985        35
   86474     83102        27
   86614     83233        20
   86740     83359        20
   86787     83406        27
   86827     83446        34
   86902     83521        30
   87039     83658        26
   87132     83756        20
   87153     83777        20
   87741     84335        20
   87798     84392        31
   87941     84535        24
   88101     84695        25
   88180     84775        20
   88343     84948        20
   88409     85014        23
   88907     85512        27
   88977     85582        20
   89010     85615        34
   89088     85693        26
   89124     85729        38
   89181     85786        23
   89276     85881        24
   89527     86166        23
   89742     86388        22
   90017     86625        20
   90066     86677        20
   90201     86810        36
   90438     87056        21
   90496     87114        29
   90607     87225        23
   90983     87601        50
   91289     87910        30
   91347     87968        32
   91437     88058        27
   91455     87690        20
   91669     88259        26
   91702     88292        23
   91834     88424        35
   91933     88507        43
   91977     88551        49
   92027     88601        69
   92133     88707        20
   92170     88744        58
   92229     88803       199
   92429     89003        25
   92455     89029        31
   92519     89118       118
   92638     89237        27
   92688     89288        49
   92738     89338        22
   92779     89378        84
   92864     89463        59
   92924     89523       146
   93071     89670        36
   93136     89735        29
   93166     89765       120
   93297     89896        25
   93323     89922        26
   93350     89949        56
   93400     90005       102
   93503     90108        30
   93534     90139        21
   93556     90161        58
   93628     90233        77
   93936     90416        40
   93977     90457       110
   94188     90657        45
   94324     90793        32
   94357     90826        33
   94419     90888        37
   94486     90955        56
   94546     91015        38
   94585     91054        32
   94628     91097        25
   94678     91147        49
   94810     91846        21
   94850     91886        37
   94888     91924        42
   94978     92005        27
   95014     92041        54
   95089     92116        55
   95171     92198        25
   95212     92239        66
   95327     92354        26
   95354     92381        22
   95377     92404        20
   95422     92449        52
   95475     92502        24
   95529     92556        77
   95667     92694        31
   95709     92736        45
   95817     92844        72
   95934     92961        40
   95988     93015        22
   96026     93053        52
   96115     93151        69
   96239     93251        20
   96262     93274        28
   96309     93321        21
   96338     93347        67
   96406     93415        23
   96433     93442        38
   96472     93481        32
   96505     93514        62
   96568     93577        23
   96603     93612       123
   96784     93793        55
   96867     93876        78
   96951     93960        25
   97002     94020        56
   97059     94077        22
   97082     94100        41
   97124     94142        45
   97189     94213        25
   97257     94305        38
   97306     94354        23
   97455     94524        44
   97499     94562        52
   97583     94646        32
   97659     94722        38
   97846     95050        32
   97881     95085        24
   97915     95119        31
   98045     95249        33
   98079     95283        67
   98153     95357        21
   98175     95379        33
   98209     95413        26
   98236     95440        20
   98271     95478        23
   98310     95517        22
   98340     95547        43
   98590     95710        23
   98701     95806        21
   98723     95828        38
   98772     95877        31
   98820     95919        22
   98874     95973        29
   98985     96084        23
   99026     96125        22
   99051     96159        20
   99103     96211        35
   99139     96247        21
   99175     96283        51
   99229     96337        55
   99309     96423        21
   99331     96445        45
   99395     96509        45
   99466     96589        21
   99546     96657        43
   99595     96706        26
   99620     96755        32
   99795     96954        21
   99882     96999        20
   99911     97028        42
   99968     97085        33
  100026     97143        24
  100165     97291        37
  100224     97350        34
  100272     97398        28
  100301     97427        37
  100374     97667        34
  100428     98016        28
  100464     98151        36
  100509     98201        25
  100528     98225        29
  100592     98305        24
  100642     98342        36
  100693     98383        22
  100798     98419       158
  100957     98586        33
  101007     98636        27
  101048     98693        24
  101073     98718        22
  101147     98792        32
  101254     98886        24
  101290     98922        55
  101337     98976        48
  101386     99025        54
  101459     99098        59
  101519     99158        47
  101567     99206        26
  101594     99233        64
  101693     99332        34
  101728     99367        27
  101765     99404        83
  101849     99488        86
  101946     99585       106
  102053     99692        93
  102147     99786       126
  102274     99913       107
  102382    100021        56
  102444    100086        26
  102470    100107        39
  102510    100147        61
  102572    100209        25
  102598    100235        87
  102686    100323        40
  102744    100381        31
  102776    100413        58
  102847    100484        26
  102874    100511        55
  102930    100567        28
  102978    100615       172
  103151    100788        29
  103181    100818        38
  103220    100857        32
  103289    100926       113
  103410    101047        76
  103487    101124        23
  103531    101168        42
  103574    101211        64
  103639    101276        38
  103762    101406        22
  103802    101455        30
  103834    101481        22
  103869    101527        22
  103900    101558        22
  103931    101617        23
  103955    101641       137
  104094    101780        34
  104129    101815        39
  104169    101855        21
  104209    101895        21
  104244    101930        27
  104290    101976        84
  104395    102081        28
  104435    102121        27
  104484    102165        39
  104517    102202        52
  104589    102274        34
  104663    102348        40
  104704    102389        20
  104737    102412        59
  104797    102472        63
  104877    102552        32
  104910    102585        92
  105003    102678       168
  105189    102864       108
  105298    102973        74
  105404    103079        28
  105453    103129        35
  105489    103165        23
  105630    103330        25
  105673    103429        38
  105752    103502        31
  105804    103559        22
  105864    103619        57
  105933    103688        48
  106021    103776        58
  106089    103841        29
  106119    103871        30
  106185    103925        27
  106436    104180        33
  106470    104214        25
  106495    104234        30
  106526    104270        33
  106574    104323        38
  106617    104366        62
  106686    104637        20
  106766    104717        34
  106791    104750        31
  106823    104782        25
  106856    104815        81
  106983    104942        42
  107026    104985        31
  107058    105017        25
  107118    105077       444
  107563    105522       309
  107873    105832       243
  108134    106093       107
  108242    106201       124
  108367    106326        24
  108392    106351        95
  108488    106447        64
  108553    106512       140
  108765    106724        21
  108787    106746        49
  108857    106817        20
  108938    106898        75
  109014    106974        31
  109046    107006        51
  109098    107058        25
  109129    107089        29
  109159    107119        28
  109188    107148        33
  109229    107188        94
  109324    107283        21
  109350    107309        24
  109387    107346        32
  109428    107386        47
  109476    107434        27
  109504    107462        32
  109537    107495        33
  109571    107531       156
  109723    107687        37
  109780    107744       195
  109977    107946        26
  110028    107998        78
  110111    108081        64
  110176    108146        36
  110214    108183        31
  110246    108215        46
  110323    108292        71
  110420    108384        24
  110445    108409        58
  110526    108490        32
  110566    108530        45
  110623    108583       114
  110747    108703        97
  110867    108818        21
  110889    108840        93
  111000    108951        25
  111070     72466        20
  111094    109011        79
  111207    109124        24
  111232    109149       192
  111427    109343        20
  111451    109367       117
  111569    109485        95
  111671    109590       383
  112062    109981       255
  112316    110232        29
  112366    110282       177
  112545    110461        59
  112609    110525        46
  112656    110572        72
  112738    110654       394
  113134    111050        70
  113205    111121        63
  113273    111189        70
  113344    111260       260
  113605    111521       323
  113939    111855        24
  113964    111880        79
  114044    111960        98
  114162    112078        24
  114207    112092        38
  114279    112177        34
  114329    112227       167
  114497    112395        25
  114588    112490        28
  114645    112549        23
  114669    112567        22
  114704    112604        23
  114741    112641        78
  114891    112788        35
  115030    112928        20
  115187    113098        20
  115228    113333        42
  115274    113379        51
  115326    113431        21
  115394    113499        23
  115438    113543        45
  115484    113589        32
  115527    113633        20
  116434    114268        20
  118296    115336        29
  118716    115780        21
  118782    115846        26
  118812    115876        26
  118888    115952        28
  119106    116170        26
  119154    116218        41
  119208    116272        26
  119570    116634        30
  119697    116761        25
  119723    116787        24
  119761    116825        29
  119866    116930        25
  119929    116993        23
  119961    117025        20
  121041    118279        20
  122023    118920        56
  122191    119103        26
  122331    119240        21
  122384    119293        25
  122629    119538        29
  122875    119784        20
  122953    119862        25
  122986    119895        28
  123058    119967        20
  123104    120013        22
  123445    120424        20
  123625    120604        46
  123685    120664        29
  123736    120715        22
  123880    120859        28
  123957    120936        21
  123979    120958        26
  124036    121015        23
  124153    121132        20
  124390    121369        23
  124417    121396        26
  124446    121425        42
  124534    121513        26
  124639    121618        26
  124734    121713        24
  124869    121848        25
  125098    122091        29
  125194    122187        20
  125230    122223        41
  125551    122565        20
  125707    122721        26
  125743    122757        23
  125785    122799        20
  125806    122820        41
  125988    123134        20
  126009    123155        29
  126039    123185        32
  126194    123340        21
  126342    123488        29
  127128    124127        33
  127164    124163        53
  127305    124304        32
  127338    124337        35
  127581    124600        21
  127656    124693        23
  127770    124807        35
  127986    125017        35
  128040    125071        20
  128087    125118        30
  128145    125176        46
  128816    125805        34
  129285    126295        24
  129343    126353        26
  129459    126469        30
  129649    126659        20
  129670    126680        29
  129831    126840        25
  129873    126882        53
  129993    127002        20
  130047    127056        20
  130068    127077        26
  130278    127287        41
  130392    127401        20
  130464    127473        23
  130511    127520        32
  130617    127626        20
  130659    127668        20
  130704    127713        26
  130764    127773        29
  130820    127829        21
  130881    127890        28
  130917    127926        32
  131844    128893        33
  133240    130169        22
  133789    130805        23
  137011    133886        20
  137918    134521        20
  137949    134553        32
  137982    134586        45
  138048    134652        23
  138118    134722        21
  138140    134744        51
  138195    134799        42
  138258    135056        20
  138415    135226        20
  138539    135351        35
  138646    135455        78
  138738    135547        23
  138774    135585        22
  138797    135602        23
  138849    135656        28
  138943    135754        25
  138969    135780       167
  139152    135963        34
  139220    136044        38
  139279    136072        24
  139323    136116        98
  139422    136215        79
  139502    136295        24
  139537    136330       323
  139861    136654       260
  140122    136915        70
  140197    136990        63
  140261    137054        70
  140333    137126       394
  140737    137530        72
  140810    137603        46
  140861    137654        59
  140922    137715       177
  141120    137913        29
  141148    137938       255
  141411    138201       383
  141801    138594        95
  141897    138690       117
  142018    138811        20
  142041    138833       192
  142234    139026        24
  142292    139084        79
  142440    139198        25
  142483    139241        93
  142577    139335        21
  142621    139374        97
  142728    139477       114
  142854    139599        45
  142907    139652        32
  142962    139707        58
  143021    139766        24
  143071    139811        71
  143173    139913        46
  143220    139960        31
  143253    139992        36
  143290    140029        64
  143359    140098        78
  143462    140202        26
  143490    140235       195
  143705    140450        37
  143738    140487       156
  143895    140646        33
  143929    140680        32
  143962    140713        27
  143990    140741        47
  144046    140796        32
  144091    140841        24
  144120    140870        21
  144142    140892        94
  144244    140993        33
  144278    141027        28
  144307    141056        29
  144342    141091        25
  144368    141117        51
  144420    141169        31
  144452    141201        75
  144588    141337        20
  144629    141379        49
  144679    141429        21
  144772    141522       140
  144913    141663        64
  144978    141728        95
  145074    141824        24
  145099    141849       124
  145224    141974       107
  145349    142099       243
  145593    142343       309
  145903    142653       444
  146382    143132        25
  146408    143158        31
  146440    143190        42
  146528    143278        81
  146617    143367        25
  146643    143393        31
  146665    143423        34
  146759    143517        20
  146786    143746        62
  146853    143813        38
  146906    143871        33
  146940    143910        30
  146970    143935        25
  146996    143961        33
  147253    144222        27
  147316    144273        30
  147347    144304        29
  147386    144340        58
  147484    144438        48
  147544    144498        57
  147639    144593        22
  147682    144641        31
  147754    144707        38
  147810    144819        25
  147953    144986        23
  147977    145010        35
  148033    145067        28
  148093    145127        74
  148168    145202       108
  148294    145328       168
  148463    145497        92
  148556    145590        32
  148605    145639        63
  148669    145703        59
  148741    145765        20
  148762    145786        40
  148842    145866        34
  148896    145920        52
  148942    145970        39
  149003    146026        27
  149042    146065        28
  149091    146114        84
  149194    146217        27
  149235    146258        21
  149275    146298        21
  149297    146320        39
  149337    146360        34
  149373    146396       137
  149511    146534        23
  149543    146594        22
  149574    146625        22
  149609    146671        22
  149633    146689        30
  149681    146746        22
  149788    146860        38
  149827    146899        64
  149892    146964        42
  149955    147027        23
  149979    147051        76
  150063    147135       113
  150213    147285        32
  150246    147318        38
  150285    147357        29
  150315    147387       172
  150507    147579        28
  150536    147608        55
  150592    147664        26
  150631    147703        58
  150690    147762        31
  150739    147811        40
  150780    147852        87
  150868    147940        25
  150894    147966        61
  150956    148028        39
  150995    148062        26
  151027    148097        56
  151084    148154       107
  151192    148262       126
  151319    148389        93
  151413    148483       106
  151530    148600        86
  151617    148687        83
  151710    148780        27
  151738    148808        34
  151807    148877        64
  151872    148942        26
  151899    148969        47
  151947    149017        59
  152025    149095        54
  152080    149150        48
  152120    149197        55
  152187    149264        24
  152286    149350        32
  152370    149434        22
  152393    149457        24
  152431    149511        27
  152475    149555        33
  152509    149597       158
  152750    149769        22
  152787    149796        36
  152849    149845        24
  152908    149920        29
  152931    149948        25
  152965    149987        36
  153009    150130        28
  153057    150473        34
  153127    150710        37
  153165    150748        28
  153207    150790        34
  153263    150846        37
  153415    151007        24
  153464    151056        33
  153512    151104        42
  153563    151155        20
  153649    151199        21
  153813    151387        32
  153844    151442        26
  153876    151474        43
  153978    151564        21
  154025    151620        45
  154089    151684        45
  154135    151730        21
  154181    151782        55
  154239    151840        51
  154305    151906        21
  154327    151928        35
  154394    151995        20
  154417    152027        22
  154457    152067        23
  154562    152172        29
  154623    152233        22
  154662    152266        31
  154704    152308        38
  154743    152347        21
  154852    152441        23
  155082    152584        43
  155133    152635        22
  155171    152673        23
  155209    152714        20
  155230    152735        26
  155257    152762        33
  155291    152796        21
  155319    152824        67
  155387    152892        33
  155519    153024        31
  155560    153065        24
  155587    153092        32
  155768    153414        38
  155850    153496        32
  155914    153560        52
  155966    153606        44
  156136    153797        23
  156170    153831        38
  156251    153936        25
  156296    153987        45
  156342    154033        41
  156384    154075        22
  156407    154098        56
  156489    154189        25
  156520    154220        78
  156626    154326        55
  156739    154439       123
  156874    154574        23
  156898    154598        62
  156961    154661        32
  156994    154694        38
  157036    154736        23
  157060    154760        67
  157135    154832        21
  157175    154872        28
  157206    154903        20
  157281    154954        69
  157387    155069        52
  157455    155137        22
  157491    155173        40
  157576    155258        72
  157711    155393        45
  157767    155449        31
  157859    155541        77
  157966    155648        24
  157991    155673        52
  158068    155750        20
  158089    155771        22
  158112    155794        26
  158187    155869        66
  158269    155951        25
  158321    156003        55
  158397    156079        54
  158460    156142        27
  158535    156208        42
  158578    156251        37
  158634    156307        21
  158738    156978        49
  158812    157052        25
  158848    157088        32
  158881    157121        38
  158923    157163        56
  159009    157249        37
  159075    157315        33
  159109    157349        32
  159232    157472        45
  159378    157607       110
  159489    157718        40
  159760    157864        77
  159851    157955        58
  159910    158014        21
  159932    158036        30
  159963    158067       102
  160059    158169        56
  160116    158226        26
  160143    158253        25
  160179    158289       120
  160300    158410        29
  160358    158468        36
  160395    158505       146
  160542    158652        59
  160602    158712        84
  160705    158814        22
  160728    158837        49
  160800    158910        27
  160828    158938       118
  160979    159114        31
  161011    159146        25
  161037    159172       199
  161237    159372        58
  161312    159447        20
  161369    159504        69
  161439    159574        49
  161489    159624        43
