> gi|490345002|gb|KC427271.1|
      51    114419        27
     369       104        26
     506       241        24
     591       326        20
     888       623        20
     933       668        37
     990       725        20
    1127       862        33
    1566      1253        29
    4098      3613        42
   18383     24530        24
   18773     24920        20
   18830     24977        23
   26146     31023        28
   27471     32284        21
   27849     32662        20
   28059     32872        23
   28137     32950        32
   28582     33395        22
   29034     33774        34
   29276     34019        60
   29390     34124        22
   30040     34703        30
   31776      5442        20
   32175      5841        26
   32268      5934        20
   32487      6153        20
   32518      6184        23
   32728      6394        29
   33424      7090        20
   33637      7303        20
   33850      7516        20
   33978      4589        27
   34150      7608        34
   35086      8294        24
   35111      8319        20
   35346      8480        46
   36231      9390        32
   36483      9642        32
   36632      9791        24
   37146     10305        28
   37314     10473        26
   37361     12740        21
   37365     10524        20
   37692     10851        31
   38088     11247        20
   38127     11286        29
   38234     11389        34
   38422     11577        29
   38475     11630        20
   38593     11748        20
   38959     12114        29
   39022     12177        23
   39946     13101        23
   40338     13493        24
   41316     14195        34
   42319     62855        20
   43998     16096        28
   45326     37083        60
   46110     37651        31
   46407     37861        27
   46779     38026        55
   49954     38538        28
   50546     39080        22
   51652     40101        41
   51694     40143        32
   51865     40314        20
   52135     40584        29
   52183     40632        23
   52207     40656        20
   52297     40746        20
   52384     40833        23
   52559     41008        25
   52683     41132        24
   53704     41845        21
   53757     41898        26
   53925     42066        20
   54003     42144        26
   54228     42369        23
   54252     42393        23
   54500     42641        24
   54549     42690        26
   54744     42885        26
   55021     43162        25
   58777     44522        20
   64274     48608        20
   64276     96523        20
   64519     48786        23
   64545     48812        29
   64574     48842        21
   70307     54127        23
   70373     54193        20
   71594     55414        20
   72005     55815        25
   73675     57384        23
   73771     57480        20
   74360     58038        23
   75077     58727        24
   75330     58980        23
   78607     61960        25
   79299     62661        20
   80418     63539        27
   84085     66928        20
   84106     66949        26
   87735     70381        22
   89331     72214        22
   91318     74543        31
   91358     74583        34
   94615     75320        22
   94809     75514        28
   95535     76203        32
   95578     76246        32
   95688     76356        22
   95715     76383        35
   97594     77259        22
   97839     77451        34
   97890     77502        43
   97934     77546        38
   97978     77590        29
   98008     77620        22
   98135     77748       110
   98324     77937        51
   98469     78082        47
   98518     78131        20
   98559     78172        49
   98609     78222        35
   98647     78260       122
   98770     78383        36
   98855     78468        41
   98897     78510        35
   98985     78598        22
   99008     78621        22
   99121     78734        30
   99152     78765        41
   99200     78813        31
   99294     78907        75
   99669     79245        22
   99716     79292        36
   99781     79354        21
   99844     79417        35
   99937     79513        27
   99987     79563        21
  100049     79630        34
  100344     80024        24
  100372     80052        30
  100457     80137        43
  100569     80256        50
  100675     80362        21
  100804     80482        22
  100832     80510        22
  100876     80554        42
  100919     80597        21
  100988     80668        26
  101114     80792        31
  101302     80929        38
  101341     80968        53
  101428     81056        35
  101542     81146        21
  101636     81246        27
  101677     81287        25
  101709     81318        36
  101747     81356        25
  101818     81427        58
  101877     81507        25
  101992     81622       106
  102115     81745        34
  102192     81823        21
  102214     81845        23
  102259     81890        79
  102351     81982        23
  102377     82008        98
  102476     82108        25
  102641     82255        28
  102688     82302        56
  102781     82395        27
  102816     82430        22
  102885     82499        86
  102972     82586        36
  103009     82623        33
  103046     82660        41
  103088     82702        21
  103135     82755        21
  103177     82797        26
  103207     82827        24
  103232     82852        41
  103274     82894       101
  103370     82995       107
  103478     83103        26
  103506     83131        32
  103539     83164        25
  103572     83197        20
  103635     83260        70
  103786     83411        24
  103844     83469        92
  103959     83584       146
  104106     83731        54
  104166     83791        88
  104256     83881        26
  104301     83926        33
  104345     83970        32
  104524     84131        30
  104583     84190        24
  104620     84227        20
  104888     84470        22
  105238     84780        21
  105260     84802        53
  105814     96546        27
  119689     86681        20
  120593     87484        30
  125633     85145        27
  126161     96863        53
  126215     96917        21
  126564     97226        22
  126834     97471        20
  126867     97504        24
  126920     97557        30
  127097     97716        32
  127140     97759        33
  127192     97811        26
  127220     97839        88
  127314     97933        54
  127369     97988       146
  127538     98157        92
  127664     98283        24
  127769     98388        70
  127882     98501        20
  127910     98529        25
  127936     98555        32
  127970     98589        26
  127997     98616       107
  128099     98723       101
  128201     98825        41
  128243     98867        24
  128271     98895        26
  128318     98942        21
  128365     98995        21
  128387     99017        41
  128432     99062        33
  128466     99096        36
  128503     99133        86
  128636     99266        22
  128666     99296        27
  128730     99360        56
  128805     99435        28
  128973     99585        25
  128999     99612        98
  129100     99713        23
  129136     99749        79
  129237     99850        23
  129261     99874        21
  129325     99939        34
  129376     99990       106
  129572    100186        25
  129598    100233        58
  129702    100337        25
  129729    100364        36
  129772    100406        25
  129811    100445        27
  129911    100551        21
  130011    100627        35
  130080    100697        53
  130134    100751        38
  130329    100895        31
  130460    101024        26
  130534    101100        21
  130556    101122        42
  130620    101186        22
  130648    101214        22
  130778    101335        21
  130855    101412        50
  130974    101538        43
  131072    101636        30
  131106    101670        24
  131391    102054        34
  131466    102134        21
  131510    102178        27
  131595    102266        35
  131672    102343        21
  131722    102390        36
  131783    102451        22
  132124    102755        56
  132243    102874        31
  132281    102912        41
  132323    102954        30
  132444    103075        22
  132467    103098        22
  132542    103173        35
  132578    103209        41
  132668    103299        36
  132705    103336       122
  132830    103461        35
  132866    103497        49
  132936    103567        20
  132958    103589        47
  133099    103730        51
  133229    103860       110
  133444    104076        22
  133467    104099        29
  133509    104141        31
  133541    104173        43
  133601    104233        34
  133858    104437        22
  135754    105300        35
  135794    105340        22
  135894    105440        32
  135937    105483        32
  136667    106176        28
  136867    106376        22
  140119    107101        34
  140162    107144        31
  142158    109482        22
  143754    111315        22
  147379    114743        26
  147406    114770        20
