> gi|589387930|gb|KJ001129.1|
     239       684        25
     353       798        23
     380       825        26
     470       915        23
     494       939        74
     569      1014        20
     704      1149        29
     734      1179       107
     893      1338        26
     959      1404        20
    1016      1461        35
    1124      1569        34
    1377      1849        51
    2794      3260        26
    3893      4387        29
    4691      5454        22
    4767      5530        23
    5111      5913        22
    5576      6395        25
    6663      7925        28
    6711      7973        28
    7240      8498        33
    7901      9205        31
    7941      9245        21
    7963      9267        24
    8986     37097        35
    9076     37187        23
    9109     37220        29
    9223     37334        20
    9253     37364        24
    9304     37415        26
    9369     37480        39
    9409     37520        29
    9499     37610        20
    9538     37649        29
    9583     37694        23
    9706     37817        20
    9727     37838        23
    9751     37862        29
    9781     37892        39
    9907     38018        38
    9946     38057        26
   10021     38132        26
   10048     38159        27
   10085     38196        20
   10172     38283        59
   10232     38343        35
   10412     38523        26
   10454     38565        87
   10565     38676        23
   10589     38700        26
   10637     38748        26
   10760     38871        20
   10820     38931        23
   10931     39042        35
   11024     39135        20
   11072     39183        20
   11151     39262        37
   11219     39330        20
   11240     39351        23
   11264     39375        29
   11300     39411        21
   11463     39684        21
   11583     39804        36
   11622     39848        40
   12018     40289        20
   12039     40310        20
   12091     40362        34
   12132     40403        33
   13040     41466        28
   15888     35401        21
   15924     35437        25
   38412     41604        20
   38623     41809        20
   38728     41905        23
   39033     42185        41
   39093     42245        47
   39153     42305        80
   39270     42422        29
   39300     42452        32
   39357     42509        20
   39378     42530        47
   39456     42608        20
   39588     42740        32
   39762     42914        35
   39822     42974        23
   39933     43085        29
   39993     43145        20
   40071     43223        20
   40092     43244        35
   40128     43280        23
   40164     43316        35
   40236     43388        29
   40313     43465        30
   40325     45701        21
   40467     43619        20
   40527     43679        26
   40584     43736        23
   40623     43775        32
   40701     43853        20
   40872     44024        26
   40944     44096        41
   41034     44186        20
   41055     44207        23
   41082     44234        29
   41112     44264        38
   41164     44316        29
   41194     44346        20
   41215     44367        32
   41265     44417        21
   41362     44514        20
   41440     44592        20
   41461     44613        20
   41605     44757        26
   41635     44787        38
   41860     45012        29
   42037     45189        20
   42067     45219        20
   42181     45333        44
   42393     45545        33
   42505     45657        20
   42646     45798        20
   42691     45843        20
   42715     45867        29
   42772     45924        29
   42811     45963        28
   42868     46020        20
   42913     46065        29
   42964     46116        20
   42985     46137        41
   43057     46209        29
   43117     46269        25
   43143     46295        24
   43276     46428        53
   43333     46485        30
   43410     46562        37
   43448     46600        21
   43614     46764        29
   43962     47174        21
   44134     47408        24
   44245     47524        40
   44418     47720        26
   44477     47776        34
   44565     47867        23
   44919     48235        63
   45058     48374        31
   45090     48406        25
   45136     48452        32
   45230     48545        23
   45763     49058        24
   46653     50259        28
   46682     50288        38
   47244     50881        33
   47299     50936        23
   47323     50960        36
   47422     51059        23
   47933     51615        38
   48824     52530        21
   48863     52569        29
   48893     52599        21
   48957     52665        40
   49354     53005        20
   49776     53457        59
   50672     54630        21
   50727     54685        58
   50799     54757        24
   50829     54787        23
   51227     55234        29
   51368     55375        23
   51413     55420        20
   51512     55519        53
   51644     55657        20
   51742     55767        34
   51779     55804        25
   51868     55893        23
   51949     55974        20
   52013     56038        20
   53029     56594        36
   53669     57265        20
   53867     57463        72
   54092     57767        22
   54379     58051        29
   54528     58200        20
   54558     58230        20
   54675     58347        23
   54744     58416        23
   54783     58455        29
   55007     58679        24
   55166     58838        27
   55194     58866        35
   55320     58992        23
   55350     59022        23
   55545     59217        23
   55667     59339        36
   55710     59382        41
   55767     59439        20
   56711     60419        50
   56762     60470        20
   56840     60548        20
   56963     60671        35
   57074     60782        38
   57134     60842        21
   57332     61040        23
   57440     61148        29
   57470     61178        26
   57536     61244        20
   57629     61337        21
   57872     61580        20
   57908     61616        29
   57971     61679        23
   58022     61730        20
   59891     65333        21
   60082     65524        22
   60351     65793        20
   60417     65856        31
   61096     66717        20
   61971     67600        32
   62062     67691        23
   62088     67717        20
   62240     67869        24
   62343     67972        20
   62550     68179        20
   62655     68284        26
   63862     69546        22
   64020     69718        41
   64071     69769        24
   64104     69802        22
   64156     69854        23
   64283     69980        26
   64418     70115        20
   64439     70136        26
   64466     70163        47
   65752     71568        35
   66024     71845        29
   66261     72098        48
   66310     72147        30
   66461     72349        28
   66490     72378        53
   66633     72512        21
   67501     73440        26
   68130     73893        29
   68160     73923        24
   68218     73981        21
   68780     74499        21
   68847     74566        23
   69245     75044        33
   69724     75568        27
   70121     75928        26
   70475     76931        20
   70617     77920        22
   71144     78429        44
   71192     78477        20
   71283     78568        22
   71348     78633        32
   71412     78697        25
   71456     78741        20
   71573     78858        21
   71615     78900        23
   71654     78939        29
   71697     78982        22
   71720     79005        26
   71795     79080        29
   71825     79110        23
   71999     79284        28
   72104     79389        32
   72155     79443        20
   72239     79527        35
   72353     79641        23
   72440     79728        20
   72491     79779        20
   72557     79845        41
   72629     79917        21
   72841     80145        29
   73039     80355        21
   73088     80404        20
   73237     80554        24
   73548     80855        21
   73587     80894        24
   74409     81719        31
   74444     81754        20
   74471     81781        23
   74507     81817        20
   74528     81838        21
   74645     81955        38
   74699     82009        38
   74840     82150        29
   74955     82265        22
   74996     82306        29
   75026     82336        20
   75248     82578        25
   75529     82856        23
   75931     83158        25
   75992     83219        23
   76103     83330        35
   76352     83579        26
   76430     83657        20
   77344     84544        23
   77416     84616        32
   77524     84724        29
   77651     84851        25
   79518     33049        20
   79625     86723        20
   79847     86945        20
   80403     87525        20
   80454     87576        26
   80544     87672        42
   80862     88025        27
   81571     88710        32
   82435     89529        24
   83647     90513        22
   83776     90642        26
   83803     90669        39
   83902     90768        50
   83966     90832        65
   84045     90913        35
   84168     91050        22
   84194     91076        28
   84232     91114        34
   84267     91149        61
   84394     91281        46
   84458     91345        26
   84485     91372        23
   84509     91396        41
   84552     91439        23
   84599     91486        22
   84622     91509        75
   84727     91614        41
   84769     91656        78
   84892     91779        25
   84918     91805        20
   84972     91859        33
   85106     91993        25
   85132     92019        37
   85170     92057        26
   85244     92131        26
   85457     92339        22
   85571     92449        45
   85807     97189        33
   85982     97358        29
   86045     97421        24
   86086     97471        35
   86122     97507        22
   86390     98174        22
   86571     98361        30
   86736     98520        28
   86991     98788        29
   87111     99954        39
   88094    100052        80
   88195    100153        29
   88386    100318        29
   88589    100530        25
   88606    100554        24
   88631    100579        26
   88657    100603        36
   88710    100652        28
   88780    100723        43
   88826    100769        58
   88887    100830        20
   88908    100851        24
   88933    100876        22
   88956    100899        39
   89086    101029        56
   89143    101086        99
   89243    101186        46
   89305    101248        37
   89343    101286        66
   89437    101380        62
   89500    101443        27
   89543    101486        42
   89586    101529        29
   89614    101558        34
   89688    101620        30
   89753    101686        35
   89789    101722        33
   89842    101775        22
   89875    101807        34
   89910    101842        21
   89965    101897        27
   90005    101937        65
   90224    102135        21
   90246    102157        27
   90288    102199        55
   90350    102261        20
   90377    102288        53
   90431    102342        40
   90506    102417        53
   90575    102486        42
   90618    102529        49
   90676    102587        37
   90714    102625        25
   90740    102651        26
   90782    102693        29
   90822    102733        76
   90929    102840        87
   91050    102970        44
   91106    103026        22
   91134    103054        21
   91221    103133        40
   91279    103195        28
   91308    103224        31
   91363    103279        20
   91402    103318        23
   91442    103358        26
   91560    103473        21
   91583    103496        39
   91635    103548        29
   91686    103599        22
   91709    103622        23
   91737    103650        35
   91773    103686        37
   91825    103730        45
   91871    103776        52
   91939    103844        62
   92080    103980        46
   92140    104040        31
   92219    104120        57
   92280    104181        23
   92324    104225        85
   92418    104319        24
   92448    104349        34
   92495    104396        35
   92531    104432        35
   92567    104468        32
   92629    104530        22
   92654    104555        61
   92715    104621        22
   92967    104705        25
   93116    104837        20
   93192    104913        22
   93245    104972        20
   93270    104996        37
   93357    105084        25
   93472    105146        22
   93502    105176        21
   93537    105211        22
   93775    105454        20
   93913    105589        24
   93948    105624        31
   94000    105677        21
   94068    105745        21
   94118    105796        22
   94143    105820        32
   94203    105880        33
   94341    106049        83
   94545    106249        27
   94581    106286        26
   94615    106320        94
   94710    106415        25
   94736    106441        46
   94794    106499        34
   94839    106544        70
   94910    106615       116
   95084    106789        41
   95126    106831        59
   95186    106891       105
   95294    106999        77
   95385    107090        37
   95433    107138       188
   95622    107327        67
   95690    107395        34
   95785    107491        48
   95834    107540        20
   95873    107579        27
   95901    107607        25
   95927    107633        41
   95969    107675        37
   96074    107779        75
   96161    107860        22
   96230    107929        20
   96444    108114       115
   96561    108231        38
   96630    108296        46
   96701    108367        27
   96730    108395        47
   96848    108518        28
   96895    108565        33
   96921    108592        21
   97025    108696        33
   97117    108790        26
   97145    108818        26
   97185    108858        45
   97336    109010        46
   97383    109057        28
   97419    109093        61
   97483    109157        26
   97534    109207        65
   97619    109292        53
   97682    109355        34
   97735    109406        54
   97791    109462        26
   97829    109498        21
   97869    109538        41
   97911    109580        24
   97947    109616        39
   98021    109691        21
   98062    109732        36
   98099    109769        23
   98162    109824        27
   98192    109854        22
   98210    109876        24
   98241    109905       106
   98373    110035        47
   98530    110199        21
   98585    110254        40
   98638    110307        23
   98718    110386        52
   98771    110439        89
   98861    110529        20
   98906    110574        30
   98937    110605        61
   98999    110667        29
   99029    110697        20
   99100    110765        20
   99130    110794        65
   99195    110854        42
   99238    110897        60
   99311    110970       156
   99472    111131        44
   99518    111177        52
   99571    111230        67
   99648    111307        37
   99686    111345        32
   99727    111386        43
   99776    111435        37
   99831    111490        36
   99868    111527        31
   99931    111571        22
   99960    111600        26
  100017    111657        39
  100077    111717        46
  100198    111773        25
  100224    111795        68
  100305    111863        85
  100398    111955       124
  100536    112093       128
  100665    112222        70
  100736    112293        49
  100786    112343        35
  100822    112379        27
  100875    112433        96
  100978    112536        39
  101033    112591       101
  101136    112694        50
  101197    112755        30
  101228    112786       138
  101367    112925        30
  101418    112976        34
  101467    113026        31
  101515    113074        21
  101576    113145        50
  101692    113262        20
  101775    113370        22
  101855    113454        62
  101918    113517        51
  101989    113588        23
  102161    113748        20
  102229    113816        23
  102249    113837        76
  102363    113945        31
  102446    114395        43
  102567    114508        89
  102755    114696        29
  102787    114728        20
  103060    114992        29
  105974    117143        23
  106112    117281        41
  106184    117353        26
  106349    117518        29
  106530    117699        22
  106981    118150        22
  108980    120584        31
  109013    120617        31
  109900    121501        29
  110748    122464        23
  110839    122555        26
  110866    122582        32
  110922    122638        21
  111292    123008        28
  111388    123104        20
  111409    123125        20
  111774    123490        22
  111999    123728        20
  112077    123806        23
  112687    124176        23
  112797    124286        24
  113574    125118        23
  114110    125785        20
  114293    125968        23
  114533    126213        21
  114650    126314        26
  114947    126611        20
  116181    127878        24
  116218    127915        20
  116541    128238        24
  116698    128398        24
  116789    128489        20
  117056    128756        26
  117110    128810        32
  117184    128884        24
  117374    129074        20
  117659    129359        23
  117701    129401        26
  117806    129506        23
  117839    129539        26
  118210    129885        20
  118231    129906        25
  118716    130475        28
  119394    136022        29
  119676    136295        20
  119699    136318        29
  119827    136446        89
  119994    136605        43
  120089    137067        31
  120158    137130        76
  120231    137204        23
  120302    137275        20
  120471    137432        23
  120514    137475        51
  120566    137527        62
  120686    137651        22
  120771    137761        20
  120857    137848        50
  120947    137948        21
  120985    137986        31
  121031    138033        34
  121086    138088        30
  121117    138119       138
  121256    138258        30
  121297    138299        50
  121349    138351       101
  121466    138468        39
  121512    138514        96
  121634    138637        27
  121662    138665        35
  121698    138701        49
  121748    138751        70
  121819    138822       128
  121961    138964       124
  122093    139095        85
  122191    139180        68
  122260    139245        25
  122360    139280        46
  122427    139347        39
  122497    139417        26
  122530    139450        22
  122584    139485        31
  122616    139517        36
  122670    139571        37
  122713    139614        43
  122765    139666        32
  122798    139699        37
  122845    139746        67
  122913    139814        52
  122967    139868        44
  123016    139917       156
  123185    140086        60
  123246    140147        42
  123288    140184        65
  123363    140258        20
  123434    140326        20
  123455    140347        29
  123485    140377        61
  123547    140439        30
  123602    140494        20
  123623    140515        89
  123713    140605        52
  123822    140713        23
  123858    140749        40
  123932    140823        21
  124063    140961        47
  124136    141032       106
  124249    141143        24
  124269    141167        22
  124294    141192        27
  124361    141251        23
  124385    141275        36
  124441    141331        21
  124497    141388        39
  124548    141439        24
  124573    141464        41
  124633    141524        21
  124666    141555        26
  124694    141583        54
  124767    141654        34
  124811    141698        53
  124884    141771        65
  124974    141860        26
  125003    141889        61
  125072    141958        28
  125101    141987        46
  125253    142140        45
  125312    142199        26
  125340    142227        26
  125425    142314        33
  125541    142430        21
  125555    142445        33
  125607    142497        28
  125706    142601        47
  125755    142649        27
  125807    142701        46
  125884    142774        38
  125924    142814       115
  126233    143094        20
  126300    143161        22
  126334    143189        75
  126477    143331        37
  126515    143369        41
  126557    143411        25
  126583    143437        27
  126629    143483        20
  126650    143504        48
  126759    143614        34
  126794    143649        67
  126862    143717       188
  127061    143916        37
  127112    143967        77
  127192    144047       105
  127298    144153        59
  127358    144213        41
  127457    144312       116
  127574    144429        70
  127655    144510        34
  127701    144556        46
  127748    144603        25
  127774    144629        94
  127876    144731        26
  127911    144767        27
  128059    144911        83
  128247    145130        33
  128308    145191        32
  128343    145225        22
  128394    145277        21
  128462    145345        21
  128504    145388        31
  128546    145430        24
  128688    145569        20
  128924    145810        22
  128960    145846        21
  128989    145875        22
  129101    145934        25
  129176    146010        37
  129218    146051        20
  129269    146108        22
  129347    146186        20
  129491    146313        25
  129746    146400        22
  129768    146427        61
  129832    146491        22
  129884    146543        32
  129917    146576        35
  129953    146612        35
  130001    146660        34
  130041    146700        24
  130074    146733        85
  130180    146839        23
  130207    146866        57
  130312    146972        31
  130357    147017        46
  130482    147137        62
  130560    147215        52
  130613    147268        45
  130673    147320        37
  130711    147358        35
  130751    147398        23
  130775    147422        22
  130819    147466        29
  130861    147508        39
  130902    147549        21
  131015    147659        26
  131058    147702        23
  131100    147744        20
  131144    147788        31
  131176    147820        28
  131222    147870        40
  131328    147968        21
  131355    147995        22
  131389    148029        44
  131467    148116        87
  131585    148234        76
  131672    148321        29
  131717    148366        26
  131744    148393        25
  131770    148419        37
  131816    148465        49
  131866    148515        42
  131924    148573        53
  132012    148661        40
  132053    148702        53
  132113    148762        20
  132140    148789        55
  132210    148859        27
  132238    148887        21
  132413    149041        65
  132491    149119        27
  132552    149180        21
  132574    149202        34
  132619    149246        22
  132661    149288        33
  132695    149322        35
  132765    149393        30
  132835    149451        34
  132868    149485        29
  132898    149515        42
  132956    149573        27
  132984    149601        62
  133074    149691        66
  133141    149758        37
  133194    149811        46
  133241    149858        99
  133341    149958        56
  133488    150105        39
  133528    150145        22
  133551    150168        24
  133576    150193        20
  133599    150216        58
  133660    150277        43
  133745    150363        28
  133790    150404        36
  133826    150438        26
  133853    150465        24
  133869    150488        25
  134068    150696        29
  134259    150861        29
  134309    150911        80
  135333    151050        39
  135463    152226        29
  135719    152495        28
  135882    152652        30
  136071    152847        22
  136339    153514        22
  136362    153537        35
  136414    153598        24
  136472    153656        29
  136643    153821        33
  136867    158549        45
  137004    158682        22
  137213    158886        26
  137287    158960        26
  137314    158987        37
  137352    159025        25
  137478    159151        33
  137545    159218        20
  137566    159239        25
  137636    159309        78
  137715    159388        41
  137786    159459        75
  137862    159535        22
  137908    159581        23
  137933    159606        41
  137975    159648        23
  137999    159672        26
  138043    159716        46
  138155    159833        61
  138217    159895        34
  138261    159939        28
  138293    159971        22
  138403    160095        35
  138452    160146        65
  138531    160225        50
  138641    160335        39
  138681    160375        26
  138814    160508        22
  138955        13        81
