> gi|442566734|gb|KC180776.1|
     118       562        24
     227       671        53
     284       728        23
     308       752        20
     331       775        21
     353       797        26
     380       824        26
     449       893        20
     470       914        59
     530       974        20
     569      1013        20
     691      1135        42
     734      1178        41
     776      1220        37
     893      1337        23
     917      1361        25
     959      1403        29
    1016      1460        38
    1124      1568        29
    1377      1869        51
    1468      1958        26
    2359      2847        20
    2628      3119        20
    3892      4422        30
    4547      5074        21
    4633      5160        20
    4660      5187        23
    4684      5211        29
    5111      5664        22
    5545      6098        44
    6665      7533        27
    6712      7580        28
    7235      8109        39
    7668      8522        21
    7903      8782        30
    7942      8821        21
    7964      8843        28
    8600     34894        24
    8971     35759        37
    9064     35852        20
    9163     35951        20
    9289     36077        26
    9354     36142        39
    9394     36182        29
    9484     36272        20
    9568     36356        32
    9664     36452        20
    9691     36479        44
    9742     36530        23
    9766     36554        39
    9820     36608        21
    9856     36644        41
    9898     36686        29
    9928     36716        23
   10006     36794        26
   10033     36821        27
   10063     36851        30
   10157     36945        59
   10223     37011        29
   10268     37056        23
   10331     37119        21
   10409     37197        62
   10472     37260        23
   10496     37284        30
   10574     37362        26
   10616     37404        29
   10745     37533        20
   10805     37593        22
   10862     37650        20
   10913     37701        23
   10937     37725        26
   11045     37833        32
   11090     37878        20
   11228     38016        20
   11249     38037        29
   11285     38073        20
   11568     38443        35
   11607     38487        28
   12024     38903        20
   12129     39008        21
   12998     40145        28
   15840     34285        26
   15881     34326        25
   38338     40287        22
   38494     40435        23
   38656     40588        23
   38697     40629        27
   38960     40862        26
   39035     40937        32
   39074     40976        32
   39107     41009        53
   39188     41090        31
   39227     41129        32
   39284     41186        47
   39332     41234        38
   39383     41285        20
   39689     41591        44
   39749     41651        23
   39836     41738        71
   39926     41828        29
   39965     41867        20
   39998     41900        20
   40019     41921        23
   40091     41993        35
   40170     42072        22
   40240     42142        21
   40301     42203        20
   40385     42287        29
   40460     42362        20
   40520     42422        23
   40550     42452        32
   40628     42530        25
   40712     42614        26
   40799     42701        26
   40826     42728        20
   40871     42773        41
   40961     42863        38
   41018     42920        59
   41091     42993        29
   41121     43023        20
   41154     43056        61
   41216     43118        27
   41289     43191        20
   41360     43262        66
   41532     43434        23
   41559     43461        35
   41664     43566        23
   41787     43689        23
   41994     43896        20
   42036     43938        23
   42096     43998        38
   42219     44121        26
   42314     44216        39
   42432     44334        20
   42618     44520        20
   42738     44640        28
   42795     44697        29
   42834     44736        35
   42891     44793        38
   42930     44832        23
   42969     44871        20
   43062     44964        32
   43164     45066        27
   43200     45102        83
   43344     45246        30
   43375     45277        21
   43542     45442        28
   44052     46077        35
   44174     46204        39
   44347     46370        26
   44413     46433        24
   44494     46510        23
   44644     46660        28
   44848     46882        42
   44891     46925        20
   44921     46955        20
   44987     47021        26
   45014     47048        30
   45065     47099        33
   45273     47299        24
   45627     47647        26
   45660     47680        20
   45692     47712        24
   46553     48842        23
   46577     48866        33
   46611     48900        38
   47173     49468        33
   47252     49547        49
   47351     49646        23
   47862     50045        38
   48752     51366        23
   48791     51405        27
   48821     51435        21
   48888     51514        24
   49232     51785        25
   49282     51835        20
   49306     51859        31
   49706     52070        59
   50335     52877        35
   50503     53045        20
   50601     53143        21
   50634     53176        38
   50673     53215        41
   50728     53270        24
   50757     53299        24
   50992     53521        22
   51225     53754        20
   51297     53826        23
   51342     53871        20
   51416     53945        24
   51441     53970        29
   51671     54202        24
   51797     54328        23
   51943     54474        20
   52963     55074        36
   53046     55158        24
   53295     55394        25
   53603     55714        20
   53641     55763        28
   53801     55905        73
   54026     56276        22
   54292     56539        20
   54317     56564        31
   54492     56739        20
   54609     56856        23
   54678     56925        50
   54780     57027        29
   54870     57117        20
   54891     57138        23
   54941     57188        24
   55100     57347        21
   55140     57387        23
   55254     57501        23
   55311     57558        26
   55482     57729        20
   55611     57858        26
   55644     57891        41
   55695     57942        25
   56346     58728        21
   56637     58881        58
   56696     58940        20
   56774     59018        38
   56855     59099        29
   57023     59267        23
   57068     59312        29
   57185     59429        20
   57296     59540        20
   57404     59648        26
   57470     59714        20
   57491     59735        23
   57563     59807        41
   57728     59972        23
   58023     60267        22
   59403     63348        33
   59985     63991        26
   60339     64342        23
   61029     65596        23
   61838     66397        26
   61904     66463        47
   61973     66532        21
   61995     66554        23
   62021     66580        20
   62172     66731        25
   62276     66835        26
   62477     67036        20
   62624     67183        21
   63757     68314        22
   63795     68352        22
   63953     68533        41
   64004     68584        32
   64078     68658        34
   64216     68795        26
   64351     68930        38
   64390     68969        56
   64447     69026        24
   65682     70301        38
   65957     70570        29
   65996     70609        20
   66056     70669        20
   66189     70806        53
   66243     70860        31
   66388     71069        34
   66423     71104        53
   66902     71548        33
   67434     72029        22
   68069     72533        29
   68099     72563        33
   68157     72621        21
   68721     73129        23
   68786     73194        32
   68945     73353        23
   69084     73504        22
   69691     74164        28
   69763     74236        20
   70041     74481        27
   70414     75475        20
   70558     76498        20
   70899     76740        24
   71094     76927        30
   71224     77057        20
   71251     77084        29
   71284     77117        32
   71353     77186        20
   71392     77225        23
   71416     77249        26
   71509     77342        21
   71551     77384        20
   71590     77423        35
   71633     77466        49
   71719     77552        20
   71740     77573        20
   71773     77606        29
   71935     77768        24
   71983     77816        29
   72040     77873        35
   72091     77924        20
   72166     77999        44
   72376     78209        20
   72427     78260        20
   72484     78317        20
   72521     78354        22
   72550     78383        24
   72785     78568        21
   72826     78609        25
   72943     78743        53
   73024     78824        20
   73345     79146        43
   73523     79332        24
   74409     80171        51
   74508     80270        23
   74601     80363        20
   74637     80399        38
   74745     80507        20
   74778     80540        29
   74883     80645        32
   74966     80728        24
   75186     80952        25
   75374     81147        23
   75864     81652        30
   75927     81715        26
   75954     81742        32
   76032     81820        39
   76368     82156        20
   77066     82844        21
   77354     83132        32
   77465     83243        23
   77564     83342        20
   77589     83367        31
   77674     83449        29
   77723     83502        20
   78024     83812        20
   78661     84305        32
   79051     84677        32
   79290     84910        21
   79560     85230        20
   79614     85284        31
   80115     85794        39
   80314     85993        23
   80389     86068        23
   80479     86158        24
   80798     86473        25
   81515     87129        23
   82345     87904        24
   82370     87929        24
   83582     88871        22
   83756     89045        21
   83837     89126        32
   83901     89190        65
   83973     89264        42
   84083     89374        20
   84103     89389        22
   84126     89412        31
   84160     89446        41
   84202     89488        41
   84285     89576        43
   84329     89620        40
   84393     89683        26
   84420     89710        23
   84444     89734        41
   84487     89777        23
   84521     89811       111
   84662     89952        75
   84738     90028        29
   84796     90086        30
   84827     90117        25
   84853     90143        20
   85041     90337        25
   85067     90363        64
   85166     90462        39
   85217     90513        26
   85283     90579        24
   85391     90686        22
   85506     90797        45
   85911     95691        35
   85981     95761        23
   86021     95810        58
   86325     96540        22
   86506     96727        30
   86671     96886        28
   86926     97151        29
   86975     98266        25
   87053     98338        32
   87152     98433        37
   88029     98712        80
   88110     98793        49
   88173     98856        20
   88321     99011        21
   88480     99163        24
   88521     99215        27
   88541    149393        42
   88569     99270        23
   88592     99291        41
   88634     99333        39
   88688     99388        22
   88715     99415        45
   88761     99461        58
   88826     99526        64
   88891     99591        33
   88994     99694       173
   89178     99878        46
   89225     99925        52
   89278     99978        86
   89372    100072        62
   89435    100135        27
   89478    100178        62
   89541    100241        44
   89623    100311        53
   89688    100379        35
   89724    100415        33
   89777    100468        22
   89800    100491        44
   89845    100536        21
   89876    100567        23
   89900    100591        27
   89928    100619        54
   89983    100674        22
   90047    100717        31
   90159    100829        21
   90238    100908        40
   90285    100955        20
   90312    100982        94
   90441    101111        53
   90510    101180        20
   90549    101219        49
   90611    101281        51
   90675    101345        41
   90717    101387        39
   90757    101427        76
   90864    101534        34
   90899    101569        38
   90993    101672        36
   91040    101719        51
   91118    101798        20
   91156    101846        27
   91213    101909        24
   91243    101939        31
   91275    101971        20
   91298    101994        20
   91319    102015        44
   91377    102073        26
   91495    102188        21
   91518    102211        39
   91570    102263        29
   91621    102314        22
   91644    102337        23
   91672    102365        35
   91721    102414        24
   91760    102445        45
   91806    102495        61
   91878    102567        34
   91913    102602        23
   92015    102705        46
   92075    102765        31
   92154    102845       125
   92280    102971        64
   92353    103044        24
   92383    103074        34
   92466    103157        68
   92564    103255        22
   92589    103280        61
   92679    103375        25
   93039    103910        32
   93127    103998        22
   93205    104081        43
   93292    104169        33
   93481    104298        24
   93653    104474        21
   93710    104531        20
   93882    104706        46
   94003    104819        21
   94052    104869        23
   94273    105111        78
   94363    105200        28
   94550    105385        94
   94645    105480        25
   94671    105506        46
   94729    105564        34
   94774    105609       187
   95019    105854        41
   95061    105896        59
   95121    105956       105
   95229    106064        60
   95320    106155        37
   95368    106203       182
   95557    106392        67
   95625    106460        34
   95661    106497        23
   95720    106556        48
   95769    106605        20
   95790    106626        71
   95862    106698        41
   95904    106740        37
   96009    106844        80
   96096    106925        20
   96187    107020        48
   96247    107070        30
   96375    107195       115
   96492    107312        38
   96567    107382        40
   96618    107433        41
   96664    107478        51
   96716    107530        22
   96757    107576        21
   96779    107598        28
   96808    107627        51
   96852    107673        21
   96923    107744        32
   96956    107777        27
   97047    107870        27
   97075    107898        27
   97109    107927        53
   97267    108088        46
   97314    108135        28
   97350    108171        61
   97413    108239        27
   97465    108290        65
   97549    108374        63
   97613    108438        34
   97685    108508        36
   97749    108572        50
   97800    108623        41
   97854    108677        23
   97878    108701        39
   97999    108823        30
   98030    108854        23
   98093    108912        27
   98123    108942        22
   98141    108964        26
   98178    108996       100
   98294    109111        57
   98395    109219        25
   98421    109245        34
   98516    109340        40
   98569    109393        23
   98649    109472       142
   98837    109660        30
   98868    109691        86
   98955    109778        25
   99031    109851        20
   99061    109883        65
   99126    109943        42
   99169    109986        60
   99242    110059       156
   99403    110220        44
   99457    110274        44
   99502    110319        67
   99579    110396        37
   99617    110434        32
   99658    110475        43
   99708    110525        36
   99762    110579        36
   99799    110616        33
   99838    110655        79
   99918    110735        27
   99948    110765        39
  100008    110825        39
  100129    110881        25
  100155    110903       166
  100329    111076       124
  100467    111214       127
  100596    111343       134
  100731    111478        49
  100806    111554        89
  100909    111657        39
  100964    111712       102
  101067    111815        50
  101128    111876        30
  101159    111907       138
  101298    112046        30
  101349    112097        34
  101399    112148        39
  101446    112195        21
  101507    112266        50
  101623    112383        20
  101686    136212        28
  101705    112458        23
  101786    112543        62
  101849    112606        51
  101920    112677        23
  102035    112789        29
  102069    112823        22
  102092    112846        20
  102180    112935        76
  102296    113047        29
  102377    113494        43
  102499    113626        88
  102694    113821        21
  102718    113845        20
  102986    114109        43
  105056    115495        21
  105654    116105        20
  105824    116275        20
  105896    116347        32
  106043    116494        47
  106115    116566        26
  106199    116650        22
  106256    116707        23
  106637    117088        29
  106674    117125        21
  106756    117207        21
  108881    119192        31
  108914    119225        31
  109363    119705        30
  109727    120057        21
  109750    120080        23
  109801    120131        30
  109960    120290        22
  110261    120709        20
  110387    120835        68
  110777    121225        23
  111123    121571        22
  111263    121711        26
  111290    121738        20
  111532    121980        23
  111676    122124        22
  111979    122458        26
  112027    122506        23
  112808    123050        23
  113519    123772        20
  114015    124401        47
  114198    124584        23
  114341    124727        21
  114385    124771        30
  114438    124829        20
  114561    124954        32
  114852    125245        53
  115011    125404        57
  115592    126027        22
  115677    126124        20
  115885    126312        26
  116086    126524        24
  116135    126573        26
  116201    126639        26
  116423    126861        20
  116446    126884        33
  116694    127135        20
  116715    127156        26
  116865    127306        26
  117006    127447        23
  117082    127523        25
  117245    127686        21
  117279    127720        23
  117390    127831        26
  117468    127909        20
  117564    128005        23
  117633    128074        26
  117669    128110        29
  117716    128157        30
  117747    128188        20
  118136    128555        25
  119290    134511        43
  119581    134798        20
  119604    134821        21
  119732    134949        88
  119899    135126        43
  119994    135587        29
  120063    135652        76
  120207    135797        20
  120228    135818        22
  120255    135845        29
  120376    135963        23
  120419    136006        51
  120471    136058        62
  120591    136182        23
  120605    112423        28
  120676    136260        20
  120762    136347        50
  120852    136447        21
  120881    136476        39
  120936    136532        34
  120991    136587        30
  121022    136618       138
  121161    136757        30
  121202    136798        50
  121253    136849       102
  121371    136967        39
  121424    137020        89
  121539    137136        49
  121589    137186       134
  121725    137322       127
  121866    137463       124
  121998    137594       166
  122165    137757        25
  122272    137799        39
  122332    137859        39
  122374    137901        27
  122402    137929        79
  122487    138014        33
  122521    138048        36
  122575    138102        36
  122618    138145        43
  122670    138197        32
  122703    138230        37
  122750    138277        67
  122818    138345        44
  122872    138399        44
  122921    138448       156
  123090    138617        60
  123151    138678        42
  123193    138715        65
  123268    138792        20
  123339    138860        25
  123365    138886        86
  123452    138973        30
  123528    139049       142
  123727    139247        23
  123763    139283        40
  123864    139384        34
  123899    139419        25
  123968    139495        57
  124041    139567       100
  124152    139673        26
  124174    139699        22
  124199    139724        27
  124266    139786        23
  124290    139810        30
  124402    139923        39
  124442    139963        23
  124478    139999        41
  124520    140041        50
  124598    140119        36
  124672    140191        34
  124707    140226        63
  124789    140308        65
  124879    140397        27
  124908    140431        61
  124977    140500        28
  125006    140529        46
  125157    140683        53
  125217    140738        27
  125245    140766        27
  125336    140859        27
  125364    140887        32
  125446    140969        21
  125460    140985        51
  125512    141037        28
  125541    141066        21
  125581    141111        22
  125604    141134        51
  125660    141189        41
  125712    141241        40
  125789    141313        38
  125829    141353       115
  126042    141563        30
  126084    141595        48
  126203    141718        20
  126230    141739        80
  126378    141886        37
  126416    141924        41
  126458    141966        71
  126530    142038        20
  126551    142059        48
  126635    142143        23
  126660    142169        34
  126695    142204        67
  126769    142278       182
  126962    142471        37
  127030    142539        60
  127093    142602       105
  127199    142708        59
  127259    142768        41
  127358    142867       187
  127556    143065        34
  127602    143111        46
  127649    143158        25
  127675    143184        94
  127928    143435        28
  127968    143474        78
  128244    143771        23
  128295    143823        21
  128391    143911        46
  128589    144112        20
  128645    144168        21
  128814    144341        24
  128994    144461        33
  129071    144539        43
  129170    144643        22
  129248    144721        32
  129615    145263        25
  129669    145322        61
  129733    145386        22
  129785    145438        68
  129902    145555        34
  129942    145595        24
  129975    145628        64
  130040    145693       125
  130213    145867        31
  130258    145912        46
  130383    146038        23
  130407    146062        34
  130452    146107        61
  130514    146173        45
  130574    146225        24
  130612    146263        35
  130652    146303        23
  130676    146327        22
  130720    146371        29
  130762    146413        39
  130803    146454        21
  130916    146564        26
  130956    146604        44
  131001    146649        20
  131024    146672        20
  131045    146693        31
  131082    146730        24
  131136    146790        27
  131181    146845        20
  131228    146893        51
  131290    146955        36
  131382    147056        38
  131421    147095        34
  131486    147160        76
  131563    147237        39
  131603    147277        41
  131657    147331        51
  131721    147395        49
  131789    147463        20
  131825    147499        53
  131913    147587        94
  132014    147688        20
  132041    147715        40
  132139    147813        21
  132241    147915        31
  132314    147967        22
  132337    147990        54
  132392    148045        27
  132420    148073        23
  132453    148106        21
  132475    148128        44
  132520    148173        22
  132562    148215        33
  132596    148249        35
  132643    148299        53
  132734    148378        44
  132779    148423        62
  132857    148501        27
  132885    148529        62
  132955    148599        86
  133042    148686        52
  133095    148739        46
  133152    148796       173
  133395    149039        33
  133429    149073        64
  133500    149144        58
  133559    149203        45
  133609    149253        22
  133646    149291        39
  133686    149331        41
  133727    149370        23
  133736     99228        42
  133771    149421        27
  133815    149476        24
  133977    149631        21
  134126    149787        20
  134160    149821        49
  134210    149871        80
  135130    150193        37
  135234    150293        32
  135319    150372        25
  135364    151483        29
  135620    151749        28
  135783    151906        30
  135972    152101        22
  136240    152795        58
  136315    152879        23
  136373    152937        35
  136768    157821        45
  136906    157955        22
  137012    158060        24
  137076    158124        26
  137114    158162        39
  137188    158236        64
  137253    158301        25
  137446    158500        20
  137467    158521        25
  137493    158547        30
  137552    158606        29
  137582    158636        75
  137687    158741       111
  137809    158863        23
  137834    158888        41
  137876    158930        23
  137900    158954        26
  137950    159003        40
  137991    159044        43
  138076    159134        41
  138118    159176        41
  138162    159220        31
  138194    159252        22
  138216    159269        20
  138304    159357        42
  138353    159408        65
  138450    159505        32
  138542    159597        21
  138715    159770        22
  138860         1        76
