> gi|32399358|emb|AJ428413.1|
     118       393        39
     188       463        20
     257       532        20
     308       583        20
     331       606        48
     380       655        23
     450       725        34
     485       760        44
     530       805        20
     551       826        38
     590       865        43
     695       970        80
     776      1051        20
     797      1072        29
     893      1168        49
     959      1234        29
    1016      1291        47
    1124      1399        48
    1377      1663        51
    1468      1756        26
    1713      1988        21
    2661      2927        27
    2797      3063        30
    3611      3850        26
    3896      4166        26
    4547      5065        21
    4633      5151        20
    4660      5178        23
    4684      5202        31
    4767      5276        29
    5111      5625        22
    5549      6054        40
    6664      7250        47
    6722      7308        20
    7157      7722        23
    7242      7807        28
    7669      8227        20
    7699      8257        23
    7908      8492        25
    7942      8526        21
    7964      8548        28
    8988     34018        22
    9061     34091        23
    9095     34125        43
    9163     34193        20
    9289     34319        44
    9361     34391        32
    9394     34424        20
    9484     34514        20
    9523     34553        20
    9553     34583        38
    9613     34643        23
    9691     34721        26
    9727     34757        38
    9766     34796        39
    9856     34886        47
    9907     34937        44
    9982     35012        23
   10006     35036        26
   10033     35063        27
   10070     35100        20
   10119     35149        28
   10151     35181        65
   10328     35358        24
   10439     35469        32
   10472     35502        23
   10496     35526        50
   10547     35577        20
   10568     35598        47
   10617     35647        28
   10772     35802        32
   10922     35952        29
   11009     36039        23
   11057     36087        20
   11117     36147        56
   11204     36234        41
   11249     36279        29
   11285     36315        21
   11312     36342        20
   11568     36667        36
   11606     36710        41
   12024     36996        20
   12093     37065        23
   12129     37101        21
   12998     37729        28
   13029     37760        20
   15840     32508        26
   15881     32549        35
   38338     37861        22
   38468     37999        67
   38656     38178        29
   38923     38423        27
   38963     38463        41
   39041     38541        26
   39074     38574        62
   39188     38688        38
   39227     38727        38
   39284     38784        20
   39305     38805        32
   39338     38838        20
   39470     38970        26
   39497     38997        50
   39575     39075        20
   39701     39201        23
   39764     39264        23
   39821     39321        71
   39941     39441        23
   39998     39498        44
   40055     39555        23
   40103     39603        23
   40170     39670        22
   40240     39740        30
   40252     41976        21
   40271     39771        20
   40301     39801        20
   40322     39822        23
   40385     39885        29
   40445     39945        28
   40492     39992        27
   40550     40050        32
   40603     40103        24
   40676     40176        22
   40715     40215        23
   40768     40268        24
   40805     40305        20
   40826     40326        20
   40871     40371        41
   40919     40419        23
   40943     40443        56
   41000     40500        77
   41121     40621        20
   41142     40642        73
   41216     40716        27
   41244     40744        35
   41280     40780        40
   41337     40837        22
   41379     40879        29
   41454     40954        20
   41532     41032        26
   41568     41068        35
   41664     41164        23
   41778     41278        38
   41817     41317        23
   41916     41416        35
   41964     41464        20
   41994     41494        20
   42015     41515        20
   42096     41596        77
   42216     41716        21
   42314     41814        39
   42573     42073        20
   42618     42118        20
   42642     42142        44
   42699     42199        31
   42731     42231        30
   42774     42274        20
   42834     42334        20
   42891     42391        27
   42919     42419        24
   42990     42490        23
   43044     42544        20
   43065     42565        32
   43098     42598        22
   43134     42634        29
   43164     42664        28
   43206     42706        20
   43245     42745        45
   43352     42852        22
   43426     42929        20
   43539     43043        32
   44049     43566        32
   44174     43696        39
   44348     43871        23
   44403     43924        24
   44494     44011        23
   44863     44374        48
   44935     44446        27
   44987     44498        74
   45065     44576        29
   45099     44610        31
   45159     44670        30
   45660     45168        20
   45692     45200        24
   45782     45298        21
   46545     46188        31
   46577     46220        33
   46611     46254        38
   46676     46317        24
   47115     46714        28
   47173     46772        35
   47345     46944        20
   47483     47082        20
   47548     47138        21
   47862     47502        38
   48728     48211        23
   48752     48235        23
   48787     48270        27
   48821     48304        21
   48885     48364        44
   49282     48549        20
   49306     48573        30
   49706     48951        54
   50335     49649        46
   50503     49817        20
   50728     50042        24
   50757     50071        24
   51285     50603        38
   51432     50750        29
   51510     50828        26
   51539     50857        21
   51598     50916        36
   51677     51001        28
   51797     51121        23
   51839     51163        20
   51989     51313        30
   52963     52527        36
   53000     52564        36
   53046     52612        24
   53080     52646        22
   53173     52735        26
   53295     52852        25
   53603     53161        22
   53641     53199        22
   53801     53352        73
   54295     53886        53
   54442     54033        31
   54585     54176        23
   54609     54200        23
   54678     54269        30
   54709     54300        23
   54780     54371        29
   54873     54464        41
   54941     54532        48
   55140     54731        38
   55254     54845        23
   55323     54914        38
   55404     54995        20
   55479     55070        23
   55548     55139        23
   55611     55202        28
   55644     55235        41
   55701     55292        20
   56346     56042        21
   56638     56203        49
   56786     56351        26
   56846     56411        38
   56906     56471        26
   57008     56573        26
   57185     56750        29
   57257     56822        20
   57404     56969        26
   57491     57056        23
   57563     57128        44
   57728     57293        20
   57806     57371        20
   57884     57449        20
   57931     57496        24
   57956     57521        20
   57984     57549        31
   59414     60538        22
   59914     61114        21
   60278     61478        27
   60999     62373        21
   61032     62406        21
   61147     62521        31
   61230     62604        21
   61802     63182        44
   61847     63227        35
   61904     63284        47
   61973     63353        21
   62003     63383        38
   62081     63461        20
   62207     63587        20
   62228     63608        20
   62276     63656        26
   62439     63819        20
   62480     63860        20
   62588     63968        20
   63025     64563        20
   63714     65305        22
   63750     65341        29
   63795     65386        22
   63953     65538        41
   64004     65589        24
   64078     65663        34
   64204     65788        36
   64291     65875        23
   64405     65989        66
   65690     67288        38
   65729     67327        21
   65957     67550        32
   65990     67583        23
   66192     67781        50
   66243     67832        31
   66388     68005        34
   66423     68040        53
   66848     68424        20
   66869     68445        20
   66950     68526        20
   68069     69423        29
   68102     69456        30
   68151     69505        27
   68792     70071        26
   69084     70366        22
   69107     70389        24
   69358     70674        31
   69399     70714        26
   69597     70941        20
   69691     71046        27
   69763     71118        20
   70041     71360        45
   70556     73271        28
   70898     73547        25
   71026     73669        23
   71094     73733        30
   71173     73812        26
   71251     73890        29
   71284     73923        32
   71348     73987        25
   71392     74031        23
   71422     74061        50
   71479     74118        50
   71551     74190        20
   71656     74295        26
   71710     74349        23
   71734     74373        20
   71761     74400        44
   71905     74544        29
   71935     74574        24
   71992     74631        32
   72061     74700        29
   72091     74730        32
   72166     74805        32
   72376     75015        20
   72427     75066        29
   72466     75105        35
   72521     75160        22
   72550     75189        24
   72768     75426        38
   72819     75477        32
   72933     75593        24
   72975     75635        21
   73034     75694        25
   73129     75788        28
   73478     76132        26
   73523     76177        24
   74280     76875        32
   74313     76908        24
   74347     76943        31
   74409     77005        35
   74505     77101        26
   74580     77176        26
   74607     77203        29
   74652     77248        41
   74745     77341        20
   74805     77401        20
   74862     77458        35
   74934     77530        29
   74964     77560        26
   75186     77792        25
   75469     78051        21
   75864     78421        30
   75927     78484        59
   76290     78847        26
   76359     78916        29
   76645     79175        22
   76724     79254        20
   76975     79511        27
   77109     79645        22
   77286     79822        21
   77366     79902        20
   77468     80004        20
   77590     80126        30
   78024     80573        25
   79035     81388        30
   79287     81628        27
   79332     81673        20
   79614     81989        31
   79710     82085        32
   79779     82154        23
   79897     82269        21
   80101     82488        53
   80160     82547        21
   80224     82611        28
   80325     82712        21
   80384     82771        57
   80475     82862        46
   80882     83217        22
   81166     83494        22
   81506     83759        25
   81934     84192        21
   82311     84506        21
   82363     84558        24
   82655     84884        29
   83087     85225        21
   83519     85470        35
   83568     85519        55
   83738     85689        39
   83794     85745        30
   83825     85776        47
   83901     85852        40
   83942     85893        24
   83972     85925        43
   84040     85993        60
   84160     86108        41
   84202     86150        41
   84285     86238        43
   84342     86295        34
   84385     86338        20
   84406     86359        37
   84444     86397        34
   84487     86440        33
   84521     86474       124
   84662     86615        41
   84704     86657        91
   84796     86749        30
   84827     86780        44
   84917     86870        23
   85041     87001        25
   85067     87027        37
   85110     87058        21
   85166     87114        39
   85283     87231        22
   85324     87267        25
   85365     87308        49
   85471     87410        25
   85506     87445        66
   85742     92145        33
   85911     92308        35
   85947     92344        21
   85980     92377        24
   86021     92427        58
   86146     92978        25
   86324     93156        23
   86671     93503        28
   86720     93552        22
   86771     93603        27
   86926     93768        27
   86975     94885        25
   87042     94943        43
   87155     95043        28
   88003    144869        20
   88029     95417       130
   88480     95858        24
   88519     95908        69
   88593     95980        55
   88652     96039        23
   88679     96067        31
   88718     96106        42
   88761     96149        35
   88797     96185        22
   88822     96210        68
   88891     96279        45
   88937     96325        22
   88994     96382        27
   89022     96410        80
   89113     96501       111
   89225     96613        52
   89278     96666        86
   89372     96760        62
   89435     96823        27
   89478     96866        62
   89541     96929        44
   89623     96999        64
   89688     97064        35
   89724     97100        33
   89777     97153        22
   89800     97176        44
   89845     97221        30
   89900     97276        27
   89928     97304        24
   89953     97329        24
   89978     97354        57
   90047     97423        31
   90104     97480        29
   90159     97535        21
   90181     97557        27
   90209     97585        27
   90237     97613        41
   90285     97661        20
   90312     97688        72
   90385     97761        21
   90407     97783        21
   90454     97830        55
   90510     97886        88
   90611     97987        63
   90675     98051        41
   90717     98093        29
   90757     98133        55
   90813     98189       143
   90965     98346        42
   91008    141680        21
   91040    141712        24
   91065    141737        26
   91156    141830        38
   91214     98601        28
   91243     98630        31
   91275     98662        20
   91298     98685        20
   91319     98706        44
   91377     98764        26
   91518     98902        44
   91570     98954        29
   91621     99005        22
   91644     99028        23
   91672     99056        48
   91721     99105        40
   91760     99141        45
   91806     99187        65
   91874     99255        49
   92015     99391        20
   92036     99412        88
   92154     99531        79
   92234     99611       110
   92353     99730        24
   92383     99760        46
   92466     99843        68
   92564     99941        24
   92589     99966        61
   92650    100032        22
   92679    100061        25
   92721    100103        38
   93039    100572        21
   93127    100660        22
   93180    100719        20
   93219    100758        29
   94049    100871        26
   94076    100898        34
   94138    100960        25
   94276    101102        77
   94484    101306        23
   94550    101373        94
   94645    101468        25
   94671    101494        57
   94729    101552        34
   94774    101597       187
   94980    101803        22
   95003    101826       223
   95229    102052        77
   95320    102143        37
   95368    102191       161
   95530    102353        26
   95557    102380        67
   95625    102448        34
   95661    102485        23
   95720    102544        48
   95769    102593        20
   95790    102614        71
   95862    102686        41
   95904    102728        37
   96009    102832        80
   96096    102913        29
   96165    102982        20
   96187    103008        48
   96395    103201        96
   96492    103298        47
   96561    103363        46
   96618    103420        42
   96668    103470        47
   96716    103518        22
   96747    103549       112
   96852    103655        20
   96874    103679        28
   96923    103728        32
   96956    103761        33
   97049    103855        25
   97075    103881        22
   97109    103918        65
   97267    104080        43
   97314    104127        31
   97350    104163        61
   97465    104277        65
   97531    104343        81
   97613    104425        34
   97666    104476        82
   97761    104570        38
   97800    104609        77
   97878    104687        39
   97940    104749        33
   97982    104791        47
   98030    104839        23
   98061    104864        25
   98085    104889        37
   98123    104927        44
   98178    104977       100
   98294    105093        59
   98395    105201        25
   98421    105227        34
   98476    105282        26
   98516    105322        40
   98569    105375        41
   98649    105454       142
   98837    105642        30
   98874    105679       124
   99029    105831        22
   99059    105857        67
   99126    105919        42
   99169    105962        60
   99242    106035       156
   99403    106196        42
   99459    106245        42
   99502    106288        67
   99579    106365        37
   99617    106403        32
   99658    106444        43
   99702    106488        28
   99762    106547        36
   99799    106584        33
   99838    106623        79
   99918    106703        27
   99948    106733        39
  100019    106809        20
  100129    106854        25
  100155    106876       166
  100335    107055       103
  100467    107187       199
  100667    107387        49
  100731    107451        49
  100806    107527        89
  100909    107630        39
  100964    107685        51
  101016    107737        50
  101067    107788        50
  101128    107849        30
  101159    107880        29
  101189    107910       108
  101298    108019        30
  101349    108070        34
  101407    108129        31
  101446    108168        21
  101507    108239        50
  101565    108298        26
  101601    108334        21
  101705    108422        38
  101757    108474        28
  101786    108503        62
  101849    108566        51
  101920    108637        28
  102035    108729        47
  102111    108800        20
  102160    108850        23
  102180    108871        76
  102294    108995        31
  102393    109444        27
  102431    109478        21
  102504    109545        51
  102556    109597        31
  102718    109759        20
  102973    110034        56
  103109    110178        30
  105652    111094        21
  105682    111124        21
  105812    111254        32
  105888    111330        21
  106010    111452        21
  106072    111514        24
  106115    111557        26
  106496    111938        20
  106606    112048        30
  106761    112203        30
  106937    112379        20
  107032    112474        25
  108881    115097        31
  108914    115130        31
  109366    115608        26
  109750    115986        23
  109801    116037        52
  109906    116142        20
  110406    116674        42
  110818    117086        27
  110959    117227        21
  110987    117255        20
  111030    117298        28
  111194    117462        20
  111256    117524        32
  111534    117802        22
  111679    117953        22
  111907    118191        20
  112030    118314        20
  112057    118341        27
  112589    118644        23
  112697    118752        28
  112787    118842        28
  113143    119252        24
  113168    119277        24
  113240    119349        22
  113518    119627        21
  113606    119715        30
  114029    120252        34
  114111    120334        24
  114198    120421        23
  114222    120445        25
  114333    120556        26
  114385    120608        30
  114555    120759        37
  114852    121056        32
  114885    121089        32
  115011    121215        54
  115934    122186        26
  116049    122336        24
  116086    122373        39
  116446    122733        30
  116603    122893        50
  116654    122944        28
  116694    122984        20
  116727    123017        23
  116874    123164        22
  117087    123377        20
  117258    123548        20
  117324    123614        26
  117426    123716        26
  117633    123923        26
  117678    123968        20
  117711    124001        23
  117747    124037        20
  117968    124232        25
  118092    124356        43
  118585    124850        35
  118642    124907        22
  118850    125122        24
  119180    130075        30
  119290    130193        56
  119581    130504        20
  119732    130655        31
  119764    130687        51
  119867    130784        21
  119899    130812        27
  119994    131257        31
  120063    131336        76
  120136    131410        23
  120188    131463        20
  120237    131507        47
  120371    131618        28
  120419    131666        51
  120471    131718        62
  120534    131781        28
  120576    131823        38
  120697    131928        21
  120728    131959        26
  120762    131994        50
  120852    132094        21
  120881    132123        31
  120936    132179        34
  120991    132234        30
  121022    132265       108
  121131    132374        29
  121161    132404        30
  121202    132445        50
  121253    132496        50
  121304    132547        51
  121371    132614        39
  121424    132667        89
  121539    132783        49
  121603    132847        49
  121653    132897       199
  121881    133125       103
  121998    133241       166
  122165    133404        25
  122280    133454        20
  122332    133511        39
  122374    133553        27
  122402    133581        79
  122487    133666        33
  122521    133700        36
  122589    133767        28
  122618    133796        43
  122670    133848        32
  122703    133881        37
  122750    133928        67
  122818    133996        42
  122874    134045        42
  122921    134092       156
  123090    134261        60
  123151    134322        42
  123193    134359        67
  123268    134430        22
  123321    134480       124
  123452    134611        30
  123528    134687       142
  123709    134867        41
  123763    134921        40
  123817    134975        26
  123864    135022        34
  123899    135057        25
  123966    135131        59
  124041    135206       100
  124152    135312        44
  124197    135357        37
  124233    135394        25
  124266    135421        23
  124290    135445        47
  124346    135501        33
  124402    135557        39
  124442    135597        77
  124520    135675        38
  124571    135725        82
  124672    135824        34
  124707    135859        81
  124789    135941        65
  124908    136059        61
  124974    136125        31
  125009    136160        43
  125145    136300        65
  125222    136380        22
  125245    136403        25
  125330    136489        33
  125364    136523        32
  125417    136576        28
  125447    136608        20
  125460    136622       112
  125581    136743        22
  125604    136766        47
  125659    136821        42
  125712    136874        46
  125780    136938        47
  125828    136986        96
  126084    137227        48
  126134    137281        20
  126194    137341        29
  126230    137371        80
  126378    137518        37
  126416    137556        41
  126458    137598        71
  126530    137670        20
  126551    137691        48
  126635    137775        23
  126660    137801        34
  126695    137836        67
  126763    137904        26
  126790    137931       161
  126962    138103        37
  127013    138154        77
  127093    138234       223
  127317    138458        22
  127358    138499       187
  127556    138697        34
  127591    138732        57
  127649    138790        25
  127675    138816        94
  127812    138954        23
  127966    139104        77
  128156    139298        25
  128209    139351        34
  128244    139386        26
  128587     49356        21
  129071    139496        29
  129119    139544        20
  129170    139601        22
  129259    139690        21
  129560    140142        38
  129615    140197        25
  129647    140229        22
  129669    140256        61
  129731    140318        24
  129785    140372        68
  129890    140477        46
  129942    140529        24
  129975    140562       110
  130086    140673        79
  130195    140783        88
  130284    140872        20
  130396    140979        49
  130448    141031        65
  130514    141097        45
  130558    141138        40
  130599    141179        48
  130652    141232        23
  130676    141256        22
  130720    141300        29
  130757    141337        44
  130916    141493        26
  130956    141533        44
  131001    141578        20
  131024    141601        20
  131045    141622        31
  131077    141654        28
  131125     98415        38
  131228     98520        26
  131255     98547        24
  131290     98582        21
  131312    141895        42
  131363    141951       143
  131507    142095        55
  131573    142161        29
  131603    142191        41
  131645    142233        63
  131721    142309        88
  131810    142398        55
  131891    142479        21
  131913    142501        21
  131935    142523        72
  132014    142602        20
  132041    142629        41
  132083    142671        27
  132111    142699        27
  132139    142727        21
  132186    142774        29
  132241    142829        31
  132284    142872        57
  132342    142930        24
  132367    142955        24
  132392    142980        27
  132444    143032        30
  132475    143063        44
  132520    143108        22
  132562    143150        33
  132596    143184        35
  132632    143220        64
  132734    143310        44
  132779    143355        62
  132857    143433        27
  132885    143461        62
  132955    143531        86
  133042    143618        52
  133095    143671       111
  133217    143793        80
  133298    143874        27
  133360    143936        22
  133383    143959        45
  133429    144005        68
  133500    144076        22
  133523    144099        35
  133559    144135        42
  133609    144185        31
  133644    144221        23
  133671    144248        55
  133731    144306        69
  133815    144401        24
  134160    144736       130
  134296     95394        20
  135136    145212        28
  135234    145297        43
  135319    145373        25
  135366    146488        27
  135521    146653        27
  135577    146709        22
  135620    146752        28
  135972    147104        23
  136148    147280        25
  136240    147798        58
  136315    147882        24
  136351    147918        21
  136373    147940        35
  136544    148105        33
  136747    152772        66
  136823    152848        25
  136905    152926        49
  136970    152991        25
  137014    153030        22
  137114    153130        39
  137188    153204        21
  137215    153219        37
  137253    153257        25
  138856         1        81
