> gi|687814831|gb|KJ956785.1|
    7240      7481        29
    7272      7513        45
    7467      7702        37
    7746      7990        26
    8305      8541        20
    8326      8562        27
    8466      8673        83
    9347     12673        49
    9464     12786        25
    9746     13059        21
    9993     13317        31
   10025     13349        28
   10064     13399        61
   10333     13618        43
   10377     13662        32
   10592     13920        23
   10685     14013        25
   10763     14091        44
   10853     14181        20
   10880     14208        26
   10931     14259        22
   11000     14328        38
   11072     14400        20
   11095     14423        54
   11174     14502        26
   11258     14586        23
   11285     14613        35
   11405     14733        35
   11477     14805        53
   11543     14871        23
   11660     14988        20
   11687     15015        26
   11714     15042        35
   11843     15171        23
   11867     15195        35
   11975     15303        28
   12088     15408        26
   12148     15468        62
   12247     15567        39
   12300     15620        27
   12439     15759        21
   12469     15789        46
   12563     15889        22
   12751     16100        21
   13125     16482        24
   13180     16536        21
   13202     16558        22
   13240     16596        26
   13267     16623        35
   13767     17143        26
   13814     17190        30
   13971     17347        45
   14037     17413        22
   14292     17680        22
   14416     17773        21
   14992     18565        20
   15061     18634        35
   15112     18685        26
   15175     18748        23
   15271     18844        38
   15378     18951        42
   15505     19078        20
   15529     19102        20
   15552     19125        22
   15625     19198        22
   15648     19221        23
   15920     19481        22
   15959     19520        22
   16009     19570        22
   16321     19882        21
   16408     19969        21
   16474     20035        47
   16686     20237        21
   17057     20628        20
   17087     20658        41
   17255     20826        22
   17282     20853        44
   17354     20925        23
   17450     21021        32
   17576     21147        28
   17755     21326        20
   17882     21471        23
   17915     21507        23
   18171     21760        20
   18434     22029        22
   18518     22113        44
   18632     22227        20
   18671     22266        26
   18892     22487        35
   18938     22533        29
   19012     22607        29
   19103     22698        30
   19466     23055        28
   19559     23148        21
   19602     23191        22
   19625     23214        26
   19703     23292        26
   19868     23457        24
   19928     23517        34
   20051     23640        26
   20222     23811        23
   20319     23908        25
   20369     23958        26
   20450     24039        80
   20531     24120        43
   20762     24351        43
   20819     24408        28
   20849     24438        20
   20890     24479        24
   21188     24778        29
   21558     25148        38
   21612     25202        29
   21674     25264        27
   21702     25292        44
   21815     25405        27
   21948     25538        26
   21975     25565        26
   22011     25601        20
   22107     25697        20
   22152     25742        56
   22249     25839        30
   22280     25870        21
   22406     25996        21
   22428     26018        31
   22593     26183        47
   22719     26309        28
   22867     26458        28
   23180     26724        20
   23419     26962        23
   23489     27038        20
   23564     27113        35
   23683     27232        38
   23734     27283        42
   23789     27338        26
   23816     27365        20
   23858     27407        20
   23916     27465        31
   24046     27595        23
   24070     27619        20
   24129     27678        36
   24172     27721        59
   24298     27847        20
   24343     27892        31
   24460     28009        20
   24490     28039        31
   24610     28159        65
   24721     28270        20
   24850     28399        20
   24913     28462        29
   24985     28534        32
   25096     28645        23
   25141     28690        36
   25234     28783        20
   25291     28840        23
   25510     29059        26
   25564     29113        31
   25630     29179        23
   25680     29229        30
   25885     29434        20
   25933     29482        26
   25975     29524        38
   26020     29569        53
   26083     29632        22
   26235     29784        21
   26281     29830        31
   26362     29911        21
   26419     29968        44
   26515     30064        34
   26629     30178        39
   26752     30301        20
   26773     30322        26
   26838     30387        21
   26887     30436        20
   27051     30600        21
   27079     30628        31
   27315     30897        21
   27954     31474        20
   28319     31840        81
   29151     32348        27
   29179     32376        21
   29201     32398        22
   30320     33310        20
   30341     33331        20
   30522     33521        20
   30887     34479        48
   31060     34920        34
   31095     34955        60
   31188     35048        30
   31257     35117        20
   32087     35873        57
   32451     36303        20
   32545     36392        23
   33451     37475        44
   33551     37575        20
   33608     37632        57
   33750     37774        31
   33782     37806        26
   33827     37851        41
   33869     37893        47
   33917     37941        45
   33971     37995        35
   34034     38058        20
   34056     38080        31
   34112     38136        35
   34160     38184        38
   34250     38274        42
   34293     38317        50
   34391     38415        41
   34439     38463        35
   34475     38499        29
   34505     38529        43
   34557     38581        26
   34677     38701        47
   34725     38749        32
   34758     38782        21
   34809     38833        29
   34839     38863        29
   34905     38929        20
   34926     38950        41
   34968     38992        24
   35014     39038        22
   35109     39133        23
   35151     39175        35
   35187     39211        33
   35274     39298        26
   35340     39364        35
   35403     39427        26
   35430     39454        38
   35623     39647        31
   35664     39688        20
   35703     39727        23
   35745     39769        48
   35832     39856        26
   36178     40169        24
   36203     40194        30
   36469     40458        25
   36503     40495        25
   36574     40566        44
   36646     40638        24
   36673     40665        26
   36977     41062        71
   37207     41310        58
   37359     41462        23
   37461     41574        43
   37506     41619        47
   37695     41808        28
   37761     41874        25
   37874     41996        26
   37907     42029        41
   37973     42095        26
   38012     42134        29
   38042     42164        23
   38084     42206        44
   38129     42251        32
   38171     42293        22
   38228     42350        20
   38249     42371        56
   38327     42449        20
   38351     42473        20
   38411     42533        44
   38462     42584        26
   38489     42611        32
   38525     42647        24
   38684     42806        20
   38744     42866        38
   38819     42941        32
   38858     42980        47
   38972     43094        22
   38995     43117        27
   39026     43148        20
   39182     43304        26
   39236     43358        32
   39362     43484        28
   39410     43532        35
   39491     43613        20
   39512     43634        26
   39551     43673        35
   39647     43769        32
   39680     43802        29
   39773     43895        50
   39839     43961        35
   39908     44030        59
   39983     44105        26
   40010     44132        43
   40069     44191       114
   40248     44370        26
   40281     44403        20
   40326     44448        20
   40356     44478        28
   40440     44562        26
   40488     44610        35
   40563     44685        20
   40737     44859        29
   40776     44898        20
   40869     44991        35
   40907     45029        27
   40959     45081        35
   41016     45138        32
   41091     45213        50
   41160     45282        23
   41187     45309        65
   41282     45404        27
   41322     45444        26
   41370     45492        29
   41445     45567        47
   41493     45615        20
   41523     45645        62
   41586     45708        23
   41666     45788        27
   41748     45870        29
   41877     45999        35
   41913     46035        38
   41964     46086        35
   42027     46149        26
   42063     46185        20
   42123     46245        65
   42198     46320        23
   42225     46347        29
   42320     46442        46
   42507     46622        38
   42546     46661        20
   43123     47215        23
   43210     47302        23
   43294     47386        36
   43519     47638        32
   43569     47681        27
   43613     47722        22
   43784     47865        26
   43973     48082        59
   44033     48142        20
   44063     48172        32
   44120     48229        29
   44183     48292        32
   44216     48325        20
   44368     48484        27
   44550     48665        29
   44779     48889        23
   44926     49058        25
   44985     49117        53
   45124     49254        24
   45943     50100        96
   48129      9413        22
   48164      9445        25
   48502      9791        24
   48558      9853        29
   48589      9884        38
   48988     10071        57
   49847     10791        31
   49930     10874        27
   50090     11034        29
   50132     11076        25
   50296     11274        22
   50396     11374        20
   50428     11406        22
   50484     11462        25
   50517     11495        29
   50583     11561        44
   50652     11630        20
   50688     11666        26
   50790     11768        29
   50856     11834        26
   50883     11861        30
   50958     11936        21
   51014     11999        38
   51056     12041        25
   51101     12086        20
   51122     12107        26
   51149     12134        50
   51200     12185        23
   51247     12232        25
   51322     12307        45
   52370     51314        56
   52431     51375        24
   52700     51624        23
   52758     51684        29
   52969     51918        33
   53191     52152        25
   53217     52178        32
   53813     52816        35
   53849     52852        22
   53909     52912        31
   54052     53055        32
   54097     53100        20
   54118     53121        44
   54188     53191        31
   54244     53247        32
   54301     53304        23
   54403     53406        26
   54499     53502        20
   54532     53535        26
   54607     53610        38
   54697     53700        44
   54904     53907        52
   54994     53997        23
   55054     54057        49
   55104     54107        54
   55806     54869        32
   56090     55198        24
   56170     55278        22
   56293     55401        20
   56314     55422        29
   56344     55452        26
   56431     55539        50
   56518     55626        26
   56599     55707        32
   56815     55923        20
   56836     55944        41
   56959     56067        20
   57010     56118        41
   57055     56163        32
   57109     56217        20
   57214     56322        29
   57265     56373        29
   57295     56403        23
   57334     56442        26
   57403     56511        20
   57496     56604        29
   57633     56683        57
   58686     57807        20
   58707     57828        20
   58940     58046        52
   59004     58110        62
   59141     58247        36
   59188     58294        23
   59249     58355        22
   59344     58450        26
   59374     58480        26
   59401     58507        20
   59464     58570        23
   59566     58672        32
   59684     58790        20
   60849       963        24
   61002     59948        26
   61095     60041        23
   61227     60173        23
   61293     60239        29
   61461     60407        21
   61506     60452        22
   62567     61233        23
   62693     61359        20
   62933     61599        45
   62996     61662        20
   63056     61722        38
   63095     61761        20
   63246     61910        27
   63282     61946        30
   63513     62184        20
   63555     62226        24
   63645     62316        20
   63888     62559        29
   63921     62592        20
   64059     62730        23
   64099     62770        25
   64125     62796        47
   64230     62901        26
   65332     63394        22
   65400     63462        37
   65468     63531        39
   65567     63615        53
   65655     63703        43
   65697     63744        51
   65797     63844        30
   65892     63934        20
   65994     64036        41
   66051     64093        26
   66098     64140        26
   66241     64286        20
   67011     65510        30
   67044     65543        34
   67282     65800        20
   67303     65821        38
   67363     65881        22
   67497     66044        26
   67544     66091        30
   67735     66281        65
   67818     66365        22
   68063     66653        20
   68100     66690        22
   68201     66791        26
   68528     67289        30
   68784     67590        24
   68819     67625        32
   68869     67675        66
   68954     67760        35
   68990     67796        32
   69431     68215        32
   69524     68308        31
   69654     68438        23
   69678     68462        22
   69733     68518        25
   69760     68545        20
   69781     68566        22
   70023     68818        21
   70179     68963        21
   70541     69305        42
   70617     69381        29
   70813     69622        33
   70985     69794        30
   71101     69938        21
   71308     70115        28
   71549     70393        27
   71626     70502        30
   71740     70616        25
   72688     71552        32
   72721     71585        30
   72784     71648        23
   73034     71854        24
   73262     72075        37
   73333     72146        20
   73417     72230        71
   73498     72311        21
   73615     72428        20
   73638     72451        21
   73660     72473        41
   73723     72536        47
   73831     72644        32
   73906     72719        20
   73996     72809        29
   74060     72873        37
   74266     73079        29
   74317     73130        20
   74338     73151        32
   74506     73319        29
   74536     73349        35
   74584     73397        20
   74629     73442        26
   74656     73469        80
   74740     73553        23
   74933     73764        22
   74965     73795        27
   75066     73897        20
   75177     74033        26
   75204     74060        41
   75360     74213        25
   75440     74293        23
   75506     74359        23
   75530     74383        32
   75570     74423        22
   75697     74554        34
   75736     74593        20
   76040     74965        25
   76359     75278        23
   76474     75401        29
   76540     75467        26
   76579     75506        29
   76615     75542        26
   76666     75593        47
   76768     75695        21
   76795     75722        20
   76864     75791        23
   76888     75815        23
   76921     75848        26
   76963     75890        29
   76996     75923        32
   77618     76517        20
   77955     76858        20
   77976     76879        27
   78052     76955        32
   78130     77033        23
   78154     77057        29
   78241     77144        29
   78277     77180        23
   78319     77222        23
   78346     77249        23
   78370     77273        44
   78736     77681        25
   78793     77738        22
   78980     77922        23
   79067     78009        22
   79119     78061        27
   79304     78246        23
   79374     78316        31
   79472     78414        38
   79616     78558        28
   79772     78708        23
   79809     78745        25
   79880     78816        20
   79982     78918        20
   80048     78984        26
   80335     79288        23
   80654     79471        57
   81472     80346        20
   81625     80499        35
   81667     80541        26
   81733     80607        21
   81885     80782        23
   82058     80955        21
   82137     81034        23
   82218     81115        32
   82257     81154        31
   83119      3466        21
   83143     82126        36
   83431     82421        32
   83485     82475        20
   83563     82553        20
   83585     82575        28
   83959     82949        24
   84060     83157        21
   84201     83298        22
   84261     83358        30
   84356     83453        20
   84593     83691        35
   84699     83797        32
   84789     83894        20
   84818     83923        40
   84859     83964        22
   84882     83987        24
   84916     84021        70
   84991     84096        30
   85033     84138        37
   85114     84219        28
   85157     84262        79
   85257     84362        51
   85381     84476        27
   85409     84504        24
   85443     84538        42
   85488     84583        82
   85571     84666        69
   85678     84768        49
   85728     84818        35
   85764     84854        31
   85796     84886        45
   85860     84950        20
   85881     84971        36
   85920     85010        38
   85959     85049        62
   86022     85112        45
   86068     85158        62
   86140     85230        38
   86182     85272        47
   86237     85327        46
   86307     85391        92
   86400     85484        26
   86427     85511        41
   86489     85573        45
   86535     85619        60
   86597     85681        20
   86675     85759        30
   86706     85790        28
   86766     85850        20
   86787     85871        43
   86852     85936        32
   86948     86027        56
   87037     86116        28
   87068     86147        22
   87130     86209        21
   87169     86251        23
   87186     86274        21
   87235     86323        60
   87297     86385        55
   87353     86441        24
   87386     86474        40
   87427     86515        40
   87468     86556        21
   87490     86578        25
   87535     86623        32
   87610     86698        29
   87679     86767        32
   87712     86800        29
   87779     86867        26
   87879     86973        64
   88060     87079        28
   88090     87109        33
   88124     87143        85
   88210     87229        25
   88236     87255        40
   88290     87309        36
   88327     87346        34
   88406     87425        32
   88445     87464        39
   88530     87549        34
   88630     87643        31
   88678     87691        28
   88737     87750        37
   88775     87788        37
   88874     87896        70
   88963     87985        26
   89043     88065        27
   89071     88093        24
   89100     88122        21
   89130     88152        64
   89195     88217        40
   89246     88268        44
   89297     88313        24
   89322     88338        74
   89421     88437        46
   89499     88515        25
   89597     88592        24
   89623     88618        35
   89659     88654        25
   89746     88741        29
   89786     88781        73
   89867     88862        22
   89899     88894        20
   89920     88915        84
   90034     89029        31
   90077     89072        29
   90107     89102        27
   90154     89155        40
   90242     89243        25
   90304     89305        43
   90348     89349        45
   90429     89436        33
   90463     89470        21
   90485     89492        48
   90534     89541        26
   90596     89603        40
   90659     89666        20
   90699     89706        39
   90785     89798        38
   90828     89841        27
   90930     89949        38
   90989     90008        33
   91025     90044        22
   91049     90068        24
   91096     90115        40
   91137     90156        33
   91169     90194        20
   91214     90248        22
   91237     90271        22
   91266     90309        57
   91324     90367        28
   91353     90396        22
   91376     90419        87
   91482     90525        55
   91538     90581        26
   91572     90615        35
   91633     90676        22
   91656     90699        40
   91718     90761        35
   91778     90821        91
   91903     90946        44
   92077     91114        61
   92139     91176        52
   92209     91255        48
   92258     91304        22
   92288     91334        27
   92316     91362        58
   92393     91439        63
   92457     91503        28
   92524     91570        21
   92546     91592        52
   92603     91649        71
   92675     91721        35
   92711     91757        85
   92797     91843        24
   92855     91901        34
   92903     91949        24
   92972     92018        21
   92994     92040        20
   93032     92078        35
   93098     92144        46
   93157     92203        49
   93207     92253        32
   93278     92324        57
   93336     92382        34
   93378     92424        26
   93524     92570        27
   93578     92624        37
   93616     92662        26
   93643     92689        22
   93666     92712        25
   93701     92747        27
   93732     92779        50
   93987     92936        21
   94009     92958        28
   94120     93074        27
   94190     93157        23
   94250     93226        26
   94330     93306        25
   94386     93414        24
   94422     93450        80
   94527     93555        54
   94618     93659        35
   94781     93802        38
   94830     93850        31
   94862     93882        20
   94908     93936        37
   94997     94025       105
   95115     94143        71
   95187     94215        29
   95227     94255        58
   95311     94339        33
   95348     94376        78
   95439     94467        26
   95466     94494        24
   95491     94519       177
   95673     94701        59
   95733     94761        33
   95767     94795       126
   95894     94922        40
   95935     94963        60
   95996     95024        39
   96057     95086        67
   96125     95154        21
   96147     95176        21
   96185     95215        57
   96243     95273        65
   96309     95339        32
   96342     95372        39
   96391     95442        82
   96489     95540        46
   96545     95596        28
   96589     95640        81
   96671     95722        68
   96740     95791        26
   96767     95818        40
   96820     95871        29
   96850     95901        41
   96892     95943       170
   97065     96116        67
   97133     96184        66
   97219     96270        83
   97360     96425        25
   97421     96495        32
   97449     96533        21
   97472     96556        22
   97502     96587        26
   97525     96636        22
   97548     96659       115
   97674     96785        21
   97696     96807        37
   97734     96845        35
   97770     96881        83
   97874     96985        47
   97922     97033        49
   97980     97091        43
   98037     97148        43
   98081     97192        85
   98167     97278        27
   98195     97306        49
   98253     97364        67
   98333     97449        86
   98420     97536        21
   98458     97574        91
   98550     97666        99
   98650     97766        44
   98695     97811        26
   98739     97855        30
   98770     97886       120
   98891     98007        52
   99018     98146        21
   99053     98181        28
   99087     98215        24
   99287     98477        38
   99381     98580        23
   99437     98635        41
   99523     98721        28
   99597     98794        25
   99635     98833        46
   99728     98926        22
   99751     98949        20
   99791     98960        26
   99819     98988        30
   99868     99037        21
   99905     99086        26
  100001     99194        20
  100087     99285        33
  100155     99344        27
  100183     99372        21
  100222     99411        21
  100328     99671        23
  100373     99729        31
  100405     99761       114
  100520     99876        21
  100565     99922        42
  100640     99997        61
  100702    100059       247
  100950    100307       183
  101139    100496       146
  101286    100643        50
  101337    100694        53
  101391    100748       300
  101692    101049        29
  101736    101093        87
  101824    101181       446
  102272    101629        20
  102322    101674        30
  102374    101726        40
  102436    101789        25
  102479    101828        27
  102528    101876        30
  102559    101907        74
  102646    101994        56
  102718    102066        29
  102748    102096        28
  102777    102125        40
  102818    102166        45
  102864    102212        24
  102907    102261        54
  102954    136527        23
  102970    102324        37
  103019    102371        36
  103057    102409        26
  103084    102436        49
  103134    102486        28
  103163    102515        30
  103197    102552        55
  103253    102608        22
  103276    102631        21
  103298    102653        52
  103382    102737        30
  103413    102768        41
  103455    102810       107
  103590    102939       107
  103698    103047        54
  103753    103102       104
  103858    103207        33
  103907    103258        88
  103995    103341        21
  104017    103363        48
  104066    103412        65
  104153    103504        42
  104206    103550        31
  104240    103582        34
  104300    103638        26
  104334    103677       103
  104473    103817        35
  104534    103878        22
  104571    103915        38
  104610    103954        35
  104649    103997        67
  104720    104068        57
  104778    104126        31
  104810    104158       135
  104946    104294        22
  104976    104323        20
  104997    104344        30
  105028    104375        22
  105051    104398       157
  105210    104558       119
  105330    104678       182
  105513    104861        84
  105607    104955        91
  105699    105047       158
  105858    105206        24
  105909    105257       200
  106161    105509        48
  106215    105563        29
  106245    105593        32
  106279    105626       139
  106419    105766       328
  106769    106114        30
  106814    106159        95
  106910    106255       239
  107150    106495       338
  107489    106834        23
  107513    106858        48
  107562    106907        95
  107659    107004        28
  107707    107052        24
  107752    107066        31
  107784    107098        20
  107907    107216       109
  108017    107326        54
  108112    107408        43
  108206    107508        20
  108249    107549        31
  108281    107581        31
  108313    107613        70
  108401    107705        21
  108425    107729        40
  108590    107926        26
  108666    108002        35
  108779    108121        21
  108839    108191        21
  108918    108270        93
  109023    108375        33
  109072    108424        29
  109138    108490        55
  109293    108640        20
  109316    108663        22
  109364    108711        63
  109447    108794        25
  109473    108820        25
  109499    108846        26
  109526    108873        84
  109618    108965        23
  109642    108989        57
  109711    109058        56
  109773    109120        32
  109821    109168        61
  109909    109256        24
  110014    109343        29
  110056    109385        28
  110225    110515        23
  110485    110775        20
  110986    111258        20
  111106    111378        20
  111395    111667        28
  111517    111789        26
  111568    111840        32
  111709    111981        20
  111771    112043        27
  111844    112116        29
  111874    112146        32
  111997    112269        20
  112105    112377        20
  113911    114683        56
  114203    115013        20
  114393    115203        20
  114735    115548        20
  114806    115619        24
  114855    115668        21
  114928    115741        26
  115601    116440        21
  115868    116707        21
  115890    116729        23
  115974    116813        23
  116031    116870        28
  116352    117191        23
  116435    117274        21
  116513    117352        21
  116558    117397        24
  117067    117956        40
  117362    118268        22
  117596    118502        32
  117873    118885        38
  118308    119320        24
  118783    119955        23
  118831    120003        29
  118882    120054        23
  118906    120078        20
  118993    120165        44
  119083    120255        26
  119337    120502        23
  119553    120718        32
  119601    120766        41
  119643    120808        26
  119670    120835        20
  119770    120935        22
  119793    120958        26
  119820    120985        20
  120041    121207        23
  120756    121839        24
  120926    122018        40
  120973    122065        55
  121105    122197        38
  121255    122347        28
  121406    122498        21
  121441    122533        39
  121895    122987        21
  121952    123044        26
  122057    123149        22
  122200    123292        24
  122264    123356        35
  122408    123500        26
  122449    123541        33
  122591    123683        35
  122767    123906        20
  124058    125205        20
  124701    125923        22
  125329    126554        24
  125546    126771        21
  126176    127407        35
  128106    129445        28
  128147    129486        29
  128257    129578        24
  128308    129629        61
  128385    129706        32
  128423    129744        56
  128491    129812        57
  128549    129870        23
  128580    129901        84
  128665    129986        26
  128692    130013        25
  128718    130039        25
  128763    130084        63
  128852    130173        22
  128877    130198        20
  128997    130313        55
  129089    130405        29
  129134    130450        33
  129179    130495        93
  129330    130646        21
  129390    130716        21
  129489    130821        35
  129574    130906        26
  129725    131089        40
  129768    131132        21
  129807    131175        70
  129878    131246        31
  129910    131278        31
  129964    131330        20
  130035    131407        43
  130119    131478        54
  130174    131533       109
  130386    131740        20
  130407    131761        31
  130459    131782        24
  130503    131826        28
  130533    131856        95
  130629    131952        48
  130678    132001        23
  130702    132025       338
  131041    132364       239
  131281    132604        95
  131391    132714        30
  131443    132764       328
  131772    133093       139
  131913    133233        32
  131946    133266        29
  131981    133301        48
  132081    133401       200
  132308    133628        24
  132333    133653       158
  132492    133812        91
  132593    133913        84
  132678    133998       182
  132861    134181       119
  132982    134303       157
  133140    134461        22
  133163    134484        30
  133194    134515        20
  133222    134542        22
  133245    134565       135
  133381    134701        31
  133413    134733        57
  133474    134794        67
  133545    134869        35
  133581    134905        38
  133634    134958        22
  133682    135006        35
  133753    135078       103
  133864    135194        26
  133916    135242        34
  133953    135277        31
  133995    135312        42
  134059    135381        65
  134125    135447        48
  134174    135496        21
  134195    135512        88
  134299    135618        33
  134333    135652       104
  134438    135757        54
  134493    135812       107
  134628    135941       107
  134736    136049        41
  134778    136091        30
  134840    136153        52
  134893    136206        21
  134915    136228        22
  134938    136251        55
  134997    136313        30
  135028    136344        28
  135057    136373        49
  135107    136423        26
  135135    136451        36
  135183    136497        37
  135213    102308        23
  135229    136543        54
  135302    136622        24
  135327    136647        45
  135373    136693        40
  135414    136734        28
  135443    136763        29
  135488    136808        56
  135557    136877        74
  135632    136952        30
  135684    137003        27
  135729    137044        25
  135776    137092        40
  135838    137154        30
  135898    137209        20
  135920    137231       446
  136367    137678        87
  136469    137780        29
  136499    137810       300
  136800    138111        53
  136854    138165        50
  136905    138216       146
  137057    138368       183
  137241    138552       247
  137489    138800        61
  137583    138894        42
  137649    138961        21
  137671    138983       114
  137786    139098        31
  137839    139164        23
  137947    139426        21
  137986    139465        21
  138008    139487        27
  138070    139540        33
  138169    139644        20
  138259    139746        26
  138301    139800        21
  138341    139840        30
  138373    139872        26
  138419    139889        20
  138440    139910        22
  138509    139979        46
  138568    140039        25
  138639    140109        28
  138712    140182        41
  138786    140255        23
  138865    140343        38
  139079    140619        24
  139109    140649        28
  139151    140691        21
  139247    140799        52
  139300    140852       120
  139421    140973        30
  139469    141021        26
  139496    141048        44
  139541    141093        99
  139641    141193        91
  139749    141301        21
  139771    141323        86
  139870    141427        67
  139946    141503        49
  139996    141553        27
  140024    141581        85
  140110    141667        43
  140167    141724        43
  140219    141776        49
  140269    141826        47
  140337    141894        83
  140421    141978        35
  140457    142014        37
  140495    142052        21
  140527    142084       115
  140643    142200        22
  140662    142245        26
  140696    142280        22
  140720    142304        21
  140737    142331        32
  140805    142408        25
  140888    142505        83
  140991    142608        66
  141058    142675        67
  141128    142745       170
  141299    142916        41
  141341    142958        29
  141383    143000        40
  141424    143041        26
  141451    143068        68
  141520    143137        81
  141617    143234        28
  141655    143272        46
  141717    143334        82
  141809    143447        39
  141849    143487        32
  141882    143520        65
  141948    143586        57
  142022    143661        21
  142044    143683        21
  142066    143705        67
  142155    143795        39
  142195    143835        60
  142256    143896        40
  142297    143937       126
  142424    144064        33
  142458    144098        59
  142522    144162       177
  142700    144340        24
  142725    144365        26
  142764    144404        78
  142846    144486        33
  142905    144545        58
  142974    144614        29
  143004    144644        71
  143088    144728       105
  143245    144885        37
  143308    144956        20
  143329    144977        31
  143371    145018        38
  143537    145164        35
  143609    145249        54
  143688    145328        80
  143780    145420        24
  143835    145527        25
  143914    145606        26
  143977    145678        23
  144043    145757        27
  144153    145872        28
  144182    145901        21
  144408    146029        50
  144462    146084        27
  144499    146121        25
  144525    146147        22
  144548    146170        26
  144575    146197        37
  144639    146261        27
  144786    146408        26
  144820    146442        34
  144855    146477        57
  144951    146573        32
  144984    146606        49
  145046    146668        46
  145123    146745        35
  145176    146798        20
  145197    146819        21
  145263    146885        24
  145301    146923        34
  145369    146991        24
  145394    147016        85
  145480    147102        35
  145516    147138        71
  145592    147214        52
  145645    147267        21
  145705    147327        28
  145734    147356        63
  145816    147438        58
  145875    147497        27
  145910    147532        22
  145933    147555        48
  145999    147630        52
  146052    147683        61
  146243    147868        44
  146321    147946        91
  146437    148062        35
  146494    148119        40
  146535    148160        22
  146583    148208        35
  146626    148251        26
  146727    148352        87
  146815    148440        22
  146838    148463        28
  146867    148492        57
  146931    148565        22
  146954    148588        22
  147001    148644        20
  147020    148669        33
  147054    148703        40
  147117    148766        24
  147143    148792        22
  147168    148817        33
  147222    148871        38
  147335    148990        27
  147367    149022        38
  147452    149113        39
  147511    149172        20
  147554    149215        40
  147630    149291        26
  147657    149318        48
  147706    149367        21
  147728    149389        33
  147797    149464        45
  147843    149510        43
  147923    149590        25
  147996    149663        40
  148056    149729        27
  148084    149757        29
  148125    149798        31
  148186    149859        84
  148271    149944        20
  148301    149974        22
  148331    150004        73
  148415    150088        29
  148506    150179        25
  148532    150205        35
  148569    150242        24
  148666    150318        25
  148723    150375        46
  148794    150446        74
  148869    150521        24
  148900    150546        44
  148955    150601        40
  148996    150642        64
  149069    150715        21
  149095    150741        24
  149120    150766        27
  149201    150847        26
  149246    150892        70
  149378    151033        37
  149416    151071        37
  149484    151139        28
  149529    151184        31
  149626    151275        34
  149706    151355        39
  149752    151401        32
  149829    151478        34
  149864    151513        36
  149914    151563        40
  149955    151604        25
  149981    151630        85
  150067    151716        33
  150102    151751        28
  150247    151821        64
  150385    151965        26
  150449    152029        29
  150479    152059        32
  150551    152131        29
  150623    152203        32
  150675    152255        25
  150701    152281        21
  150723    152303        40
  150764    152344        40
  150813    152393        24
  150838    152418        55
  150895    152475        60
  150983    152563        21
  150998    152584        23
  151039    152628        21
  151100    152689        22
  151125    152714        28
  151186    152775        56
  151306    152890        32
  151360    152944        43
  151404    152988        20
  151456    153040        28
  151485    153069        30
  151573    153157        20
  151595    153179        60
  151656    153240        45
  151722    153306        41
  151764    153348        26
  151791    153375        92
  151907    153485        46
  151961    153539        47
  152012    153590        38
  152060    153638        62
  152123    153701        45
  152169    153747        62
  152232    153810        38
  152273    153851        36
  152310    153888        20
  152349    153927        45
  152395    153973        31
  152427    154005        35
  152463    154041        49
  152550    154123        69
  152620    154193        82
  152705    154278        42
  152757    154330        24
  152782    154355        27
  152882    154445        51
  152954    154517        79
  153048    154611        28
  153120    154683        37
  153169    154732        30
  153204    154767        70
  153284    154847        24
  153309    154872        22
  153332    154895        40
  153381    154944        20
  153459    155029        32
