> gi|514252878|gb|KC893632.1|
       5         1        49
      55        51        28
     306       352        20
     327       373        23
     351       397        20
     372       418        20
     426       472        25
     552       598        38
     624       670       131
     783       829        50
     885       931        35
     936       982        20
     966      1012        29
    1001      1047        42
    1080      1126        26
    1122      1168        23
    1146      1192        29
    1191      1237        29
    1227      1273        86
    1314      1360        31
    1424      1460        23
    1568      1664        23
    1645      1749        39
    2891      3034        25
    3180      3329        25
    3601      3738        22
    4083      4241        22
    8468     15937        29
   10152     64397        27
   46003     53746        30
   47983     17745        21
   52982     12999        20
   58952     58200        31
   58997     58245        20
   59020     58268        21
   59087     58335        22
   59146     58394        31
   59185     58433        27
   59249     58497        22
   59377     58625        23
   59503     58751        20
   59566     58814        32
   60502     59265        47
   61309     59762        34
   62747     60841        26
   62782     60876        22
   62996     61090        29
   63047     61141        26
   63095     61189        24
   63310     61381        32
   63492     61563        41
   63555     61626        40
   63596     61667        30
   63645     61716        23
   63804     61875        26
   63891     61962        22
   63972     62043        20
   64059     62130        32
   64125     62196        23
   64155     62226        20
   65332     63054        26
   65389     63111        47
   65585     63318        35
   65636     63369        26
   65705     63437        34
   65865     63592        26
   65892     63619        20
   65946     63673        20
   66009     63736        20
   66042     63769        51
   66096     63823        27
   66217     63947        23
   67012     64743        24
   67267     64991        36
   67312     65036        20
   67333     65057        21
   67495     65255        28
   67544     65304        30
   67735     65460        65
   68089     65813        24
   68165     65889        23
   68210     65934        24
   68472     66525        21
   68819     66971        35
   68889     67041        43
   68978     67130        31
   69049     67201        23
   69433     67579        21
   69620     67769        23
   70045     68178        21
   70179     68323        26
   70520     68696        27
   70931     69166        35
   71627     70003        29
   71742     70118        23
   71904     70280        23
   72469     70735        23
   72667     70946        20
   72692     70971        22
   72742     71021        20
   73276     71497        20
   73321     71542        23
   73384     71605        23
   73426     71647        32
   73459     71680        29
   73534     71755        20
   73603     71824        23
   73681     71902        20
   73756     71977        35
   73831     72052        23
   73859     72080        22
   73933     72154        20
   73996     72217        23
   74026     72247        26
   74326     72547        41
   74509     72730        26
   74536     72757        35
   74584     72805        23
   74662     72883        23
   74686     72907        26
   74740     72961        23
   74961     73176        31
   75210     73424        27
   75248     73462        21
   75330     73550        21
   75525     73747        34
   75697     73940        22
   76414     74752        41
   76510     74848        20
   76591     74929        29
   76642     74980        29
   76672     75010        30
   76864     75202        20
   76888     75226        20
   76996     75334        33
   77174     75510        21
   77262     75593        21
   78013     76311        35
   78058     76356        26
   78127     76425        26
   78154     76452        20
   78184     76482        23
   78259     76557        50
   78344     76642        25
   78973     77354        42
   79067     77448        22
   79118     77499        22
   79150     77531        20
   79253     77634        20
   79364     77745        41
   79509     77890        25
   79589     77970        26
   79622     78003        21
   79809     78186        28
   79865     78242        32
   79929     78306        31
   79982     78359        20
   80258     78853        25
   80335     78930        23
   80869     79495        23
   81397     80131        20
   81453     80187        39
   81885     80620        23
   82020     80755        22
   82218     80953        32
   82697     81651        20
   83431     82450        23
   83455     82474        20
   83476     82495        22
   83521     82540        20
   83563     82582        20
   83641     82660        20
   83938     82957        23
   83962     82981        21
   84701     83601        30
   84810     83777        21
   84832     83799        33
   84882     83849        24
   84907     83874        20
   84955     83922        31
   85033     84000        20
   85071     84038        37
   85177     84144        23
   85201     84168        35
   85237     84204        21
   85259     84226        24
   85284     84251        24
   85309     84276        34
   85381     84392        27
   85409     84420        33
   85443     84454        35
   85520     84531        31
   85576     84587        56
   85655     84670        57
   85728     84743        80
   85809     84824        31
   85860     84875       113
   85989     85004        47
   86043     85058        31
   86075     85090        21
   86097     85112        40
   86140     85155        25
   86179     85194        21
   86253     85268        38
   86317     85326        87
   86427     85436        26
   86521     85530        58
   86596     85605        31
   86663     85672        57
   86739     86027        95
   86839     86127        37
   86918     86205        56
   86989     86276        35
   87092     86379        23
   87116     86403        36
   87159     86446        25
   87185     86472        20
   87246     86533        27
   87274     86561        21
   87301     86588        28
   87330     86617        40
   87399     86686        24
   87427     86714        40
   87485     86772        49
   87535     86822        33
   87569     86856        26
   87602     86889        20
   87679     86966        22
   87724     87011        23
   87802     87095        23
   87887     87180        28
   87916     87209        29
   87961     87257        48
   88028     87324        23
   88090     87386        23
   88149     87445        61
   88207     87506        28
   88306     87605        20
   88629     87922        44
   88682     87975        24
   88729     88022        20
   88756     88049        56
   88895     88197        21
   88917     88219        27
   89058     88360        37
   89105     88407        24
   89154     88438        26
   89249     88533        41
   89331     88615        47
   89440     88724        30
   89471     88755        27
   89550     88834        24
   89597     88884        24
   89669     88956        23
   89746     89033        39
   89786     89073        53
   89867     89154        22
   89899     89186        50
   89951     89238        40
   90048     89335        58
   90154     89441        45
   90200     89487        26
   90242     89529        25
   90294     89581        53
   90366     89653        26
   90413     89700        22
   90429     89722        55
   90525     89818        33
   90568     89861        42
   90626     89919        26
   90659     89952        20
   90701     89994        37
   90785     90078        23
   90787     90101        22
   90878     90192        22
   90918     90232        22
   90941     90255        27
   90994     90308        30
   91025     90339        22
   91049     90363        24
   91074     90388        21
   91096     90410        73
   91214     90543        27
   91268     90591        24
   91293     90616        32
   91376     90699        33
   91411     90734        22
   91434     90757        25
   91482     90805        35
   91536     90859        28
   91565     90888        48
   91625     90948        29
   91718     91041        42
   91778     91104        83
   91921     91232        26
   92025     91327        22
   92073     91375        52
   92129     91431        44
   92219     91530        32
   92258     91569        29
   92288     91599        27
   92330     91641        46
   92425     91736        36
   92515     91826        24
   92546     91857        52
   92604     91915        26
   92631     91942        41
   92678     91989        44
   92723     92034        26
   92750     92061        35
   92786     92097        20
   92828     92139        21
   92855     92166        47
   93015     92326        28
   93122     92427        50
   93173     92478        33
   93242     92547        29
   93285     92590        46
   93336     92641        31
   93377     92682        26
   93598     92903        21
   93663     92968        31
   93695     93000        20
   94129     93204        20
   94256     93351        20
   94299     93394        22
   94329     93424        23
   94417     93456       104
   94526     93565        55
   94710     93772        22
   94837     93895        45
   94910     93976        34
   94958     94031        31
   95002     94075        34
   95062     94135        32
   95103     94176        53
   95157     94230        31
   95217     94290        43
   95261     94334        24
   95318     94391        29
   95349     94422        40
   95390     94463        34
   95427     94500        38
   95466     94539        24
   95491     94564        31
   95523     94596        42
   95566     94639        61
   95628     94701        26
   95673     94746        71
   95745     94818       148
   95894     94967        27
   95911    140935        20
   95951     95024        28
   96010     95089        38
   96103     95189        21
   96147     95233        27
   96193     95279       115
   96352     95438        31
   96410     95495        55
   96489     95574        46
   96536     95621        45
   96593     95678        40
   96634     95719        36
   96671     95756        68
   96740     95825        45
   96815     95900        31
   96847     95932        37
   96892     95977       170
   97063     96148        32
   97110     96195        27
   97138     96223        69
   97208     96293        28
   97237     96322        35
   97273     96358        29
   97426     96534        20
   97525     96652        59
   97585     96712        37
   97623     96750        72
   97698     96825        49
   97776     96903        89
   97875     97002       104
   97980     97107        23
   98004     97131        20
   98044     97172        20
   98082     97210        84
   98167     97295        23
   98195     97323        25
   98245     97373        63
   98333     97456        26
   98378     97501        33
   98488     97611        30
   98519     97642        32
   98559     97682        27
   98588     97711       106
   98753     97876        31
   98785     97908        20
   98806     97929        23
   98830     97953        20
   98854     97977        51
   98896     81040        42
   98929     98052        20
   99019     98159        39
   99437     98586        20
   99491     98648        20
   99523     98676        44
   99637     98789        44
   99904     99008        27
  100001     99117        20
  100092     99201        39
  100190     99295        24
  100371     99697        23
  100405     99731        31
  100444     99766        47
  100492     99814        35
  100567     99886        28
  100614     99930        25
  100657     99973        25
  100702    100018        38
  100741    100057        51
  100795    100111        66
  100862    100178        87
  100950    100266       171
  101143    100459        38
  101182    100498       108
  101291    100607        99
  101391    100707       154
  101546    100862       277
  101845    101161        89
  101947    101263        26
  101974    101290        27
  102002    101318       260
  102271    101587        21
  102323    101634        31
  102372    101683        41
  102460    101779        32
  102493    101812        21
  102526    101844        32
  102559    101877        30
  102590    101908        30
  102621    101939        64
  102695    102013        22
  102720    102038        27
  102748    102066        28
  102778    102096        21
  102800    102118        39
  102928    102249        28
  102957    102278        23
  102981    102302        27
  103107    102429        26
  103151    102480        24
  103176    102505        41
  103218    102547        36
  103251    102583        42
  103373    102708        38
  103413    102748        74
  103488    102823        64
  103609    102938        88
  103698    103027        21
  103720    103049        32
  103753    103082        45
  103799    103128        58
  103858    103187        24
  103931    103261        55
  104007    103332        21
  104029    103354        36
  104066    103391        21
  104088    103413        26
  104151    103476        39
  104333    103516        52
  104386    103569        60
  104450    103631        22
  104473    103654        39
  104523    103704        24
  104574    103761        35
  104616    103803        29
  104645    103836        20
  104677    103868        42
  104720    103911        32
  104778    103970        27
  104829    104021       110
  104948    104140        23
  104973    104166        23
  104997    104190        53
  105051    104244        68
  105120    104313        90
  105216    104411        64
  105281    104476        31
  105313    104508       199
  105513    104708        91
  105609    104804        89
  105699    104894        35
  105735    104930       122
  105859    105054        33
  105910    105105        43
  105983    105178        60
  106044    105239        42
  106087    105282        22
  106153    105348        24
  106178    105373        28
  106245    105440        32
  106286    105480       267
  106554    105748       122
  106677    105871        71
  106777    105969        22
  106830    106022        50
  106910    106102        69
  106980    106172       386
  107367    106559        76
  107444    106636        44
  107489    106681        25
  107546    106738        47
  107601    106794        84
  107688    106881        20
  107752    106914        37
  107822    106979        31
  107901    107062       115
  108017    107178        24
  108042    107203        50
  108112    107284        25
  108156    107332        23
  108284    107455        92
  108401    107572        24
  108629    107826        22
  108777    107985        22
  108812    108020        33
  108922    108151        38
  108964    108193        47
  109023    108252        24
  109048    108277        21
  109138    108367        24
  109217    108450        22
  109285    108566        30
  109396    108676        31
  109435    108715        29
  109519    108799        20
  109540    108820        27
  119862     81037        44
  128623    127103        27
  128651    127131        20
  128726    127206        29
  128763    127243        31
  128875    127354        30
  128951    127478        22
  129028    127559        24
  129121    127652        21
  129143    127674        24
  129179    127710        47
  129230    127761        38
  129345    127897        33
  129391    127943        22
  129539    128102        22
  129765    128354        24
  129814    128403        92
  130011    128595        23
  130053    128641        25
  130098    128697        50
  130149    128748        24
  130174    128773       115
  130337    128940        31
  130401    128999        37
  130482    129049        20
  130505    129072        84
  130597    129165        47
  130676    129244        25
  130702    129270        44
  130747    129315        76
  130824    129392       386
  131211    129779        69
  131310    129878        50
  131391    129959        22
  131442    130008        71
  131514    130080       122
  131637    130203       267
  131913    130478        32
  131984    130549        28
  132013    130578        24
  132081    130646        22
  132104    130669        42
  132147    130712        60
  132237    130802        43
  132298    130863        33
  132333    130898       122
  132456    131021        35
  132492    131057        89
  132586    131151        91
  132678    131243       199
  132878    131443        31
  132910    131475        64
  132980    131547        90
  133071    131638        68
  133140    131707        53
  133194    131761        23
  133219    131787        23
  133251    131819       110
  133385    131953        27
  133438    132007        32
  133471    132040        42
  133525    132094        20
  133545    132118        29
  133581    132154        35
  133643    132222        24
  133678    132257        39
  133718    132297        22
  133744    132321        60
  133805    132382        52
  134000    132435        39
  134076    132511        26
  134103    132538        21
  134125    132560        36
  134162    132597        21
  134204    132634        55
  134308    132739        24
  134333    132764        58
  134392    132823        45
  134438    132869        32
  134471    132902        21
  134493    132924        88
  134638    133063        64
  134703    133128        74
  134779    133204        38
  134897    133325        42
  134936    133367        36
  134973    133404        41
  135015    133446        24
  135057    133495        26
  135182    133621        27
  135210    133649        23
  135234    133673        28
  135351    133793        39
  135391    133833        21
  135414    133856        28
  135443    133885        27
  135473    133915        22
  135505    133947        64
  135570    134012        30
  135601    134043        30
  135632    134074        32
  135676    134117        21
  135698    134139        32
  135777    134226        41
  135836    134285        31
  135898    134342        21
  135928    134372       260
  136189    134633        27
  136217    134661        26
  136256    134700        89
  136367    134811       277
  136645    135089       154
  136800    135244        99
  136900    135344       108
  137009    135453        38
  137069    135513       171
  137241    135685        87
  137329    135773        66
  137398    135842        51
  137450    135894        38
  137508    135952        25
  137551    135995        25
  137595    136036        28
  137663    136101        35
  137699    136137        47
  137754    136188        31
  137796    136230        23
  137976    136631        24
  138059    136710        39
  138169    136813        20
  138259    136915        27
  138509    137117        44
  138623    137230        44
  138679    137282        20
  138733    137344        20
  139132    137752        39
  139241    137878        20
  139269    117723        25
  139285    137922        51
  139340    137977        20
  139361    137998        23
  139385    138022        20
  139406    138043        31
  139496    138133       106
  139604    138241        27
  139639    138276        32
  139672    138309        30
  139779    138416        33
  139831    138468        26
  139882    138514        63
  139970    138602        25
  140000    138632        23
  140024    138656        84
  140126    138758        20
  140166    138799        20
  140187    138820        23
  140211    138844       104
  140325    138958        89
  140443    139076        49
  140495    139128        72
  140568    139201        37
  140606    139239        59
  140744    139396        20
  140888    139563        29
  140918    139593        35
  140954    139629        28
  140983    139658        69
  141053    139728        27
  141095    139770        32
  141128    139803       170
  141306    139981        37
  141344    140019        31
  141405    140080        45
  141451    140126        68
  141520    140195        36
  141557    140232        40
  141609    140284        45
  141655    140330        46
  141725    140400        55
  141807    140481        31
  141882    140556       115
  142016    140690        27
  142066    140740        21
  142142    140823        38
  142211    140898        28
  142259     94995        20
  142269    140956        27
  142297    140984       148
  142446    141133        71
  142536    141223        26
  142563    141250        61
  142625    141312        42
  142668    141355        31
  142700    141387        24
  142725    141412        38
  142766    141453        34
  142801    141488        40
  142843    141530        29
  142905    141592        24
  142930    141617        43
  143002    141689        31
  143034    141721        53
  143096    141783        32
  143154    141841        34
  143201    141888        31
  143246    141940        34
  143308    142010        45
  143458    142156        22
  143609    142330        55
  143669    142390       104
  143838    142503        23
  143869    142534        22
  143914    142579        20
  144041    142726        20
  144475    142930        20
  144496    142951        31
  144571    143026        21
  144787    143242        26
  144823    143278        31
  144859    143314        46
  144919    143374        29
  144984    143439        33
  145018    143473        50
  145147    143596        28
  145288    143737        47
  145341    143790        21
  145384    143833        20
  145405    143854        35
  145441    143890        26
  145468    143917        44
  145518    143967        41
  145560    144009        26
  145592    144041        52
  145651    144100        24
  145729    144178        36
  145814    144263        46
  145875    144324        27
  145903    144352        29
  145939    144388        32
  146017    144475        44
  146065    144523        52
  146143    144601        22
  146243    144692        26
  146329    144763        83
  146430    144867        42
  146536    144973        29
  146577    145014        48
  146626    145063        28
  146673    145110        35
  146731    145168        25
  146757    145194        22
  146781    145218        33
  146865    145302        32
  146898    145335        24
  146949    145380        27
  147021    145467        73
  147095    145541        21
  147117    145563        24
  147143    145589        22
  147166    145612        30
  147222    145668        27
  147250    145696        22
  147290    145736        22
  147381    145827        22
  147382    145849        23
  147452    145919        37
  147511    145978        20
  147538    146005        26
  147580    146047        42
  147632    146099        33
  147706    146173        55
  147755    146228        22
  147798    146271        26
  147843    146316        53
  147923    146396        25
  147964    146437        26
  147991    146464        45
  148084    146557        58
  148199    146672        40
  148241    146714        50
  148301    146774        22
  148351    146824        53
  148405    146878        39
  148498    146971        23
  148569    147042        24
  148616    147092        24
  148692    147168        27
  148720    147196        30
  148812    147288        47
  148900    147376        41
  149010    147486        26
  149061    147519        24
  149095    147553        37
  149246    147704        27
  149274    147732        21
  149378    147845        56
  149441    147908        20
  149484    147951        24
  149517    147984        44
  149864    148325        20
  149955    148416        28
  149980    148444        61
  150077    148541        23
  150139    148603        23
  150181    148645        48
  150245    148712        29
  150275    148742        28
  150365    148832        23
  150443    148916        23
  150489    148962        22
  150568    149041        20
  150595    149068        26
  150622    149095        33
  150656    149129        49
  150723    149196        40
  150767    149240        24
  150820    149293        40
  150861    149334        28
  150895    149368        21
  150917    149390        27
  150985    149458        20
  151006    149479        25
  151038    149511        36
  151075    149548        23
  151166    149639        35
  151216    149689        56
  151314    149786        37
  151356    149828        95
  151470    150221        57
  151563    150314        31
  151611    150362        58
  151737    150488        26
  151786    150537        87
  151899    150644        38
  151990    150735        21
  152025    150770        25
  152053    150798        40
  152094    150839        21
  152116    150861        31
  152154    150899        47
  152217    150962       113
  152350    151095        31
  152382    151127        80
  152478    151223        57
  152558    151307        56
  152639    151388        31
  152712    151461        35
  152748    151497        33
  152782    151531        27
  152847    151640        34
  152882    151675        24
  152907    151700        24
  152932    151725        21
  152954    151747        35
  152990    151783        23
  153082    151875        37
  153137    151930        20
  153204    151997        31
  153263    152056        20
  153284    152077        24
  153325    152118        33
  153359    152152        21
  153459    152319        30
