> gi|442566906|gb|KC180778.1|
       8         1        76
     315       575        59
     426       686        44
     498       758        23
     540       800        50
     591       851        89
     681       941        56
     738       998        56
     798      1058        35
     885      1145        35
     921      1181        74
    1002      1262        35
    1074      1334        29
    1122      1382       140
    1263      1523        82
    1346      1606        39
    1422      1682        25
    1568      1883        44
    1645      1955        43
    2262      2573        22
    3062      3364        20
    3178      3480        27
    3861      4208        22
    4074      4436        47
    5036      5102        24
    5157      5223        32
    6091      6119        57
    7242      7603        76
    7450      7806        20
    7471      7827        21
    7493      7849        22
    7737      8120        24
    7800      8183        33
    8225      8581        28
    8272      8628        26
    8299      8655        26
    8326      8682        27
    8466      8858        35
    8502      8894        47
    8799      9190        30
    9347      9732        41
    9461      9846        29
    9589      9971        29
    9991     10411        33
   10025     10445        28
   10063     10488        62
   10333     10804        43
   10377     10848        33
   10547     11284        29
   10658     11395        32
   10724     11461        38
   10763     11500        32
   10874     11611        38
   10931     11668        25
   11000     11737        41
   11072     11809        21
   11120     11857        29
   11150     11887        20
   11171     11908        29
   11213     11950        39
   11282     12019        32
   11417     12154        23
   11474     12211        65
   11540     12277        26
   11621     12358        26
   11687     12424        32
   11720     12457        29
   11780     12517        50
   11843     12580        46
   11918     12655        44
   11975     12712        28
   12088     12808        26
   12148     12868        74
   12268     12988        26
   12370     13090        23
   12438     13158        26
   12465     13185        30
   12530     13250        22
   12625     13353        23
   12743     13488        28
   13181     13961        20
   13202     13982        36
   13240     14020        26
   13267     14047        35
   13661     14569        22
   13803     14717        26
   13929     14843        20
   13974     14888        20
   13995     14909        32
   14066     14975        27
   14412     15336        25
   14783     15856        22
   14953     16051        26
   14980     16078        65
   15046     16144        50
   15109     16207        26
   15139     16237        20
   15274     16372        35
   15337     16435        23
   15379     16477        26
   15529     16627        38
   15609     16707        21
   15631     16729        30
   15720     16815        26
   15958     17035        23
   16009     17086        26
   16048     17125        41
   16150     17227        36
   16269     17346        51
   16417     17494        29
   16481     17558        34
   16681     17763        35
   16817     17933        27
   17057     18173        20
   17099     18215        29
   17129     18245        26
   17285     18401        29
   17348     18464        35
   17396     18512        23
   17501     18617        20
   17540     18656        23
   17576     18692        28
   17882     19028        20
   17903     19049        29
   18074     19214        20
   18137     19277        20
   18419     19571        26
   18518     19670        25
   18581     19733        21
   18626     19778        23
   18671     19823        35
   18761     19913        38
   18898     20050        21
   19009     20161        30
   19079     20231        23
   19109     20261        29
   19631     20780        24
   19694     20843        34
   19868     21017        26
   19937     21086        25
   20050     21199        27
   20369     21518        26
   20402     21551        38
   20450     21599        47
   20498     21647        29
   20552     21701        41
   20603     21752        38
   20654     21803        29
   20720     21869        23
   20762     21911        23
   20786     21935        23
   20819     21968        26
   20846     21995        41
   21386     22546        37
   21573     22739        20
   21612     22778        29
   21660     22826        41
   21722     22888        30
   21822     22988        20
   21870     23036        59
   21951     23117        20
   22032     23198        23
   22056     23222        47
   22116     23282        26
   22149     23315        38
   22221     23387        88
   22389     23555        29
   22419     23585        40
   22551     23717        20
   22593     23759        32
   22659     23825        23
   22719     23885        32
   22770     23934        40
   22874     24034        20
   23127     24215        27
   23419     24509        23
   23483     24572        25
   23532     24621        22
   23561     24650        31
   23600     24689        20
   23621     24710        23
   23672     24761        29
   23732     24821        53
   23792     24881        29
   23822     24911        71
   23915     25004        21
   23990     25079        31
   24046     25135        22
   24070     25159        20
   24148     25237        23
   24187     25276        44
   24238     25327        20
   24292     25381        23
   24316     25405        23
   24343     25432        56
   24424     25513        26
   24460     25549        20
   24492     25581        29
   24559     25648        20
   24610     25699        32
   24658     25747        21
   24724     25813        20
   24748     25837        20
   24769     25858        21
   24868     25957        25
   24913     26002        29
   25035     26124        30
   25090     26179        20
   25141     26230        44
   25195     26284        21
   25217     26306        21
   25300     26389        24
   25337     26426        21
   25510     26599        26
   25630     26719        23
   25677     26766        21
   25782     26871        20
   25960     27055        29
   25990     27085        25
   26128     27223        22
   26151     27246        32
   26184     27279        21
   26208     27303        26
   26235     27330        21
   26257     27352        55
   26419     27514        47
   26470     27565        35
   26515     27610        34
   26629     27724        53
   26701     27796        24
   26727     27822        45
   26773     27868        47
   26838     27933        21
   26860     27955        26
   26934     28029        30
   26965     28060        33
   27051     28146        21
   27079     28174        44
   27151     28246        20
   27315     28405        24
   27948     29051        28
   28339     29585        61
   29030     87013        20
   29179     30566        21
   30320     31681        20
   30341     31702        21
   30381     31741        33
   30464     31830        29
   30520     31886        22
   30887     32824        44
   30932     32869        20
   31060     33325        34
   31095     33360        34
   31130     33395        25
   31180     33445        38
   31257     33522        20
   31318     33593        34
   32071     34420        73
   32452     34822        28
   33451     35856        99
   33551     35956        20
   33587     35992        23
   33617     36022        71
   33746     36151        56
   33830     36235        41
   33872     36277        44
   33917     36322        50
   33968     36373        20
   33989     36394        29
   34056     36461        47
   34112     36517       101
   34229     36634       114
   34349     36754        29
   34391     36796        23
   34415     36820        23
   34439     36844        80
   34520     36925        28
   34552     36957        31
   34680     37085        29
   34725     37130        32
   34759     37164        28
   34818     37223        20
   34905     37310        20
   34926     37331        41
   34968     37373        24
   35013     37418        20
   35064     37469        20
   35085     37490        21
   35109     37514        23
   35151     37556        23
   35193     37598        53
   35274     37679        26
   35328     37733        20
   35349     37754        20
   35403     37808        20
   35424     37829        41
   35469     37874        47
   35550     37955        44
   35595     38000        27
   35655     38060        29
   35736     38141        56
   35796     38201        59
   35859     38264        38
   36006     38422        20
   36178     38592        24
   36218     38632        23
   36574     39012        28
   36679     39117        20
   36700     39138        49
   36986     39992        36
   37023     40029        27
   37218     40236        47
   37348     40372        34
   37455     40481        29
   37506     40532        47
   37641     40667        22
   37691     40717        48
   37907     40938        20
   37928     40959        44
   37973     41004        26
   38012     41043        56
   38075     41106        47
   38132     41163        20
   38162     41193        25
   38210     41241        38
   38249     41280        23
   38273     41304        26
   38327     41358        20
   38411     41442        20
   38438     41469        23
   38462     41493        26
   38639     41670        29
   38714     41745        23
   38738     41769        20
   38774     41805        20
   38819     41850        32
   38861     41892        32
   38933     41964        20
   38954     41985        32
   38995     42026        27
   39077     42108        26
   39182     42213        26
   39209     42240        20
   39220     44475        30
   39362     42393        28
   39428     42459        20
   39518     42549        20
   39539     42570        47
   39653     42684        20
   39683     42714        44
   39735     42766        37
   39773     42804        47
   39839     42870        47
   39908     42939        59
   39986     43017        82
   40069     43100       114
   40200     43231        77
   40281     43312        44
   40326     43357        20
   40347     43378        29
   40404     43435        20
   40440     43471        26
   40488     43519        41
   40563     43594        23
   40602     43633        26
   40674     43705        35
   40713     43744        20
   40734     43765        20
   40803     43834        23
   40872     43903        32
   40905     43936        26
   40959     43990        47
   41020     44051        34
   41055     44086        35
   41157     44188       152
   41349     44380        20
   41400     44431        20
   41475     44506        35
   41511     44542        44
   41556     44587        29
   41586     44617        23
   41640     44671        41
   41742     44773        35
   41850     44881        47
   41913     44944        38
   41964     44995        47
   42030     45061        38
   42132     45163        27
   42160     45191        64
   42228     45259        58
   42312     45343        64
   42507     45533        38
   43110     46134        33
   43147     46171        26
   43183     46207        25
   43255     46279        22
   43280     46304        53
   43528     46546        23
   43606     46617        29
   43782     46767        22
   43893     46877        22
   43973     46986        38
   44012     47025        26
   44060     47073        35
   44135     47148        20
   44156     47169        62
   44247     47260        38
   44286     47299        20
   44360     47384        40
   44716     47748        33
   44785     47812        24
   44926     47992        28
   44985     48051        53
   45059     48125        20
   45127     48193        21
   45377     48493        26
   45931     48940       107
   46338     49332        23
   46362     49356        28
   46404     49398        21
   46545     49539        32
   46593     49587        23
   46662     49656        35
   46736     49730        33
   46800     49794        26
   46830     49824        20
   46873     49867        22
   46899     49893        23
   46929     49923        22
   47308     50121        76
   48071     51428        23
   48095     51452        32
   48129     51486        32
   48165     51519        24
   48227     51596        23
   48251     51620        25
   48430     51778        22
   48500     51848        26
   48562     51910        64
   48966     52131        83
   49712     52953        41
   49757     52998        36
   49794     53035        22
   49839     53080        25
   49930     53171        27
   49985     53226        25
   50057     53298        44
   50102     53343        20
   50181     53422        37
   50396     53625        20
   50428     53657        22
   50507     53736        39
   50583     53812        38
   50658     53887        29
   50766     53995        23
   50790     54019        29
   50865     54094        23
   50889     54118        49
   51009     54236        24
   51056     54283        25
   51101     54328        20
   51128     54355       110
   51322     54549        20
   51343     54570        24
   52370     55155        38
   52588     55356        28
   52700     55467        35
   52798     55569        23
   52951     55755        40
   53175     55986        74
   53271     56081        20
   53647     56512        32
   53790     56655        49
   53840     56705        31
   53920     56785        57
   54025     56890        23
   54061     56926        23
   54115     56980        47
   54163     57028        29
   54193     57058        29
   54244     57109        38
   54310     57175        26
   54364     57229        26
   54403     57268        31
   54475     57340        20
   54520     57385        71
   54604     57469        23
   54700     57565        50
   54799     57664        20
   54868     57733        77
   54968     57833        22
   55054     57919        23
   55078     57943        23
   55104     57969        54
   55159     58024        24
   55194     58059        39
   55249     58114        26
   55294     58159        20
   55645     58534        32
   55816     58696        39
   55915     58837        26
   56066     58977        23
   56090     59001        30
   56143     59054        26
   56189     59100        22
   56213     59124        22
   56236     59147        35
   56302     59213        62
   56419     59330        50
   56773     59684        23
   56814     59725        21
   56836     59747        20
   56857     59768        20
   56896     59807        44
   56941     59852        47
   57007     59918        32
   57076     59987        23
   57115     60026        32
   57148     60059        23
   57202     60113        45
   57265     60176        44
   57334     60245        26
   57453     60364        42
   57505     60416        26
   57627     60480        22
   57650     60503        39
   58214     61126        26
   58792     61709        20
   58939     61856        48
   59017     61934        35
   59077     61994        32
   59146     62063        47
   59248     62165        23
   59377     62294        23
   59401     62318        20
   59461     62378        41
   59566     62483        32
   59601     62518        39
   59684     62601        25
   60507     63456        37
   61005     63952        23
   61216     64163        31
   61269     64216        20
   61293     64240        47
   61386     64333        30
   61461     64408        21
   62683     65738        30
   62933     65988        20
   63095     66150        20
   63292     66357        20
   63371     66437        21
   63450     66516        32
   63483     66549        50
   63546     66612        49
   63603     66669        23
   63645     66711        20
   63757     66823        22
   63808     66874        22
   63849     66915        23
   63894     66960        23
   63921     66987        34
   63964     67030        28
   64107     67173        38
   64155     67221        23
   64197     67263        47
   64273     67339        23
   65335     68362       101
   65567     68609        53
   65636     68678        32
   65705     68746        37
   65791     68832        29
   65847     68883        32
   65892     68928        20
   65994     69030        26
   66036     69072        59
   66098     69134        21
   66217     69256        23
   66883     70268        21
   67004     70390        39
   67045     70431        23
   67267     70661        26
   67297     70691        23
   67333     70727        35
   67494     70898        29
   67524     70928        50
   67727     71160        73
   68089     71595        24
   68165     71671        20
   68189     71695        20
   68210     71716        25
   68533     72221        25
   68819     72570        35
   68869     72620        66
   68957     72708        59
   69431     73188        35
   69484     73241        20
   69536     73293        21
   69639     73396        38
   69678     73435        25
   69739     73496        44
   70179     73902        26
   70520     74227        53
   70574     74281        26
   70617     74324        36
   70680     74391        25
   70813     74553        30
   70940     74680        26
   71249     74993        29
   71279     10629        20
   71304     75038        36
   71538     75266        43
   71578     75313        21
   71626     75357        42
   71740     75471        25
   71778     75509        29
   71835     75566        38
   71904     75635        33
   71971     75703        21
   71990     75727        26
   72271     76020        20
   72476     76265        23
   72615     76421        24
   72656     76460        31
   72688     76492        27
   72721     76525        32
   72784     76588        23
   73034     76801        24
   73208     76957        22
   73266     77014        33
   73384     77132        23
   73417     77165        23
   73441     77189        53
   73591     77339        23
   73681     77429        20
   73747     77495        44
   73828     77576        35
   73933     77681        20
   73996     77744        29
   74026     77774        33
   74060     77808        40
   74147     77895        22
   74170     77918        26
   74296     78044        20
   74326     78074        41
   74431     78179        29
   74506     78254        29
   74545     78293        26
   74572     78320        41
   74645     78393        73
   74740     78488        23
   74925     78615        27
   74965     78655        27
   74993     78683        23
   75017     78707        48
   75064     78755        20
   75210     78905        27
   75238     78933        31
   75303     78995        22
   75330     79022        33
   75440     79134        20
   75548     79242        21
   75662     79374        23
   75697     79413        34
   75851     79556        23
   76362     80138        20
   76414     80198        29
   76444     80228        29
   76474     80258        29
   76531     80315        62
   76621     80405        20
   76642     80426        23
   76666     80450        47
   76831     80615        29
   76864     80648        20
   76888     80672        26
   76927     80711        65
   77174     80957        22
   77262     81034        21
   77317     81099        29
   77618     81360        21
   77955     81741        20
   77976     81762        36
   78013     81799        38
   78058     81844        26
   78091     81877        23
   78115     81901        38
   78184     81970        38
   78271     82057        29
   78310     82096        53
   78370     82156        50
   78478     82264        20
   78795     82650        20
   79067     82922        20
   79119     82974        28
   79150     83005        20
   79358     83213        47
   79478     83333        20
   79499     83354        20
   79616     83471        27
   79760     83602        38
   79809     83651        28
   79865     83707        41
   79973     83815        29
   80012     83854        20
   80048     83890        46
   80188     84030        22
   80257     84113        26
   80335     84191        23
   80414     84270        21
   80518     84395        25
   80886     84781        20
   80917     84812        24
   81169     85064        26
   81397     85317        20
   81459     85379        42
   81508     85428        24
   81533     85453        20
   81703     85623        23
   81880     85811        28
   82059     85990        20
   82137     86068        23
   82172     86103        45
   82224     86155        23
   82291     86222        22
   82839     86877        23
   83011     87051        20
   83156     87222        23
   83392     87455        32
   83446     87509        29
   83485     87548        20
   83527     87590        20
   83584     87647        31
   83689     87752        21
   83934     87997        49
   84106     88210        21
   84201     88305        22
   84271     88375        20
   84701     88819        30
   84789     88904        20
   84810     88925        21
   84832     88947        49
   84882     88997        69
   84952     89067        34
   85025     89140        45
   85071     89186        37
   85109     89224        33
   85157     89272        79
   85237     89352        71
   85310     89425        35
   85381     89494        27
   85409     89522        76
   85486     89599        33
   85520     89633        44
   85571     89684        69
   85666     89774        61
   85728     89836       131
   85860     89968       162
   86023     90131        29
   86053     90161        84
   86140     90248        33
   86179     90287        30
   86210     90318        26
   86237     90345        54
   86307     90415        88
   86396     90504        30
   86427     90535        21
   86489     90597        31
   86521     90629        74
   86597     90705        20
   86655     90767        21
   86677     90789        22
   86700     90812        40
   86741     90853        93
   86835     90947        56
   86892     91004        20
   86913     91025       109
   87029     91141        36
   87092     91204        23
   87116     91228        42
   87164     91276        56
   87236     91348        59
   87297     91409        40
   87338     91450        32
   87381     91493        34
   87427     91539        88
   87535     91647        60
   87600     91712        22
   87724     91836        52
   87779     91891        26
   87810     91928        22
   87879     91997        42
   87922     92040        38
   87961     92079        48
   88010     92128        38
   88049     92167        39
   88090     92208        33
   88124     92242       111
   88292     92401        27
   88328     92437        54
   88403     92512        41
   88445     92554        30
   88486     92595        23
   88526     92635        38
   88565     92674        32
   88641     92750        27
   88729     92838        59
   88789     92898        23
   88843     92952        29
   88872     92990        44
   88917     93035        27
   88963     93081        31
   89038     93156        26
   89065     93183        30
   89096     93214        25
   89130     93248        64
   89242     93360        37
   89331     93449        47
   89379     93497        20
   89400     93518        20
   89426     93544        72
   89552     93670        28
   89599     93717        22
   89625     93743        33
   89659     93777        33
   89693     93811        23
   89720     93838        25
   89759     93877        26
   89792     93910        62
   89865     93983        24
   89895     94013       117
   90071     94189        35
   90154     94272        80
   90242     94360        21
   90294     94412        53
   90348     94466        64
   90429     94553        55
   90485     94609        50
   90536     94660        89
   90626     94750        25
   90659     94783        20
   90699     94823        39
   90785     94909        38
   90824     94948        62
   90899     95023        51
   90994     95118        38
   91096     95220        43
   91140     95264        30
   91169     95299        20
   91214     95353        22
   91307     95446        59
   91376     95515        57
   91434     95573        25
   91482     95621        23
   91506     95645        58
   91565     95704        48
   91614     95753        21
   91656     95795        40
   91725     95864        35
   91778     95917        83
   91878     96017        49
   91985     96106        20
   92017     96138        44
   92069     96190       114
   92209     96339        78
   92288     96418        27
   92316     96446        25
   92342     96472        34
   92393     96523        31
   92425     96555        36
   92477     96607        35
   92513     96643        85
   92603     96733       171
   92786     96916        34
   92822     96952        32
   92855     96985        47
   92972     97102        21
   92994     97124        20
   93015     97145        52
   93107     97237        78
   93207     97337        32
   93251     97381        23
   93275     97405        60
   93336     97466        40
   93377     97507        27
   93409     97539        24
   93434     97564        36
   93494     97624        29
   93524     97654        27
   93616     97746        26
   93664     97794        30
   93695     97825        35
   93794     97924        27
   93888     98018        67
   93987     98412        28
   94016     98441        21
   94054     98479        21
   94106     98536        47
   94190     98630        20
   94212     98660        37
   94252     98701        24
   94292     98741        20
   94322     98771        30
   94415     98808       106
   94526     98919        60
   94580     98981        25
   94620     99026        33
   94711     99114        22
   94782     99183        37
   94830     99230        30
   94861     99261        21
   94910     99318        55
   94957     99372        32
   94997     99412        63
   95062     99477       151
   95217     99632        61
   95313     99728        34
   95348     99763        78
   95427     99842        38
   95466     99881        89
   95566     99981       102
   95673    100088       220
   95894    100309       101
   95996    100411        62
   96052    100470        72
   96125    100543        21
   96147    100565       161
   96309    100727        32
   96359    100777        24
   96391    100809        58
   96450    100868        38
   96489    100907        46
   96545    100963        36
   96593    101011        77
   96671    101089        94
   96766    101184        41
   96808    101226        77
   96904    101322       113
   97025    101443        37
   97063    101481        38
   97102    101520       151
   97254    101672        38
   97410    101851        43
   97472    101923        22
   97502    101954        22
   97533    102013        23
   97557    102037        27
   97585    102065       109
   97696    102176        73
   97770    102250        62
   97833    102313        32
   97866    102346       113
   97980    102460        45
   98029    102509        35
   98081    102561        39
   98114    102598        52
   98186    102670        34
   98221    102705       102
   98333    102823        44
   98378    102868        50
   98458    102948       125
   98584    103074       110
   98695    103185        42
   98739    103229        30
   98770    103260       183
   99022    103525        30
   99058    103561        23
   99129    103626        31
   99223    103720        26
   99287    103825        38
   99411    103955        25
   99438    103982        32
   99479    104029        42
   99534    104084        33
   99623    104172        58
   99684    104233        26
   99718    104267        32
   99790    104321        27
   99818    104349        22
   99978    104536        22
  100001    104559        20
  100052    104610        55
  100108    104666        33
  100156    104719        38
  100215    104778        46
  100362    105127        20
  100373    105146        31
  100405    105178        25
  100438    105211        81
  100565    105338        42
  100608    105381        31
  100640    105413        25
  100666    105439        33
  100702    105475       247
  100950    105723       275
  101226    105999       164
  101391    106164        63
  101455    106228       260
  101716    106489       107
  101824    106597       149
  101974    106747       160
  102135    106908       135
  102352    107120        62
  102444    107213        22
  102476    107245        24
  102526    107294        32
  102559    107327        74
  102634    107402        51
  102701    107468        46
  102748    107515        28
  102777    107544        36
  102814    107581        49
  102864    107631        24
  102906    107679        21
  102928    107701        28
  102957    107730        52
  103019    107793        36
  103057    107831        26
  103084    107858        66
  103151    107927       156
  103303    108083        47
  103360    108140        52
  103413    108193       142
  103566    108345        23
  103605    108384       226
  103832    108611        25
  103858    108637        20
  103907    108688        88
  104004    108780        24
  104029    108805        36
  104066    108842        21
  104105    108881        33
  104150    108926        45
  104206    108975        25
  104234    109001        40
  104275    109042        51
  104336    109099       104
  104451    109214        21
  104473    109236        39
  104513    109276        43
  104584    109347        25
  104646    109413        73
  104720    109487        32
  104753    109520        24
  104778    109545        31
  104810    109577       160
  104973    109739        20
  104997    109763        53
  105051    109817        63
  105115    109881        95
  105216    109986       383
  105607    110377        91
  105699    110469       194
  105908    110678       201
  106153    110923        44
  106215    110985        29
  106245    111015        32
  106279    111048       396
  106677    111446        70
  106769    111536       140
  106910    111677       239
  107150    111917       323
  107489    112256        99
  107589    112356        98
  107707    112474        24
  107752    112488        52
  107822    112553        31
  107894    112625       122
  108017    112748        68
  108156    112898        23
  108200    112943        26
  108228    112971        26
  108255    113000        36
  108292    113037        78
  108405    113150        30
  108439    113184        26
  108538    113303        26
  108629    113398        27
  108768    113549        21
  108917    113728        43
  108964    113775        51
  109023    113834        24
  109072    113883        35
  109138    113949        35
  109217    114029        20
  109271    114078        27
  109400    114212        27
  109428    114240        44
  109480    114301        35
  109526    114347        91
  109618    114439        23
  109642    114463        57
  109721    114542        46
  109773    114594        47
  109821    114642        48
  109887    114708        20
  109925    133674        22
  110023    114844        20
  110224    115027        27
  110330    115133        25
  110989    115792        24
  111025    115828        20
  111103    115906        29
  111186    115989        21
  111268    116071        41
  111328    116131        38
  111391    116194        32
  111514    116317        20
  111574    116377        23
  111709    116512        23
  111874    116677        56
  111957    116760        24
  112039    116842        26
  112105    116908        27
  112263    117066        29
  112532    117282        25
  113267    118177        35
  113911    118833        65
  114253    119206        25
  114501    119454        24
  114852    119808        24
  114924    119880        29
  114976    119932        21
  115431    120477        38
  115470    120516        31
  115565    120611        30
  115830    120876        20
  115992    121038        35
  116040    121086        26
  116235    121281        23
  116307    121353        23
  116415    121461        41
  116472    121518        35
  116995    122078        20
  117016    122099        20
  117052    122135        53
  117366    122488        25
  117422    122544        26
  117491    122613        26
  117527    122649        23
  117584    122706        44
  117846    123026        20
  117867    123047        29
  117897    123077        34
  118098    123278        23
  118134    123314        23
  118275    123455        20
  118308    123488        24
  118732    123963        25
  118789    124020        20
  118831    124062        47
  118906    124137        20
  118954    124185        20
  118993    124224        41
  119083    124314        26
  119235    124468        21
  119343    124594        29
  119424    124675        21
  119553    124804        23
  119634    124885        35
  119793    125044        26
  120045    125342        29
  120925    126159        26
  120985    126219        43
  121095    126329        42
  121156    126390        20
  121267    126501        23
  121291    126525        20
  121458    126692        37
  121514    126748        41
  121643    126877        31
  121688    126922        20
  121784    127018        29
  121926    127160        25
  121952    127186        26
  122027    127261        26
  122105    127339        23
  122147    127381        23
  122185    127419        24
  122393    127627        41
  122461    127695        21
  122522    127756        20
  122558    127792        32
  122591    127825        37
  122766    128008        24
  122880    128122        21
  123484    128759        33
  125338    130670        21
  125798    131154        28
  126184    131537        27
  126302    131661        32
  126474    131833        24
  126703    132083        24
  126842    132219        23
  128147    133578        20
  128243    114746        22
  128283    133714        20
  128321    133752        48
  128370    133801        47
  128423    133854        46
  128491    133922        57
  128549    133980        23
  128573    134004        91
  128675    134106        35
  128718    134158        44
  128763    134203        27
  128892    134337        27
  128953    134393        20
  129017    134458        35
  129083    134524        35
  129143    134584        24
  129175    134616        51
  129230    134671        43
  129401    134872        21
  129534    135017        27
  129626    135113        26
  129725    135232        26
  129755    135262        30
  129820    135327        78
  129899    135406        36
  129936    135445        26
  129964    135473        26
  130011    135521        23
  130105    135626        68
  130174    135695       122
  130337    135858        31
  130386    135902        52
  130459    135944        24
  130503    135988        98
  130602    136087        99
  130717    136202       323
  131041    136526       239
  131281    136766       140
  131443    136926        70
  131515    136998       396
  131913    137395        32
  131946    137428        29
  131993    137475        44
  132081    137563       201
  132297    137779       194
  132492    137974        91
  132591    138073       383
  132980    138466        95
  133076    138562        63
  133140    138626        53
  133197    138683        20
  133220    138705       160
  133381    138866        31
  133413    138898        24
  133438    138923        32
  133471    138956        73
  133581    139070        25
  133634    139123        43
  133678    139167        39
  133718    139207        21
  133750    139239       104
  133864    139349        51
  133916    139401        40
  133959    139442        25
  133995    139471        45
  134052    139528        33
  134103    139579        21
  134125    139601        36
  134162    139638        24
  134195    139666        88
  134312    139785        20
  134333    139806        25
  134359    139832       226
  134601    140074        23
  134635    140107       142
  134778    140250        52
  134840    140312        47
  134883    140359       156
  135040    140518        66
  135107    140585        26
  135135    140613        36
  135181    140660        52
  135234    140713        28
  135263    140742        21
  135302    140787        24
  135327    140812        49
  135377    140862        36
  135414    140899        28
  135443    140928        46
  135505    140989        51
  135557    141041        74
  135632    141116        32
  135690    141173        24
  135724    141207        22
  135776    141260        62
  135920    141399       135
  136056    141535       160
  136217    141696       149
  136367    141846       107
  136475    141954       260
  136736    142215        63
  136800    142279       164
  136965    142444       275
  137241    142720       247
  137491    142970        33
  137525    143004        25
  137551    143030        31
  137583    143062        42
  137671    143150        81
  137760    143239        25
  137786    143265        31
  137808    143295        20
  137929    143618        46
  137996    143685        38
  138049    143743        33
  138083    143777        55
  138169    143863        20
  138190    143884        22
  138350    144071        22
  138373    144094        27
  138440    144143        32
  138480    144183        26
  138509    144212        58
  138623    144325        33
  138669    144371        42
  138720    144428        32
  138754    144462        25
  138865    144579        38
  138941    144696        26
  139030    144785        31
  139109    144858        23
  139138    144887        30
  139237    144999       183
  139421    145183        30
  139453    145215        42
  139496    145258       110
  139607    145369       125
  139762    145524        50
  139813    145575        44
  139867    145635       102
  139970    145738        34
  140024    145792        52
  140070    145842        39
  140126    145898        35
  140165    145937        45
  140211    145983       113
  140325    146097        32
  140358    146130        62
  140421    146193        73
  140496    146268       109
  140606    146378        27
  140634    146406        23
  140666    146466        22
  140696    146497        22
  140737    146548        43
  140898    146732        38
  140937    146771       151
  141089    146923        38
  141128    146962        37
  141173    147007       113
  141305    147139        77
  141383    147217        41
  141425    147259        94
  141520    147354        77
  141609    147443        36
  141655    147489        46
  141702    147536        38
  141741    147575        58
  141807    147641        24
  141849    147683        32
  141882    147716       161
  142044    147878        21
  142066    147900        72
  142132    147969        62
  142195    148032       101
  142297    148134       220
  142522    148359       102
  142635    148472        89
  142725    148562        38
  142764    148601        78
  142843    148680        34
  142912    148749        61
  142977    148814       151
  143130    148967        63
  143201    149038        32
  143225    149069        55
  143308    149160        21
  143330    149182        30
  143371    149222        37
  143457    149306        22
  143537    149383        33
  143585    149436        25
  143604    149463        60
  143669    149528       106
  143838    149641        30
  143878    149681        20
  143914    149717        24
  143941    149745        37
  143980    149792        20
  144037    149859        47
  144115    149942        21
  144153    149980        21
  144175    150002        28
  144235    150357        67
  144369    150491        27
  144460    150582        35
  144496    150618        30
  144548    150670        26
  144639    150761        27
  144667    150789        29
  144720    150842        36
  144757    150879        24
  144786    150908        27
  144814    150936        40
  144855    150977        60
  144916    151038        23
  144951    151073        32
  145005    151127        78
  145123    151245        52
  145176    151298        20
  145197    151319        21
  145288    151410        47
  145336    151458        32
  145370    151492        34
  145416    151538       171
  145592    151714        85
  145678    151800        35
  145729    151851        36
  145766    151888        31
  145814    151936        34
  145849    151971        25
  145875    151997        27
  145903    152025        78
  146007    152138       114
  146129    152260        44
  146185    152316        20
  146263    152376        49
  146329    152442        83
  146430    152543        35
  146494    152607        40
  146555    152668        21
  146577    152690        48
  146626    152739        58
  146685    152798        23
  146731    152844        25
  146757    152870        57
  146824    152937        59
  146954    153067        22
  147001    153123        20
  147020    153148        30
  147051    153179        43
  147158    153286        38
  147240    153368        51
  147304    153432        62
  147367    153495        38
  147452    153580        39
  147511    153639        20
  147539    153667        25
  147565    153693        89
  147655    153783        50
  147706    153834        55
  147778    153912        64
  147843    153977        53
  147927    154061        21
  147956    154090        80
  148084    154218        35
  148178    154312       117
  148301    154435        24
  148336    154470        62
  148405    154539        26
  148445    154579        25
  148474    154608        23
  148498    154632        33
  148532    154666        33
  148569    154703        22
  148610    154744        28
  148692    154826        72
  148770    154904        20
  148791    154925        20
  148812    154946        47
  148911    155045        37
  148996    155130        64
  149069    155203        25
  149095    155229        30
  149126    155260        26
  149196    155330        31
  149246    155380        27
  149274    155408        44
  149318    155461        29
  149378    155521        23
  149402    155545        59
  149522    155665        27
  149593    155736        32
  149626    155769        38
  149681    155824        23
  149715    155858        30
  149746    155889        41
  149808    155951        54
  149871    156014        27
  149955    156089       111
  150067    156201        33
  150102    156236        39
  150142    156276        38
  150181    156315        48
  150230    156364        38
  150269    156403        42
  150358    156492        22
  150385    156525        26
  150414    156554        52
  150568    156708        22
  150595    156735        60
  150675    156815        88
  150775    156915        34
  150820    156960        32
  150853    156993        40
  150895    157035        59
  150970    157110        56
  151032    157172        42
  151075    157215        23
  151125    157265        36
  151168    157308       109
  151278    157418        20
  151299    157439        56
  151356    157496        93
  151450    157590        40
  151491    157631        22
  151514    157654        21
  151573    157717        20
  151595    157739        74
  151670    157814        31
  151742    157886        21
  151764    157908        30
  151795    157939        88
  151899    158043        54
  151954    158098        26
  151981    158125        30
  152017    158161        33
  152053    158197        84
  152138    158282        29
  152168    158312       162
  152331    158475       131
  152463    158607        61
  152550    158689        69
  152626    158765        44
  152671    158810        33
  152705    158844        76
  152782    158921        27
  152845    158982        35
  152882    159019        71
  152954    159091        79
  153048    159185        33
  153082    159219        37
  153120    159257        45
  153204    159341        34
  153239    159376        69
  153309    159446        49
  153359    159496        21
  153381    159518        20
