> gi|618626551|gb|KJ414482.1|
       4        35        29
      34        65        25
      60        91        22
     470       510        30
     507       547        65
     600       640        62
     663       703        20
     705       745        59
     789       829        23
     813       853        56
     873       913        74
     948       988        38
    1011      1051        20
    1070      1110        42
    1137      1177        38
    1257      1297        38
    1329      1369        38
    1371      1411        35
    1413      1453        41
    1461      1501        73
    1556      1596        21
    1613      1651        32
    1761      1845        30
    1840      1950        27
    2228      2321        34
    3153      3270        29
    3249      3372        23
    3620      3729        24
    3796      3924        20
    3979      4108        20
    4205      4339        23
    4291      4425        42
    5317      5420        25
    8089      5885        75
    8322      6109        21
    8657      6488        40
    9094      6988        31
    9129      7023        26
    9357      7229        36
    9394      7266        23
    9418      7290        31
   10092      8215        26
   10171      8300        40
   10472      8602        28
   10628      8783        35
   10734      8892        21
   10806      8960        22
   10829      8983        42
   10879      9033        68
   11107      9837        78
   11326     10245        25
   11492     10411        21
   11529     10448        23
   11553     10472        23
   11577     10496        35
   11619     10538        26
   11724     10643        20
   11745     10664        23
   11799     10718        26
   11859     10778        27
   11904     10823        38
   11964     10883        29
   12042     10961        26
   12069     10988        38
   12210     11129        32
   12279     11198        41
   12324     11243        25
   12405     11324        24
   12485     11404        24
   12513     11432        41
   12594     11513        23
   12629     11548        27
   12660     11579        22
   12711     11630        26
   12738     11657        47
   12786     11705        31
   12853     11787        32
   13012     11946        20
   13207     12141        26
   13243     12177        41
   13301     12235        42
   13531     12499        20
   13812     12790        25
   13970     12972        44
   14030     13032        53
   14512     13617        38
   14560     13665        29
   14599     13704        44
   14665     13770        20
   14686     13791        23
   14719     13824        31
   14786     13891        21
   15150     14333        23
   15177     14363        20
   15689     14902        38
   15894     15076        29
   15924     15106        32
   16041     15223        29
   16268     15450        21
   16296     15478        23
   16328     15510        21
   16404     15586        20
   16482     15664        20
   16536     15718        20
   16557     15739        22
   16614     15796        21
   16916     16091        29
   16959     16134        23
   17232     16407        35
   17268     16443        42
   17379     16554        20
   17435     16610        39
   17626     16836        23
   17788     17013        38
   18017     17241        23
   18074     17298        23
   18098     17322        25
   18218     17442        26
   18263     17487        32
   18296     17520        65
   18547     17771        27
   18730     17954        21
   18806     18042        22
   18866     18102        22
   18969     18205        21
   19517     18741        20
   19631     18855        31
   19775     18999        23
   19827     19051        28
   20133     19357        31
   20222     19446        20
   20445     19678        25
   20618     19851        21
   20714     19914        32
   20803     20003        24
   20846     20046        23
   20891     20091        20
   20912     20112        44
   20980     20180        21
   21026     20226        20
   21068     20268        26
   21227     20427        34
   21343     20543        21
   21419     20619        20
   21458     20658        26
   21485     20685        23
   21566     20766        26
   21619     20819        28
   21648     20848        34
   21737     20937        23
   21772     20972        24
   21797     20997        29
   21862     21062        42
   21938     21138        27
   21971     21171        30
   22313     21517        25
   22414     21618        45
   22649     21847        26
   22706     21904        20
   22751     21949        29
   22866     22064        31
   22901     22099        35
   22937     22135        26
   22964     22162        41
   23015     22213        20
   23099     22297        28
   23180     22378        21
   23224     22422        24
   23297     22495        38
   23336     22534        29
   23405     22603        23
   23429     22627        31
   23462     22660        22
   23496     22694        22
   23594     22792        20
   23627     22825        47
   23681     22879        32
   23714     22912        23
   23749     22947        31
   23847     23044        23
   24023     23257        27
   24507     23738        25
   24541     23772        39
   24581     23812        20
   24637     23868        69
   24728     23959        32
   24773     24004        35
   24809     24040        20
   24911     24142        28
   24940     24171        21
   24971     24202        40
   25029     24260        45
   25168     24399        34
   25203     24434        33
   25255     24486        23
   25279     24510        26
   25324     24555        52
   25377     24608        21
   25476     24707        24
   25603     24834        56
   25684     24915        29
   25772     25003        25
   25892     25123        31
   25924     25155        33
   25966     25197        29
   26098     25329        32
   26182     25413        26
   26328     25559        30
   26500     25731        35
   26560     25791        20
   26581     25812        20
   26640     25871        24
   26682     25913        21
   26704     25935        21
   26755     25986        24
   26944     26175        26
   27022     26253        41
   27116     26347        22
   27145     26376        22
   27168     26399        20
   27250     26481        20
   27271     26502        51
   27349     26580        20
   27445     26676        29
   27517     26748        23
   27604     26835        52
   27700     26931        24
   27727     26958        35
   27763     26994        22
   27841     27072        26
   27871     27102        25
   27942     27173        33
   27988     27219        20
   28045     27276        20
   28075     27306        20
   28115     27346        31
   29490     28682        33
   29524     28716        24
   30223     29738        29
   30253     29768        35
   30298     29813        26
   30483     30068        20
   31323     31040        46
   31412     31130        24
   31463     31181        21
   31492     31210        22
   32453     32022        78
   32637     32558        95
   32750     32730        25
   32776     32756        31
   32808     32788        47
   32883     32863        37
   33674     33526        50
   33991     33862        25
   35006     34767        20
   35082     34843        22
   35105     34866        29
   35146     34907        32
   35179     34940        23
   35278     35039        23
   35377     35138        29
   35440     35201        20
   35530     35291        22
   35553     35314        27
   35582     35343        31
   35665     35426        20
   35689     35450        29
   35735     35496       136
   35872     35633        68
   35992     35753        26
   36025     35786        20
   36055     35816        23
   36079     35840        20
   36103     35864       105
   36215     35976        23
   36239     36000        24
   36313     36074        33
   36356     36117        59
   36419     36180        41
   36500     36261        20
   36533     36294        20
   36557     36318        32
   36590     36351        23
   36632     36393        32
   36668     36429        20
   36698     36459        20
   36743     36504        20
   36824     36585        53
   36959     36720        20
   36980     36741        23
   37058     36819        26
   37085     36846        51
   37175     36936        26
   37217     36978        20
   37238     36999        47
   37352     37113        23
   37376     37137        23
   37442     37203        32
   37478     37239        29
   37747     37524        36
   37796     37570        35
   38201     38023        20
   38303     38125        20
   38339     38161        30
   38643     38938        75
   38908     39226        47
   39051     39376        27
   39111     39454        27
   39145     39488        47
   39193     39536        32
   39226     39569        22
   39268     39611        25
   39325     39668        26
   39370     39713        28
   39495     39834        25
   39568     39905        29
   39703     40040        41
   39754     40091        86
   39841     40178        40
   39898     40235        59
   39958     40295        32
   40015     40352        53
   40099     40436        20
   40120     40457        23
   40144     40481        20
   40177     40514        20
   40305     40642        27
   40333     40670        47
   40381     40718        35
   40417     40754        29
   40465     40802        26
   40492     40829        56
   40597     40934        23
   40621     40958        20
   40642     40979        23
   40714     41051        50
   40774     41111        29
   40813     41150        20
   40891     41228        38
   41014     41351        23
   41044     41381        38
   41095     41432        26
   41176     41513        23
   41239     41576        20
   41260     41597        23
   41314     41651        27
   41386     41723        20
   41452     41789        56
   41527     41864        61
   41589     41926        48
   41638     41975        29
   41668     42005        41
   41710     42047       120
   41831     42168        32
   41888     42225        47
   41936     42273        29
   41972     42309        35
   42026     42363        20
   42047     42384        77
   42185     42522        26
   42218     42555        26
   42251     42588        23
   42317     42654        20
   42398     42735        44
   42443     42780        29
   42529     42866        22
   42557     42894        50
   42608     42945        88
   42728     43065        34
   42764     43101        62
   42827     43164        44
   42905     43242        29
   42935     43272        34
   42970     43307        27
   42998     43335        20
   43019     43356        35
   43115     43452        35
   43151     41264        22
   43174     43511        27
   43222     43559        26
   43250     43587        77
   43415     43752        35
   43502     43839        23
   43646     43983        31
   43721     44058        20
   43742     44079        77
   43820     44157        32
   43853     44190        32
   43886     44223        20
   43943     44280        29
   43977     44314        22
   44000     44337        81
   44137     44464        20
   44205     44532        31
   44239     44566        20
   44821     45157        35
   44930     45266        41
   45125     45416        20
   45270     45568        24
   45332     45630        20
   45407     45712        21
   45434     45739        32
   45521     45823        29
   45621     45913        46
   45677     45969        20
   45776     46068        20
   45818     46110        47
   45903     46200        26
   45930     46227        27
   46001     46298        23
   46027     46324        28
   46117     46419        21
   46159     46461        21
   46268     46570        44
   46605     46917        36
   46642     46954        60
   47604     47504        34
   47634     47537        51
   47925     47807        20
   48085     47985        20
   48204     48104        21
   48226     48126        29
   48286     48186        23
   48372     48272        65
   48438     48338        24
   48463     48363        26
   48538     48438        23
   48939     48807        54
   49562     49080        29
   49634     49151        25
   49795     49304        51
   49858     49367        34
   49903     49409        34
   49970     49492        26
   50268     49851        23
   50319     49902        38
   50353     49937        37
   50750     50346        92
   50883     50535        21
   51191     51236        58
   51303     51348        36
   51356     51401        39
   51443     51488        26
   51521     51566        56
   51876     51942        20
   51992     52058        29
   52040     52106        20
   52072     52138        33
   52139     52205        35
   52226     52292        20
   52265     52331        29
   52334     52400        26
   52361     52427        51
   52526     52604        31
   52574     52652        23
   52598     52676        41
   52640     52718        68
   52711     52789        33
   52792     52870        20
   52838     52916        25
   53864     54074        58
   53945     54155        25
   53971     54180        27
   54192     54426        36
   54244     54483        35
   54479     54719        41
   54521     54760        27
   54699     54932        75
   55152     55422        23
   55210     55480        26
   55375     55645        34
   55461     55731        26
   55488     55758        31
   55575     55845        23
   55641     55911        32
   55689     55959        23
   55725     55995        23
   55762     56032        43
   55821     56091        41
   55992     56262        35
   56046     56316        29
   56079     56349        32
   56124     56394        62
   56235     56505        50
   56286     56556        26
   56406     56676        35
   56505     56775        23
   56592     56862        23
   56646     56916        23
   56703     56973        23
   57221     57535        22
   57346     57636        25
   57474     57763        45
   57617     57891        28
   57654     57928        28
   57683     57957        43
   57747     58021        21
   57769     58043        53
   57975     58249        21
   57997     58271        50
   58135     58409        47
   58213     58487        20
   58267     58541        23
   58402     58676        35
   58457     58731        20
   58521     58795        27
   58579     58853        47
   58684     58958        59
   58813     59087        20
   58834     59108        20
   58921     59195        33
   58955     59229        34
   59005     59279        24
   59398     59688        20
   59769     60137        30
   60165     60531        23
   60475     60865        20
   60519     60909        25
   60566     60956        34
   60628     61018        38
   60721     61111        29
   60802     61192        44
   60934     61324        47
   60982     61372        20
   61123     61513        32
   61251     61641        39
   62541     63111        35
   62636     63206        27
   62690     63260        20
   62774     63344        20
   62831     63401        20
   62886     63456        26
   62961     63531        20
   63206     64376        20
   63347     64518        23
   63456     64623        27
   63641     64808        24
   63681     64848        23
   63707     64874        20
   63733     64900        23
   63825     64992        23
   63909     65076        22
   64041     65208        26
   64430     65556        41
   64505     65631        20
   64556     65682        29
   64604     65730        25
   64646     65772        20
   64756     65882        24
   64796     65922        32
   64847     65973        26
   64895     66021        44
   65033     66159        29
   65063     66189        20
   65114     66240        59
   65207     66333        30
   65261     66387        31
   65744     66914        25
   66394     67296        44
   66491     67393        26
   66610     67561        29
   66661     67612        49
   66723     67678        37
   66794     67749        59
   66898     67853        37
   66992     67947        20
   67034     67989        20
   67058     68013        94
   67154     68109        25
   67201     68156        29
   67248     68203        22
   68276     69558        38
   68516     69859        37
   68554     69897        59
   68614     69957        34
   68688     70028        21
   68774     70132        43
   68818     70176        22
   68962     70425        80
   69056     70530        20
   69355     70893        25
   69426     70981        24
   69467     71022        20
   69595     71163        23
   70116     71747        41
   70176     71807        25
   70354     72097        31
   70410     72153        51
   70476     72219        36
   70534     72277        32
   70573     72316        35
   70996     72726        20
   71038     72768        30
   71089     72819        24
   71196     72926        21
   71272     73002        23
   71314     73044        25
   71752     73526        29
   71797     73571        26
   71929     73726        24
   72083     73881        29
   72162     73960        26
   72189     73987        20
   72371     74209        38
   73010     74828        21
   73149     74967        29
   73237     75048        32
   73282     75093        21
   73343     75154        25
   73433     75244        23
   73502     75313        23
   73601     75418        27
   74081     75964        22
   74111     75998        24
   74212     76115        23
   74263     76166        41
   74348     76251        24
   74796     76742        42
   74839     76785        23
   74869     76815        24
   74914     76860        23
   75019     76965        27
   75065     77011        22
   75106     77052        50
   75211     77157        33
   75295     77241        23
   75367     77313        29
   75407     77353        25
   75448     77394        20
   75475     77421        20
   75505     77451        50
   75568     77514        35
   75619     77565        20
   75674     77620        31
   75706     77652        65
   75826     77772        22
   75849     77795        30
   75946     77892        23
   75970     77916        44
   76054     78000        23
   76078     78024        60
   76141     78087        29
   76228     78174        23
   76306     78252        26
   76547     78462        24
   76593     78508        24
   76618     78533        46
   76792     78726        27
   76820     78754        34
   76910     78843        20
   77025     78971        29
   77067     79013        26
   77110     79056        31
   77142     79088        32
   77249     79201        20
   77327     79279        21
   77412     79367        23
   77676     79647        41
   78111     80136        20
   78141     80166        20
   78207     80232        23
   78240     80265        20
   78291     80316        23
   78318     80343        80
   78505     80530        25
   78552     80577        35
   78624     80649        23
   78663     80688        32
   78904     80944        21
   79286     81406        20
   79589     81668        57
   79655     81734        57
   79770     81849        30
   79827     81906        35
   79920     81999        29
   79950     82029        26
   80010     82089        38
   80106     82185        23
   80131     82210        20
   80194     82266        24
   80403     82583        24
   80496     82676        21
   80612     82792        24
   80647     82827        22
   80674     82854        35
   80966     83143        31
   81051     83228        45
   81113     83290        28
   81154     83331        24
   81181     83358        26
   81276     83453        35
   81314     83491        20
   81435     83637        20
   81552     83754        29
   81597     83799        20
   81714     83916        26
   82006     84238        21
   82515     84813        20
   82552     84850        34
   82640     84938        36
   82876     85174        34
   82949     85247        20
   83129     85508        20
   83150     85529        26
   83267     85646        43
   83672     86037        21
   83694     86059        20
   83826     86191        26
   83889     86254        20
   83919     86284        24
   83982     86347        20
   84003     86368        31
   84656     87118        21
   84966     87456        28
   85156     87666        24
   85301     87811        31
   85336     87846        36
   85559     88069        23
   85596     88106        21
   85706     88216        31
   85775     88285        24
   86069     88695        28
   86104     88730        29
   86452     89100        53
   86573     89221        42
   86682     89324        64
   86747     89389        23
   86789     89431        91
   86885     89527        36
   86942     89584        23
   86981     89623        47
   87044     89686        27
   87072     89714        67
   87153     89795        42
   87203     89848        32
   87274     89924        26
   87301     89951        20
   87330     89980        58
   87407     90057        32
   87440     90090        78
   87545     90202       280
   87826     90483       131
   87958     90615        35
   87994     90651        26
   88021     90678        27
   88062     90719        30
   88093     90759        29
   88123     90789        40
   88184     90850        65
   88313     90979        84
   88398     91064       123
   88533     91194        37
   88584     91245        50
   88634     91298       125
   88772     91436       146
   88935     91599        20
   88963     91627        77
   89057     91721        23
   89089     91753        27
   89117     91781        35
   89153     91817        25
   89179     91843        44
   89224     91888        28
   89263     91927        45
   89314     91978        37
   89364     92631        20
   89385     92652        25
   89415     92682       140
   89556     92823        25
   89618     92909        55
   89674     92965        62
   89743     93034        23
   89817     93108        63
   89955     93246        35
   90009     93300        51
   90061     93352        57
   90135     93426        33
   90169     93460        22
   90217     93508        22
   90240     93531        67
   90314     93605        33
   90361     93652        66
   90428     93719       126
   90572     93863        22
   90595     93886        26
   90631     93922        22
   90654     93945        29
   90694     93985        24
   90713     94010        58
   90802     94099        22
   90829     94147        71
   90903     94221        42
   90955     94273        53
   91008     94317        38
   91064     94373        34
   91099     94408        43
   91179     94488        33
   91213     94522        51
   91305     94614        35
   91349     94658        41
   91415     94724        23
   91442     94751        29
   91475     94784        21
   91569     94875        23
   91621     94927        52
   91710     95016        27
   91738     95044        44
   91783     95089        43
   91839     95145       107
   91992     95292        89
   92138     95417        35
   92223     95502        49
   92287     95566        25
   92318     95597        21
   92348     95627        23
   92373     95652        46
   92430     95709        46
   92477     95756        24
   92531     95810        41
   92573     95852        22
   92596     95866        25
   92622     95892        48
   92688     95958        26
   92724     95994        20
   92760     96030        21
   92782     96052        61
   92844     96114        47
   92910     96180        72
   92994     96264        53
   93067     96337        41
   93109     96379        53
   93163     96433        46
   93210     96480        21
   93246     96516        34
   93272     96524        43
   93377     96647       102
   93480     96750        32
   93513     96783        21
   93535     96805        68
   93604     96874        43
   93648     96918        53
   93702     96972        22
   93742     97012        42
   93785     97055        77
   93873     97143        89
   93989     97259        59
   94049     97319        29
   94079     97349        57
   94146     97416        43
   94200     97470        51
   94266     97536        42
   94309     97579        27
   94337     97607        47
   94402     97672        25
   94439     97709        33
   94473     97743        93
   94594     97864        46
   94641     97911        25
   94667     97937        28
   94696     97966        28
   94731     98001        23
   94755     98025        38
   94794     98064        50
   94845     98115        30
   94927     98197        30
   94958     98228        48
   95007     98277        33
   95047     98317        53
   95154     98424        47
   95262     98523        77
   95382     98950        20
   95403     98972        24
   95428     98997        28
   95476     99050        28
   95505     99079        41
   95597     99179        27
   95658     99234        29
   95698     99274        23
   95807     99352       106
   95923     99468        42
   95968     99521        35
   96011     99564        34
   96090     99641        37
   96157     99721        25
   96220     99781        41
   96262     99823        30
   96297     99858        55
   96362     99923        45
   96408     99969        40
   96501    100062        85
   96593    100154        44
   96642    100203        49
   96708    100269        45
   96754    100315       177
   96941    100502        30
   96977    100538        50
   97028    100589        44
   97094    100655       205
   97300    100861        30
   97346    100913        53
   97402    100969        53
   97476    101046        20
   97497    101067        55
   97559    101129        30
   97598    101168        46
   97654    101224        28
   97693    101263        28
   97722    101292        25
   97748    101318        33
   97814    101384        47
   97895    101465        93
   97989    101559        77
   98076    101646        58
   98135    101705        85
   98221    101791        31
   98259    101829        62
   98322    101892       127
   98478    102048        57
   98536    102106        36
   98573    102143        21
   98604    102174       104
   98709    102279        22
   98742    102316        27
   98870    102435        41
   98920    102485        21
   98942    102507        26
   98977    102563        91
   99069    102655        66
   99136    102722        31
   99174    102760        35
   99210    102796       102
   99313    102899       114
   99428    103014        31
   99524    103115        36
   99561    103152        45
   99607    103198        77
   99685    103276       132
   99818    103409        33
   99882    103473        37
   99920    103511        78
   99999    103590       158
  100210    103801       133
  100346    103937        65
  100443    104034        21
  100472    104063        23
  100558    104148        27
  100571    104174        25
  100612    104215        20
  100643    104246        27
  100731    104323        21
  100786    104398        42
  100855    104462        24
  100914    104528        21
  100932    104552        41
  101005    104625        46
  101052    104672        28
  101099    104719        20
  101120    104740        31
  101152    104772        21
  101174    104794        36
  101239    104869        29
  101371    105000        25
  101397    105026        35
  101428    105062        27
  101507    105141        33
  101545    105188        36
  101581    105240        26
  101625    105287        52
  101692    105354        20
  101724    105386        63
  101828    105490        31
  101918    105592        54
  102014    105684        27
  102042    105712        75
  102124    105794        62
  102208    105878        20
  102248    105921        43
  102325    105998        29
  102362    106035        62
  102425    106098       393
  102819    106492       201
  103021    106694       102
  103124    106797        79
  103204    106877       201
  103406    107079       101
  103508    107181        20
  103529    107202       102
  103632    107305       297
  103936    107609        41
  104034    107707        35
  104070    107743        33
  104128    143345        20
  104141    107814        22
  104160    107834        33
  104204    107878        86
  104291    107965        20
  104312    107986        51
  104372    108054        57
  104447    108129        39
  104517    108199        26
  104544    108226        35
  104603    108286        28
  104677    108359        53
  104759    108441        47
  104826    108510        49
  104891    108575        71
  104982    108666        27
  105029    108713        94
  105124    108813        31
  105156    108845        74
  105249    108938        28
  105278    108967       187
  105473    109162        64
  105538    109227        44
  105583    109272        24
  105611    109301        35
  105660    109349        25
  105753    109442        20
  105775    109472        32
  105808    109505        49
  105891    109586        26
  105918    109613        72
  105990    109681        26
  106017    109708        62
  106080    109771        24
  106108    109798        21
  106130    109820        52
  106183    109873        40
  106224    109914        41
  106267    109956        44
  106301    110000       112
  106414    110113        67
  106482    110181        27
  106541    110240        96
  106657    110356       214
  106873    110573       644
  107518    111218        27
  107573    111273       237
  107842    111541        62
  107905    111604        27
  107933    111632        41
  107975    111674       481
  108485    112184       209
  108695    112394       445
  109166    112865        29
  109196    112895       119
  109316    113015        45
  109421    113102        24
  109455    113136        23
  109490    113170        66
  109567    113251        76
  109644    113328        64
  109757    113439        30
  109797    113479        30
  109859    113544        39
  109919    113600       110
  110056    113737        29
  110198    113899        26
  110239    113940        28
  110255    113968        23
  110293    114006        21
  110337    114050        28
  110364    114078        21
  110448    114165        20
  110501    114223        23
  110595    114319        20
  110616    114340        70
  110694    114418        43
  110788    114512        85
  110873    114598        21
  110949    114719        66
  111026    114796        37
  111064    114834        50
  111118    114888        38
  111157    114927        75
  111233    115003        58
  111304    115074        26
  111341    115111        26
  111379    115149        20
  111400    115170        32
  111433    115203        26
  111465    115235        33
  111499    115269        23
  111523    115293        54
  111606    135725        22
  111625    115395        34
  111660    115430        53
  111714    115484        49
  111885    115661        26
  111946    115722        32
  113059    116543        20
  113387    116886        29
  113714    117213        26
  113798    117297        23
  113975    117474        20
  114155    117654        22
  114212    117711        20
  114305    117804        50
  114404    117903        34
  114506    118005        24
  114611    118110        24
  114683    118182        31
  115948    119368        30
  116913    120438        86
  117230    120817        20
  117290    120877        26
  117458    121045        21
  117531    121118        22
  117821    121414        29
  117953    121549        20
  118004    121600        26
  118371    122035        20
  118432    122096        39
  118521    122185        28
  118641    122305        22
  118669    122333        25
  118695    122359        27
  118821    122485        24
  118846    122510        26
  118892    122556        24
  118996    122660        65
  119118    122782        26
  119344    123008        26
  119443    123107        24
  120034    123704        29
  120094    123764        43
  120365    124132        29
  120399    124166        26
  120522    124289        35
  120576    124343        20
  120938    124738        25
  121069    124869        25
  121095    124895        33
  121189    124989        21
  121322    125122        20
  121397    125197        29
  121889    125782        38
  121928    125821        44
  121988    125881        23
  122099    125992        35
  122442    126337        26
  122505    126400        20
  122769    126664        38
  122901    126796        62
  122965    126860        29
  123816    127829        22
  124097    128099        23
  124151    128153        29
  124370    128372        26
  124397    128399        26
  124570    128590        31
  124614    128634        34
  124659    128679        26
  124737    128757        29
  124830    128850        21
  124914    128934        40
  125070    129090        35
  125139    129159        23
  125169    129189        22
  125274    129294        22
  125505    129525        53
  125565    129585        22
  125761    129781        21
  125963    130000        21
  126507    130639        20
  126972    131110        20
  127315    131447        24
  127876    131975        20
  129001    133124        23
  129920    134115        26
  130805    135134        22
  131050    135379        32
  131117    135446        26
  131265    135600        49
  131315    135650        53
  131369    135704        34
  131400    115386        22
  131451    135786        54
  131506    135841        23
  131530    135865        33
  131569    135904        26
  131596    135931        32
  131629    135964        20
  131661    135996        26
  131698    136033        26
  131737    136072        58
  131796    136131        75
  131872    136207        38
  131914    136249        50
  131965    136300        37
  132013    136348        66
  132134    136514        21
  132155    136536        85
  132291    136672        43
  132342    136723        70
  132413    136794        20
  132504    136887        23
  132560    136948        20
  132643    137034        21
  132663    137055        28
  132714    137106        21
  132750    137142        23
  132761    137165        28
  132804    137208        26
  132943    137367        29
  132999    137423       110
  133130    137550        39
  133201    137624        30
  133241    137664        30
  133320    137741        64
  133385    137806        76
  133472    137897        66
  133550    137974        23
  133583    138007        24
  133667    138073        45
  133713    138119       119
  133833    138239        29
  133888    138294       445
  134334    138740       209
  134572    138978       481
  135054    139460        41
  135096    139502        27
  135124    139530        62
  135218    139623       237
  135483    139888        27
  135511    139916       644
  136157    140563       214
  136391    140797        96
  136519    140925        27
  136547    140953        67
  136615    141021       112
  136717    141133        44
  136763    141178        41
  136805    141220        40
  136846    141261        52
  136899    141314        21
  136924    141338        24
  136949    141363        62
  137012    141426        26
  137038    141448        72
  137111    141521        26
  137171    141579        49
  137221    141629        32
  137255    141671        20
  137343    141759        25
  137382    141797        35
  137421    141837        24
  137446    141862        44
  137491    141907        64
  137563    141979       187
  137751    142167        28
  137798    142214        74
  137873    142289        31
  137905    142326        94
  138019    142440        27
  138066    142487        71
  138153    142574        49
  138222    142645        47
  138298    142721        53
  138397    142819        28
  138449    142872        35
  138485    142908        26
  138542    142965        39
  138599    143022        57
  138665    143096        51
  138717    143148        20
  138738    143169        86
  138835    143266        33
  138865    143297        22
  138880    107768        20
  138925    143357        33
  138959    143391        35
  139051    143483        41
  139099    143531       297
  139397    143829       102
  139500    143932        20
  139521    143953       101
  139623    144055       201
  139825    144257        79
  139905    144337       102
  140008    144440       201
  140210    144642       393
  140604    145036        62
  140674    145106        29
  140737    145169        43
  140800    145235        20
  140842    145277        62
  140911    145346        75
  140987    145422        27
  141056    145487        54
  141169    145612        31
  141241    145684        63
  141316    145759        20
  141351    145794        52
  141421    145867        26
  141447    145909        36
  141488    145959        33
  141573    146044        27
  141596    146072        35
  141632    146108        25
  141760    146235        29
  141818    146303        36
  141855    146340        21
  141877    146362        31
  141909    146394        20
  141948    146433        28
  141977    146462        46
  142055    146540        41
  142093    146584        21
  142149    146647        24
  142200    146693        42
  142276    146789        21
  142358    146860        27
  142396    146898        20
  142432    146934        25
  142443    146958        27
  142533    147047        23
  142564    147078        21
  142617    147131        65
  142685    147199       133
  142871    147385       158
  143030    147544        78
  143109    147623        37
  143177    147691        33
  143211    147725       132
  143344    147858        77
  143422    147936        45
  143468    147982        36
  143569    148088        31
  143601    148120       114
  143716    148235       102
  143819    148338        35
  143861    148380        31
  143893    148412        66
  143960    148479        91
  144060    148600        26
  144087    148627        21
  144117    148657        41
  144259    148790        27
  144297    148832        22
  144320    148855       104
  144434    148969        21
  144456    148991        36
  144493    149028        57
  144579    149114       127
  144707    149242        62
  144776    149311        31
  144808    149343        85
  144894    149429        58
  144962    149497        77
  145040    149575        93
  145167    149702        47
  145247    149782        33
  145281    149816        25
  145307    149842        28
  145346    149881        28
  145384    149919        46
  145439    149974        30
  145476    150011        55
  145532    150067        20
  145573    150111        53
  145629    150167        53
  145698    150242        30
  145729    150273       205
  145956    150500        44
  146001    150545        50
  146057    150601        30
  146097    150641       177
  146275    150819        45
  146337    150881        49
  146391    150935        44
  146442    150986        85
  146580    151124        40
  146621    151165        45
  146676    151220        55
  146736    151280        30
  146767    151311        41
  146846    151387        25
  146901    151455        37
  146983    151535        34
  147025    151577        35
  147063    151623        42
  147115    151675       106
  147307    151836        23
  147341    151870        29
  147404    151927        27
  147482    152013        41
  147524    152055        28
  147572    152108        28
  147601    152137        24
  147626    152163        20
  147689    152533        77
  147827    152662        47
  147928    152763        53
  147988    152823        33
  148022    152857        48
  148071    152906        30
  148153    152988        30
  148184    153019        50
  148235    153070        38
  148274    153109        23
  148304    153139        28
  148333    153168        28
  148362    153197        25
  148388    153223        46
  148462    153297        93
  148556    153391        33
  148601    153436        25
  148644    153479        47
  148692    153527        27
  148720    153555        42
  148777    153612        51
  148839    153674        43
  148892    153727        57
  148950    153785        29
  148980    153815        59
  149066    153901        89
  149166    154001        77
  149244    154079        42
  149304    154139        22
  149327    154162        53
  149381    154216        43
  149425    154260        68
  149494    154329        21
  149516    154351        32
  149549    154384       102
  149713    154566        43
  149748    154583        34
  149797    154632        21
  149819    154654        46
  149866    154701        53
  149920    154755        41
  149981    154816        53
  150046    154881        72
  150137    154972        47
  150185    155020        61
  150247    155082        21
  150284    155119        20
  150314    155149        26
  150358    155193        48
  150407    155242        25
  150433    155259        22
  150456    155282        41
  150527    155353        24
  150552    155378        46
  150609    155435        46
  150657    155483        23
  150689    155515        21
  150716    155542        25
  150756    155582        49
  150855    155681        35
  150947    155752        89
  151082    155881       107
  151202    156001        43
  151246    156045        44
  151291    156090        27
  151355    156154        52
  151436    156235        23
  151532    156328        21
  151557    156353        29
  151590    156386        23
  151638    156434        41
  151688    156484        35
  151764    156560        51
  151816    156612        33
  151886    156682        43
  151930    156726        34
  151982    156778        38
  152020    156807        53
  152083    156870        42
  152128    156915        71
  152204    157012        22
  152257    157065        58
  152310    157124        24
  152345    157159        29
  152375    157189        22
  152407    157221        26
  152434    157248        22
  152474    157288       126
  152601    157415        66
  152681    157495        33
  152721    157535        67
  152789    157603        22
  152837    157651        22
  152860    157674        33
  152910    157724        57
  152968    157782        51
  153038    157852        35
  153148    157962        63
  153262    158076        23
  153292    158106        62
  153355    158169        55
  153447    158285        25
  153473    158311       140
  153618    158456        25
  153644    158482        20
  153677    159118        37
  153720    159161        45
  153776    159217        28
  153805    159246        44
  153850    159291        25
  153876    159317        35
  153912    159353        27
  153948    159389        23
  153988    159429        77
  154073    159514        20
  154110    159551       146
  154269    159710       125
  154394    159838        50
  154458    159902        37
  154507    159946       123
  154631    160070        84
  154779    160218        65
  154865    160304        40
  154906    160345        29
  154936    160384        30
  154980    160428        27
  155008    160456        26
  155035    160483        35
  155071    160519       131
  155203    160651       280
  155510    160965        78
  155589    161044        32
  155640    161095        58
  155707    161162        20
  155728    161183        26
  155793    161253        32
  155833    161296        42
  155889    161352        67
  155957    161420        27
  156000    161463        47
  156063    161526        23
  156107    161570        36
  156148    161611        91
  156258    161721        23
  156282    161745        64
  156413    161870        42
