> gi|134286732|dbj|AP009373.1|
       5        10        27
      60        64        23
     470       449        21
     495       474        26
     522       501        50
     573       552        20
     618       597        44
     711       690        20
     732       711        32
     813       792        68
     900       879        29
     930       909        26
     966       945        20
     990       969        53
    1044      1023        68
    1113      1092        23
    1155      1134        32
    1266      1245        32
    1329      1308        50
    1392      1371        68
    1461      1440        62
    1540      1520        37
    1761      1812        35
    1812      1877        43
    2090      2178        22
    2229      2317        33
    3386      3462        22
    3458      3543        20
    3620      3715        20
    3798      3886        22
    4175      4282        30
    4291      4397        42
    6270      5444        20
    6351      5506        21
    8089      5893        56
    8603      6423        21
    8652      6472        25
    9095      6925        33
    9358      7150        31
   10165      7941        44
   10263      8038        27
   10473      8249        24
   10643      8421        20
   10808      8595        62
   10896      8691        45
   11107      8890        30
   11138      8921        47
   11472      9477        44
   11522      9527        24
   11559      9564        52
   11676      9681        23
   11799      9804        26
   11862      9867        23
   11964      9969        53
   12046     10051        22
   12084     10089        23
   12132     10137        23
   12201     10206        41
   12270     10275        29
   12300     10305        23
   12363     10368        20
   12630     10635        29
   12660     10665        22
   12711     10716        24
   12738     10743        32
   12771     10776        25
   13033     11053        22
   13207     11227        20
   13310     11332        32
   13400     11441        20
   13520     11568        21
   13815     11832        23
   13962     11968        20
   13992     11998        31
   14049     12055        46
   14510     12629        31
   14542     12661        47
   14671     12790        38
   14748     12867        25
   15903     13355        20
   15933     13385        20
   15957     13409        29
   16000     13452        22
   16041     13493        26
   16089     13541        29
   16473     13925        38
   16544     13996        24
   16896     14360        35
   17103     14567        20
   17262     14726        20
   17283     14747        20
   17361     14825        38
   17416     14880        22
   17446     14910        28
   17555     15019        28
   17640     15092        23
   18025     15505        27
   18059     15539        35
   18224     15704        20
   18263     15743        32
   18311     15791        32
   18344     15824        59
   18547     16027        33
   19061     16553        25
   19494     16968        28
   19815     17289        24
   20138     17612        32
   20511     17994        37
   20870     18320        26
   20945     18395        20
   21068     18518        34
   21103     18553        22
   21142     18592        28
   21233     18683        28
   21341     18797        22
   21428     18884        29
   21458     18914        26
   21485     18941        65
   21611     19067        29
   21648     19104        28
   21683     19139        26
   21737     19193        26
   21797     19253        29
   21860     19316        23
   21932     19388        20
   21971     19427        21
   22199     19652        30
   22385     19838        28
   22414     19867        33
   22580     20027        29
   22649     20096        26
   22694     20141        35
   22751     20198        28
   22850     20297        26
   22918     20365        27
   22946     20393        41
   22988     20435        20
   23066     20513        32
   23099     20546        50
   23180     20627        21
   23207     20654        20
   23228     20675        20
   23258     20705        20
   23297     20744        38
   23405     20852        65
   23494     20941        24
   23587     21034        27
   23675     21122        23
   23714     21161        34
   23759     21206        22
   23850     21298        20
   24030     21493        24
   24372     21852        25
   24399     21879        24
   24507     21984       103
   24644     22121        38
   24689     22166        20
   24725     22202        26
   24782     22259        56
   24839     22316        32
   24918     22395        41
   24996     22473        32
   25029     22506        42
   25105     22582        23
   25168     22645        44
   25213     22690        23
   25270     22747        38
   25339     22816        23
   25432     22909        29
   25476     22953        24
   25516     22993        26
   25591     23068        26
   25684     23161        29
   25717     23194        29
   25756     23233        32
   25894     23371        23
   25966     23443        32
   26206     23683        20
   26236     23713        20
   26281     23758        20
   26335     23812        20
   26500     23977        20
   26908     24391        20
   26929     24412        41
   27001     24484        20
   27043     24526        44
   27097     24580        20
   27118     24601        29
   27409     24892        23
   27451     24934        34
   27550     25033        20
   27598     25081        71
   27676     25159        20
   27730     25213        32
   28021     25504        38
   28132     25615        23
   28282     25781        29
   28331     25828        30
   29016     26330        21
   29480     26634        59
   30228     27311        24
   30304     27387        20
   31260     28011        29
   31329     28088        26
   31415     28175        21
   31469     28229        22
   32455     29088        75
   32637     29586        24
   32662     29611        54
   32749     29698        58
   32808     29757        52
   33674     30521        58
   35105     31708        29
   35146     31749        41
   35213     31816        76
   35347     31950        20
   35386     31989        20
   35407     32010        36
   35500     32103        77
   35665     32268        20
   35689     32292        23
   35735     32338       136
   35872     32475        23
   35896     32499        38
   35941     32544        35
   35981     32584        28
   36070     32673        29
   36100     32703        50
   36151     32754        57
   36209     32812        29
   36269     32872        26
   36356     32959        38
   36446     33049        23
   36500     33103        20
   36533     33136        20
   36554     33157        35
   36624     33227        31
   36665     33268        23
   36738     33341        25
   36776     33379        20
   36824     33427        26
   36852     33455        31
   36902     33505        43
   36961     33564        30
   37052     33655        38
   37160     33763        20
   37181     33784        23
   37254     33857        31
   37286     33889        29
   37400     34003        24
   37442     34045        20
   37478     34081        41
   37747     34343        35
   37799     34395        20
   38312     34922        20
   38334     34944        22
   38646     35479        30
   38677     35510        44
   38897     35692        74
   39026     35828        23
   39139     35945        20
   39235     36041        32
   39370     36176        29
   39568     36388        50
   39700     36520        35
   39745     36565        47
   39793     36613        26
   39820     36640        20
   39841     36661        40
   39898     36718        59
   39961     36781        29
   40018     36838        38
   40090     36910        53
   40144     36964        20
   40272     37092        27
   40348     37168        23
   40381     37201        20
   40429     37249        23
   40465     37285        23
   40492     37312        41
   40579     37399        38
   40675     37495        56
   40735     37555        28
   40765     37585        23
   40870     37690        20
   40908     39952        21
   40942     37762        23
   41004     37824        33
   41038     37858        32
   41071     37891        20
   41112     37932        21
   41206     38026        53
   41328     38148        33
   41362     38182        23
   41416     38236        26
   41449     38269        32
   41494     38314        20
   41526     38346        32
   41559     38379        36
   41602     38422        32
   41635     38455       243
   41888     38708        44
   41933     38753        32
   41969     38789        20
   42041     38861        32
   42074     38894        50
   42155     38975        20
   42176     38996        41
   42230     39050        44
   42317     39137        26
   42410     39230        35
   42446     39266        35
   42572     39392        23
   42608     39428        26
   42650     39470        38
   42708     39528        28
   42777     39597        49
   42827     39647        44
   42922     39742        45
   42970     39790        36
   43121     39941        29
   43274     40094        56
   43361     40181        44
   43430     40250        35
   43466     40286        20
   43502     40322        23
   43562     40382        47
   43613     40433        26
   43742     40562        32
   43862     40682        44
   43949     40769        27
   43977     40797        87
   44152     40970        25
   44180     40998        23
   44204     41022        30
   44788     41588        20
   44824     41624        24
   44934     41734        21
   45295     42150        24
   45628     42477        66
   45776     42625        23
   45815     42664        29
   45845     42694        20
   45875     42724        23
   45930     42780        27
   46152     42997        28
   46186     43031        21
   46286     43139        21
   46314     43167        21
   46588     43438        23
   46612     43462        20
   46684     43534        23
   47583     43802        29
   47633     43852        36
   48004     44187        26
   48169     44352        34
   48276     44459        22
   48337     44520        38
   48391     44574        46
   48438     44621        24
   48920     45148        73
   49479     45732        20
   49763     46005        20
   49808     46046        84
   49967     46204        29
   50261     46313        48
   50312     46364        23
   50350     46403        37
   50770     46807        51
   51212     47630        44
   51320     47738        33
   51355     47773        24
   51449     47867        32
   51523     47941        27
   51578     47996        20
   51665     48083        20
   51778     48194        24
   52085     48501        20
   52136     48552        20
   52175     48591        44
   52364     48780        23
   52523     48952        28
   52603     49032        21
   52640     49069        44
   52838     49267        34
   53865     50130        31
   53971     50238        27
   54092     50389        20
   54401     50712        20
   54479     50794        41
   54699     51023        41
   54741     51065        31
   55375     51588        34
   55497     51710        22
   55575     51788        29
   55647     51860        23
   55674     51887        20
   55731     51944        20
   55782     51995        20
   55824     52037        20
   55851     52064        20
   55890     52103        26
   55992     52205        20
   56073     52286        26
   56100     52313        23
   56144     52357        24
   56169     52382        20
   56238     52451        41
   56418     52631        23
   56442     52655        29
   56523     52736        23
   56550     52763        23
   56670     52883        32
   56763     52976        23
   56793     53006        31
   56871     53084        26
   57353     53581        27
   57485     53723        22
   57625     53843        22
   57683     53911        58
   57747     53975        21
   57781     54009        41
   57823     54051        26
   57862     54090        41
   57904     54132        26
   57997     54225        23
   58048     54276        27
   58159     54387        23
   58264     54492        26
   58300     54528        23
   58375     54603        26
   58402     54630        35
   58444     54672        44
   58526     54754        43
   58582     54810        35
   58645     54873        21
   58675     54903        20
   58708     54936        34
   58813     55041        35
   58909     55137        20
   58957     55185        41
   59005     55233        24
   59041     55269        23
   59140     55390        22
   59225     55472        26
   59780     56004        21
   60040     56265        20
   60280     56499        20
   60644     56869        22
   60802     57027        44
   61060     57285        26
   61111     57336        41
   61165     57390        22
   61219     57444        21
   61247     57472        22
   62015     58166        20
   62536     58699        40
   62594     58757        29
   62624     58787        20
   62693     58856        38
   62808     58971        30
   62883     59046        23
   63378     59653        25
   63484     59759        22
   63637     59912        43
   63840     60115        38
   64416     60663        22
   64478     60725        37
   64547     60794        33
   64586     60833        29
   64703     60950        29
   64754     61001        20
   64786     61033        40
   64847     61094        38
   64889     61136        26
   64928     61175        20
   65156     61403        50
   65231     61478        26
   65713     61925        24
   66124     62279        20
   66426     62511        36
   66610     62706        41
   66670     62766        23
   66694     62790        26
   66723     62818        40
   66764     62859        29
   66812     62907        23
   66855     62950        25
   66881     62976        29
   66977     63072        32
   67010     63105        47
   67058     63153        53
   67252     63337        34
   68291     63780        23
   68516     64056        21
   68554     64094        44
   68599     64139        33
   68688     64229        21
   68753     64301        83
   68958     64563        84
   69426     65014        24
   70030     65612        31
   70392     66008       133
   70534     66150        59
   71028     66652        21
   71244     66868        38
   71596     67214        22
   71690     67309        22
   71720     67340        20
   71860     67481        22
   71919     67534        20
   72092     67698        20
   72173     67779        27
   72230     67836        21
   72394     68030        33
   72472     68108        27
   72569     68205        23
   72702     68304        23
   72834     68452        34
   72887     68507        21
   73146     68697        24
   73228     68781        26
   73334     68887        32
   73388     68941        23
   73505     69058        30
   73794     69388        21
   74073     69759        27
   74220     69915        28
   74276     69971        28
   74400     70095        26
   74593     70353        25
   74676     70436        22
   74750     70509        22
   74796     70554        42
   74911     70669        26
   74956     70714        26
   74983     70741        61
   75112     70870        32
   75157     70915        22
   75202     70960        20
   75223     70981        20
   75292     71050        20
   75313     71071        20
   75382     71140        23
   75407     71165        34
   75475     71233        29
   75505     71263        29
   75535     71293        32
   75568     71326        20
   75616     71374        26
   75701     71459        49
   75985     71743        26
   76231     71989        35
   76267     72025        20
   76518     72262        24
   76543     72287        28
   76738     72481        20
   76818     72561        37
   76862     72605        20
   76903     72646        26
   76945     72690        26
   77013     72758        20
   77034     72779        35
   77113     72858        28
   77298     73045        24
   77728     73468        44
   78141     73891        20
   78177     73927        23
   78207     73957        23
   78324     74074        23
   78348     74098        20
   78414     74164        32
   78510     74260        20
   78531     74281        23
   78612     74362        20
   78633     74383        26
   78898     74674        44
   78982     74749        41
   79203     74975        23
   79593     75339        28
   79616     75363        22
   79654     75401        37
   79722     75469        32
   79773     75520        23
   79815     75562        21
   79837     75584        25
   79917     75664        23
   80025     75772        50
   80130     75877        23
   80224     75958        20
   80410     76173        34
   80661     76424        60
   80750     76513        41
   80792     76555        36
   81058     76818        41
   81127     76887        20
   81175     76935        50
   81226     76986        41
   81316     77076        23
   81438     77199        23
   81591     77352        26
   81675     77436        23
   81714     77475        26
   81854     77605        21
   81958     77726        26
   82009     77777        26
   82515     78309        23
   82645     78439        22
   82797     78591        23
   82872     78666        26
   82949     78744        21
   83126     78953        26
   83201     79028        20
   83234     79061        23
   83269     79096        41
   83357     79184        20
   83411     79238        35
   83471     79298        22
   83712     79517        21
   83817     79622        26
   83863     79668        22
   84049     79862        24
   84074     79887        20
   84959     80929        30
   85184     81165        35
   85277     81258        23
   85301     81282        31
   85337     81318        20
   85358     81339        20
   85715     81696        23
   85766     81747        33
   86070     82039        49
   86206     82175        20
   86479     82446        20
   86500     82467        23
   86575     82542        40
   86679     82631        32
   86747     82699        20
   86831     82783        35
   86942     82894        35
   86981     82933        26
   87008     82960        63
   87086     83038       121
   87292     83266       147
   87440     83414        78
   87544     83518       218
   87760     83735       202
   87980     83955        40
   88023     83998        46
   88074     84049        48
   88123     84098       141
   88304     84279        93
   88398     84373        75
   88474     84449        57
   88533     84503        41
   88582     84555        40
   88623     84596        93
   88717     84690        42
   88772     84745        72
   88849     84822        69
   88923     84896        25
   88989     84962        40
   89117     85090        33
   89179     85152        44
   89227     85200        25
   89263     85236        42
   89329     85302        42
   89415     85985        33
   89442     86018        72
   89531     86107        24
   89561     86137        22
   89584     86160        27
   89675     86251        66
   89745     86321        21
   89817     86393        35
   89853     86429        27
   89885     86461        29
   89925     86501        65
   90030     86606        30
   90061     86637        30
   90092     86668        53
   90169     86745        22
   90240     86816        23
   90264     86840        24
   90289     86865        24
   90314     86890        77
   90397     86979        46
   90495     87077        30
   90526     87108        28
   90572     87154        22
   90595     87177        22
   90631     87213        46
   90678     87260        25
   90704     87286        34
   90739     87321        37
   90802     87384        22
   90829     87432        42
   90872     87475        21
   90901     87504        22
   90927     87530        61
   91032     87626        95
   91143     87737        28
   91178     87772        42
   91221     87815        25
   91247     87841        57
   91305     87899        32
   91349     87943        26
   91376     87970        24
   91459     88059        32
   91575     88124        20
   91599     88148        21
   91711     88260        25
   91737     88286        40
   91786     88326        20
   91859     88399        36
   91896     88436        21
   91918     88458        25
   91950     88490        31
   91996     88530        48
   92045     88579        36
   92113     88626        30
   92151     88664        22
   92174     88687        21
   92197     88710        37
   92239     88752        41
   92287     88800        25
   92318     88831        21
   92347     88860        24
   92373     88886        46
   92420     88933        24
   92445     88958        31
   92501     89008        20
   92522     89029        49
   92587     89094        43
   92631     89138        82
   92724     89231        35
   92760     89267        21
   92782     89289        28
   92821     89328        70
   92892     89399        24
   92917     89424        82
   93000     89507        44
   93124     89631        27
   93153     89660        56
   93210     89717        32
   93397     89883        91
   93489     89975        23
   93546     90032        83
   93661     90147        40
   93725     90211        35
   93761     90247        20
   93782     90268        39
   93822     90308        50
   93873     90359        89
   93979     90465        69
   94049     90535        45
   94095     90581        50
   94146     90632        31
   94215     90701        26
   94266     90752        51
   94375     90861        26
   94402     90888        36
   94439     90925        33
   94473     90959        36
   94510     90996        31
   94542     91028        22
   94570     91056        23
   94609     91095        37
   94702     91188        25
   94731     91217        26
   94758     91244        35
   94794     91280        44
   94839     91325        41
   94881     91367        30
   94927     91413        30
   94958     91444        48
   95007     91493        28
   95036     91522        20
   95057     91543        33
   95171     91661        21
   95225     91705        27
   95262     91742        85
   95424     92187        28
   95476     92248        28
   95508     92280        50
   95559     92329        20
   95581     92359        28
   95660     92434        27
   95700     92474        21
   95807     92499        39
   95847     92539        66
   95952     92644        20
   95971     92671        32
   96102     92798        20
   96123     92823        46
   96207     92898        21
   96229     92920        32
   96263     92954        33
   96298     92989        84
   96410     93101        30
   96478     93174        21
   96500     93196        78
   96597     93293        44
   96642     93338        42
   96708     93404        45
   96764     93460        44
   96812     93508        29
   96842     93538        58
   96901     93597        60
   96977     93673       152
   97130     93826        42
   97173     93869       126
   97300     93996        22
   97317    141719        26
   97335     94032        21
   97357     94054        20
   97402     94093        61
   97500     94192       144
   97659     94355        48
   97726     94422        21
   97748     94444        41
   97814     94510        76
   97898     94594        52
   97951     94647        37
   97989     94685        71
   98077     94773        85
   98163     94859        92
   98256     94952        41
   98298     94994        59
   98358     95054        65
   98424     95120        38
   98463     95159        20
   98484     95180       110
   98595     95291        65
   98661     95357        47
   98741     95426        28
   98784     95469        28
   98835     95520        27
   98965     95677        37
   99003     95715       132
   99136     95848        34
   99171     95883        32
   99210     95922       102
   99314     96026       162
   99477     96189        20
   99524     96236        47
   99572     96284        34
   99607     96319        23
   99631     96343        30
   99658     96371       105
   99764     96477        27
   99792     96505        25
   99818     96531        39
   99858     96571        39
   99898     96611        21
   99920     96633       272
  100210     96923        26
  100237     96950       106
  100344     97057        57
  100434     97147        30
  100471     97184        24
  100565     97279        42
  100608     97322        20
  100643     97358        27
  100761     97488        24
  100793     97520        39
  100992     97762        59
  101098     97868        21
  101152     97917        25
  101178     97943        28
  101239     98043        25
  101375     98176        25
  101482     98278        22
  101503     98304        24
  101538     98339        34
  101673     98481        30
  101768     98576        26
  101830     98640        29
  101913     98723        29
  101943     98753        29
  102043     98863        24
  102068     98888        20
  102089     98909        25
  102125     98940        85
  102206     99025        22
  102253     99072        38
  102325     99144        29
  102357     99176        26
  102418     99237        75
  102494     99313       324
  102843     99662       185
  103029     99848       126
  103156     99975       249
  103406    100225       101
  103508    100327       123
  103632    100451       206
  103839    100658        96
  104070    100814        30
  104142    100885        21
  104160    100904        20
  104175    100924        20
  104204    100953       107
  104312    101061        57
  104369    101126        77
  104447    101204        28
  104488    101245        46
  104552    101309        36
  104603    101361        62
  104678    101434        20
  104699    101455        31
  104759    101515        66
  104826    101584        56
  104896    101654        71
  105047    101807       116
  105164    101924        42
  105207    101967        23
  105257    102017        91
  105349    102109        75
  105425    102185        75
  105501    102261        71
  105583    102347        24
  105605    102370        29
  105633    102397        26
  105660    102424        33
  105694    102458        26
  105892    102648        44
  105938    102694        21
  105990    102742        74
  106130    102881        70
  106194    102951        23
  106241    102998        24
  106267    103024       146
  106414    103171        25
  106449    103206       155
  106605    103362        32
  106640    103397        47
  106688    103445       183
  106873    103631       145
  107019    103777        58
  107078    103836       215
  107294    104052       217
  107518    104276        27
  107569    104327        73
  107643    104401       167
  107824    104582        33
  107858    104616        46
  107908    104666        24
  107933    104691        41
  107975    104733        87
  108063    104821       370
  108434    105192        22
  108457    105215       683
  109141    105899        28
  109200    105958       115
  109316    106074        28
  109345    106103        36
  109378    106150        23
  109470    106215        21
  109510    106255        32
  109543    106288        23
  109567    106312        30
  109598    106343        95
  109765    106504        25
  109853    106587        54
  109919    106653        31
  109951    106685        90
  110211    106979        27
  110239    107007        39
  110328    107109        26
  110400    107176        20
  110430    107206        42
  110492    107268        39
  110538    107316        29
  110595    107381        20
  110616    107402        22
  110639    107425        47
  110687    107473        50
  110762    107548        22
  110788    107574        26
  110821    107607        47
  110895    107681        34
  110950    107731        29
  110990    107772        20
  111026    107808       133
  111160    107942        26
  111212    107994        47
  111260    108042        31
  111304    108086        26
  111341    108123        32
  111400    108182       122
  111523    108305        70
  111660    108448        65
  111730    108518        23
  112661    108921        23
  113053    109307        26
  113387    109647        29
  113417    109677        35
  113537    109797        23
  113714    109974        27
  113804    110064        32
  113927    110187        20
  113951    110211        44
  113999    110259        32
  114191    110451        20
  114334    110594        27
  115948    111841        30
  115982    111875        20
  116936    112947        32
  116969    112982        23
  117096    113135        22
  117413    113461        22
  117851    113914        25
  117963    114026        22
  118008    114071        22
  118539    114603        30
  118576    114640        23
  118600    114664        23
  118702    114766        35
  118825    114889        20
  118879    114943        23
  118996    115060        23
  119257    115321        23
  119308    115372        20
  119344    115408        26
  119398    115462        20
  119505    115569        24
  119546    115610        22
  119737    115801        24
  119763    115827        22
  119908    116002        21
  120037    116131        23
  120079    116173        23
  120411    116511        29
  120455    116555        27
  120526    116626        25
  120576    116676        20
  120597    116697        43
  120654    116754        20
  120938    117090        32
  120971    117123        22
  121188    117340        22
  121214    117366        20
  121253    117405        20
  121277    117429        21
  121397    117549        29
  121895    118047        32
  121936    118088        21
  121958    118110        26
  121985    118137        20
  122012    118164        29
  122055    118207        22
  122099    118251        35
  122189    118341        26
  122222    118374        26
  122451    118596        35
  122709    118845        26
  122769    118905        29
  122847    118983        26
  122874    119010        20
  122901    119037        21
  122973     97049        42
  123471    119594        23
  123639    119767        20
  124031    120188        32
  124097    120254        23
  124142    120299        34
  124364    120521        46
  124559    120716        33
  124608    120765        40
  124680    120837        30
  124830    120987        22
  124958    121115        27
  125038    121195        22
  125091    121248        20
  125133    121290        29
  125520    121677        23
  125547    121704        28
  125879    122044        46
  126563    122704        27
  128494    124449        31
  128592    124529        20
  130798    126809        36
  131275    127223        23
  131303    127251        65
  131435    127389        70
  131506    127460       122
  131655    127609        32
  131698    127652        26
  131737    127691        31
  131769    127723        47
  131842    127796        26
  131869    127823       133
  132018    127972        20
  132049    128004        29
  132099    128049        34
  132160    128110        47
  132214    128164        26
  132244    128194        22
  132291    128241        50
  132342    128292        47
  132390    128340        22
  132413    128363        20
  132461    128419        29
  132497    128457        39
  132556    128516        42
  132608    128568        20
  132674    128629        26
  132750    128718        39
  132790    128758        27
  132987    128989        90
  133078    129080        31
  133121    129123        54
  133238    129235        25
  133335    129326        95
  133431    129422        30
  133462    129453        23
  133486    129477        32
  133537    129528        21
  133627    129591        23
  133647    129625        36
  133684    129662        28
  133713    129691       115
  133859    129837        28
  133888    129866       683
  134572    130550        22
  134595    130573       370
  134966    130944        87
  135054    131032        41
  135096    131074        24
  135124    131102        46
  135171    131149        33
  135218    131196       167
  135386    131364        73
  135483    131461        27
  135517    131495       217
  135735    131713       215
  135951    131929        58
  136010    131988       145
  136157    132136       183
  136341    132320        47
  136391    132370        32
  136424    132403       155
  136589    132568        25
  136615    132594       146
  136763    132742        24
  136811    132790        23
  136828    132813        70
  136964    132948        74
  137069    133049        21
  137092    133072        44
  137308    133280        26
  137335    133307        33
  137369    133341        26
  137394    133365        29
  137421    133393        24
  137456    133432        71
  137528    133504        75
  137604    133580        75
  137680    133656        91
  137798    133774        23
  137822    133798        42
  137865    133841       116
  138061    134039        71
  138146    134124        56
  138203    134183        66
  138298    134278        31
  138330    134310        20
  138363    134341        62
  138440    134419        36
  138494    134473        46
  138553    134532        28
  138582    134561        77
  138659    134646        57
  138717    134704       107
  138833    134820        20
  138848    134840        20
  138865    134858        21
  138928    134920        30
  139093    135010        96
  139190    135107       206
  139397    135314       123
  139521    135438       101
  139623    135540       249
  139873    135790       126
  140000    135917       185
  140210    136127       324
  140535    136452        75
  140645    136562        26
  140674    136591        29
  140737    136654        38
  140800    136717        22
  140818    136739        85
  140914    136830        25
  140940    136856        20
  140961    136877        24
  141056    136982        29
  141086    137012        29
  141169    137095        29
  141234    137162        26
  141325    137253        30
  141456    137391        34
  141501    137436        24
  141524    137464        22
  141628    137563        25
  141764    137696        25
  141822    137793        28
  141851    137822        25
  141909    137875        21
  141977    137943        59
  142196    138205        39
  142243    138252        24
  142358    138379        27
  142400    138422        20
  142421    138443        42
  142533    138556        24
  142564    138587        30
  142627    138650        57
  142685    138708       106
  142792    138815        26
  142836    138859       272
  143109    139132        21
  143131    139154        39
  143171    139194        39
  143211    139234        25
  143237    139260        27
  143265    139288       105
  143367    139391        30
  143398    139422        23
  143422    139446        34
  143457    139481        47
  143531    139555        20
  143552    139576       162
  143716    139740       102
  143825    139849        32
  143858    139882        34
  143893    139917       132
  144026    140050        37
  144166    140217        27
  144216    140267        28
  144259    140310        28
  144320    140360        47
  144368    140408        65
  144434    140474       110
  144545    140585        20
  144566    140606        38
  144605    140645        65
  144671    140711        59
  144731    140771        41
  144773    140813        92
  144866    140906        85
  144968    141008        71
  145040    141080        37
  145078    141118        52
  145138    141178        76
  145239    141279        41
  145281    141321        21
  145321    141361        48
  145384    141428       144
  145565    141610        61
  145651    141690        20
  145672    141711        21
  145685     94019        26
  145706    141746        22
  145729    141769       126
  145856    141896        42
  145899    141939       152
  146067    142107        60
  146128    142168        58
  146187    142227        29
  146220    142260        44
  146275    142315        45
  146344    142384        42
  146387    142427        44
  146450    142490        78
  146529    142569        21
  146588    142633        30
  146646    142691        84
  146732    142777        33
  146767    142812        32
  146800    142845        21
  146859    142895        46
  146906    142946        20
  147025    143061        32
  147056    143100        20
  147115    143159        66
  147182    143226        39
  147307    143269        21
  147341    143303        27
  147419    143377        28
  147449    143415        20
  147470    143434        50
  147524    143488        28
  147576    143549        28
  147681    143937        85
  147776    144032        27
  147836    144082        21
  147938    144188        33
  147972    144222        20
  147993    144243        28
  148022    144272        48
  148071    144321        30
  148117    144367        30
  148148    144398        41
  148190    144440        44
  148235    144485        35
  148271    144521        26
  148301    144551        25
  148382    144632        37
  148435    144685        23
  148464    144714        22
  148487    144737        31
  148519    144769        36
  148556    144806        33
  148590    144840        36
  148627    144877        26
  148711    144961        51
  148787    145037        26
  148851    145101        31
  148883    145133        50
  148934    145184        45
  148980    145230        69
  149066    145316        89
  149156    145406        50
  149207    145457        39
  149247    145497        20
  149268    145518        35
  149327    145577        40
  149399    145649        83
  149516    145766        23
  149540    145790        91
  149786    146015        32
  149819    146048        56
  149877    146106        27
  149984    146213        44
  150029    146258        82
  150112    146341        24
  150137    146366        70
  150218    146447        28
  150247    146476        21
  150269    146498        35
  150315    146544        82
  150398    146627        43
  150457    146686        49
  150507    146736        20
  150552    146775        31
  150584    146807        24
  150609    146832        46
  150657    146880        24
  150689    146912        21
  150716    146939        25
  150748    146971        41
  150794    147017        37
  150833    147056        21
  150855    147078        22
  150885    147108        30
  150947    147149        36
  150984    147186        48
  151047    147243        31
  151085    147281        25
  151111    147307        21
  151133    147329        36
  151222    147418        20
  151251    147438        40
  151292    147479        25
  151408    147595        21
  151433    147620        20
  151537    147673        32
  151628    147770        24
  151653    147795        26
  151691    147833        32
  151724    147866        57
  151782    147924        25
  151808    147950        42
  151857    147999        28
  151901    148043        95
  152040    148173        61
  152105    148238        22
  152135    148268        21
  152157    148290        42
  152204    148358        22
  152252    148406        37
  152290    148444        34
  152325    148479        25
  152351    148505        46
  152411    148565        22
  152434    148588        22
  152474    148628        28
  152503    148657        30
  152585    148739        46
  152637    148797        77
  152715    148875        24
  152740    148900        24
  152765    148925        23
  152837    148997        22
  152883    149043        53
  152937    149097        30
  152968    149128        30
  153038    149198        65
  153114    149274        29
  153148    149308        27
  153176    149336        35
  153262    149422        21
  153287    149447        66
  153417    149577        27
  153445    149605        22
  153473    149633        24
  153514    149674        72
  153580    149746        33
  153657    150420        42
  153723    150486        42
  153776    150539        25
  153805    150568        44
  153878    150641        33
  153999    150762        40
  154080    150843        25
  154110    150873        69
  154184    150947        72
  154269    151032        42
  154312    151075        93
  154406    151169        40
  154454    151220        41
  154497    151258        57
  154555    151316        75
  154631    151392        93
  154764    151525       141
  154906    151667        48
  154959    151720        46
  155008    151769        40
  155066    151827       202
  155266    152028       218
  155510    152272        78
  155589    152351       147
  155821    152605       121
  155957    152741        63
  156021    152805        26
  156051    152835        35
  156162    152946        35
  156261    153045        20
  156317    153101        32
  156413    153182        40
