> gi|827346154|gb|KR260986.1|
       1    160803        54
      56    160858        23
     511       161        20
     721       371        50
     787       437        32
     871       521        26
     898       548        29
     970       620        20
    1036       686        20
    1066       716        35
    1113       763        51
    1183       833        26
    1264       914        20
    1285       935        38
    1324       974        23
    1375      1025        20
    1402      1052        50
    1492      1142        34
    1756      1441        36
    2228      1945        26
    2803      2520        20
    2842      2559        23
    3941      4127        32
    4230      4436        24
    4264      4470        38
    5191      5159        40
    5232      5200        53
    5288      5256        23
    5319      5287        22
    5701      5661        20
    6132      6151        62
    7801      7312        28
    7830      7341        28
    8025      7523        25
    8104      7612        20
    8267      7808        26
    8345      7886        32
    8825      8467        33
    9047      8705        25
    9079      8737        23
    9103      8761        20
    9795      9898        30
    9877      9993        31
   10301     10425        29
   10426     10528        31
   10460     10562        24
   10503     10605        62
   10815     10804        26
   10842     10831        51
   11031     11071        21
   11245     11285        22
   11268     11308        35
   11328     11368        26
   11463     11503        20
   11487     11527        20
   11514     11554        32
   11580     11620        21
   11602     11642        31
   11634     11674        23
   11658     11698        23
   11766     11806        22
   11799     11839        32
   11886     11926        62
   11973     12013        29
   12003     12043        32
   12066     12106        20
   12126     12166        28
   12171     12211        20
   12192     12232        21
   12275     12315        30
   12306     12346        32
   12365     12405        45
   12420     12460        23
   12486     12526        20
   12655     12709        31
   12754     12808        24
   12930     12984        22
   13038     13091        52
   13242     13290        24
   13309     13523        20
   13450     13698        24
   13713     13988        26
   13749     14024        42
   14269     14596        35
   14311     14638        23
   14359     14686        41
   14428     14755        26
   14477     14804        21
   15588     15538        29
   15636     15586        53
   15699     15649        23
   15738     15688        29
   15768     15718        25
   15813     15763        26
   15847     15797        47
   15903     15853        32
   15962     15912        24
   16089     16039        33
   16355     16306        26
   16652     16685        32
   16916     16949        23
   16940     16973        41
   17072     17105        24
   17097     17130        43
   17207     17240        25
   17549     17568        20
   17723     17742        76
   17898     17917        42
   17972     17991        20
   17993     18012        50
   18137     18156        20
   18175     18194        21
   18212     18231        28
   18495     18517        34
   18770     18801        30
   18803     18834        22
   19091     19104        23
   19126     19139        23
   19243     19256        21
   19295     19308        23
   19604     19632        33
   19667     19701        32
   20182     20204        24
   20258     20280        20
   20285     20307        23
   20351     20373        46
   20410     20432        28
   20469     20491        28
   20527     20549        21
   20576     20598        40
   20675     20697        42
   20771     20793        26
   20821     20843        22
   20974     20993        27
   21011     21030        32
   21050     21069        26
   21122     21141        23
   21146     21165        35
   21188     21207        20
   21256     21275        23
   21280     21299        55
   21413     21432        38
   21503     21522        23
   21576     21595        21
   22229     22261        24
   22258     22290        22
   22283     22315        32
   22346     22378        38
   22403     22435        20
   22674     22706        46
   22748     22780        26
   22775     22807        23
   22850     22882        20
   22934     22966        38
   23018     23050        20
   23102     23134        25
   23297     23329        20
   23318     23350        35
   23354     23386        37
   23655     23722        24
   24092     24146        20
   24188     24242        31
   24220     24274        21
   24281     24335        26
   24327     24381        20
   24362     24416        20
   24449     24503        21
   24471     24525        25
   24675     24729        46
   24775     24829        35
   24811     24865        32
   24895     24949        29
   24943     24997        35
   24990     25044        28
   25063     25117        23
   25089     25143        44
   25213     25267        20
   25286     25340        33
   25372     25426        24
   25447     25501        32
   25519     25573        20
   25732     25786        26
   25759     25813        24
   25953     26007        33
   25987     26041        32
   26118     26172        42
   26176     26230        23
   26200     26254        47
   26248     26302        23
   26289     26343        30
   26512     26566        29
   26581     26635        35
   26674     26728        29
   26764     26818        26
   26791     26845        26
   26869     26923        29
   26929     26983        26
   26974     27028        20
   27019     27073        23
   27044     27098        25
   27070     27124        20
   27130     27184        26
   27157     27211        20
   27252     27306        48
   27313     27367        26
   27465     27519        21
   27576     27630        36
   27613     27667        26
   27646     27700        38
   27906     27974        22
   29070     29113        30
   29112     29155        27
   29796     29687        23
   29841     29731        47
   29889     29779        20
   31000     30544        21
   31168     30703        21
   31316     30841        22
   31966     31773        43
   32137     32098        34
   32174     32135        57
   32280     32241        27
   32308     32269        41
   32797     33384        67
   33163     33740        36
   34360     34386        21
   34382     34408        22
   34418     34444        29
   34457     34483        32
   34517     34543        29
   34547     34573        20
   34568     34594        29
   34634     34660        24
   34670     34696        26
   34712     34738        29
   34751     34777        50
   34802     34828        23
   34832     34858        41
   34874     34900        23
   34910     34936        26
   34949     34975        44
   35057     35083        26
   35084     35110        23
   35141     35167        60
   35202     35228        35
   35267     35293        20
   35300     35326        23
   35324     35350        59
   35384     35410        75
   35466     35492        41
   35559     35585        59
   35712     35738        32
   35745     35771        20
   35769     35795        29
   35823     35849        44
   35901     35927        21
   35943     35969        20
   35964     35990        50
   36021     36047        20
   36054     36080        20
   36108     36134        32
   36141     36167        20
   36213     36239        23
   36261     36287        44
   36315     36341        35
   36351     36377        35
   36399     36425        26
   36450     36476        24
   36486     36512        23
   36585     36611        32
   36618     36644        26
   36645     36671        27
   36673     36699        21
   36783     36809        28
   37042     36994        39
   37088     37040        53
   37453     37279        25
   37494     37320        21
   37516     37342        20
   37553     37379        29
   37583     37409        37
   37903     37743        20
   37964     37798        36
   38001     37835        26
   38187     38031        71
   38414     38267        24
   38445     38298        23
   38484     38337        23
   38583     38436        20
   38886     38755        20
   38913     38782        38
   39012     38881        29
   39051     38920       110
   39179     39048        33
   39228     39097        29
   39258     39127        32
   39312     39181        23
   39336     39205        20
   39369     39238        26
   39396     39265        26
   39525     39394        22
   39645     39514        23
   39744     39613        23
   39795     39664        44
   39906     39775        23
   39930     39799        77
   40008     39877        23
   40071     39940        23
   40146     40015        55
   40203     40072        32
   40239     40108        20
   40275     40144        26
   40303     40172        28
   40332     40201        29
   40476     40345        23
   40512     40381        38
   40619     40488        30
   40665     40534        50
   40752     40621        41
   40794     40663        22
   40817     40686        48
   40935     40804        80
   41054     40923        52
   41107     40976        35
   41143     41012        29
   41191     41060        23
   41215     41084        26
   41242     41111        20
   41263     41132        23
   41323     41192        65
   41398     41267        23
   41485     41354        26
   41512     41381        35
   41614     41483        26
   41707     41576        20
   41892     41761        60
   41953     41822        20
   42013     41882        20
   42037     41906        47
   42145     42014        23
   42217     42086        47
   42271     42140        35
   42334     42203        20
   42430     42299        29
   42571     42440        56
   42652     42521        29
   42688     42557        34
   42733     42602        29
   42790     42659        34
   42834     42703        42
   42877     42746        29
   42907     42776        29
   42970     42839        26
   43108     42977        44
   43153     43022        56
   43213     43082        23
   43240     43109        23
   43303     43172        24
   43328     43197        37
   43455    151378        25
   43458     43317        38
   43499     43358        25
   44119     43837        29
   44188     43906        29
   44274     43992        46
   44470     44184        25
   44562     44297        32
   44661     44396        25
   44703     44441        22
   44860     44606        24
   44975     44717        54
   45030     44772        20
   45054     44796        20
   45105     44847        45
   45157     44899        28
   45186     44928        23
   45238     44981        58
   45371     45116        23
   45635     45374        28
   45786     45521        28
   45934     45680        27
   45962     45708        36
   46018     45764        28
   46072     45818        20
   46934     46383        52
   46989     46438        31
   47374     46831        24
   47526     46983        28
   47555     47012        23
   47579     47036        20
   47630     47087        29
   47744     47201        23
   47882     47339        35
   48256     47717        57
   49306     48388        36
   49343     48425        28
   49387     48469        22
   49413     48492        27
   49487     48566        36
   49765     49096        22
   49790     49116        23
   49826     49152        53
   49885     49211        33
   50305     49554        42
   51090     50312        20
   51147     50369        29
   51324     50546        20
   51356     50578        22
   51411     50633        24
   51888     51116        29
   51918     51146        35
   51963     51191        20
   51984     51212        35
   52029     51257        26
   52356     51592        26
   52391     51627        51
   52443     51679        26
   52470     51706        41
   53056     53160        46
   53127     53231        31
   53248     53358        20
   53443     53554        30
   53670     53779        41
   53887     54006        77
   54176     54267        42
   54275     54366        24
   54467     54558        20
   54515     54606        46
   54589     54680        26
   54646     54737        20
   54805     54896        57
   54964     55055        23
   54993     55084        33
   55027     55118        26
   55054     55145        20
   55099     55190        20
   55297     55388        20
   55390     55481        20
   55417     55508        38
   55501     55592        20
   55540     55631        23
   55639     55730        24
   55675     55766        20
   55708     55799        23
   55744     55835        25
   55792     55883        32
   55876     55967        25
   55912     56003        26
   56109     56201        27
   56473     56414        25
   56574     56985        21
   56755     57185        38
   56794     57224        31
   56835     57265        47
   56883     57313        44
   56961     57391        47
   57102     57532        71
   57189     57619        26
   57246     57676        44
   57303     57733        20
   57420     57850        23
   57528     57958        20
   57576     58006        26
   57660     58090        20
   57681     58111        29
   57726     58156        20
   57747     58177        20
   57909     58339        35
   58020     58450        20
   58095     58525        20
   58514     59048        27
   58866     59560        24
   59082     59776        31
   59248     59921        30
   59507     60162        23
   59542     60197        24
   59666     60321        26
   59795     60450        23
   59819     60474        20
   59948     60603        28
   59977     60632        24
   60116     60771        26
   60205     60860        25
   61557     62317        34
   61592     62352        55
   61660     62420        27
   61746     62506        20
   61785     62545        20
   61806     62566        23
   61861     62621        24
   62001     62761        32
   62034     62794        50
   63071     63691        20
   63574     64188        23
   63676     64290        20
   63920     64533        26
   64059     64672        29
   64098     64711        53
   64158     64771        54
   64215     64828        26
   64302     64915        32
   64401     65014        21
   64464     65077        20
   64506     65119        20
   64535     65148        31
   64665     65278        32
   64842     65455        26
   66002     66628        22
   66025     66651        31
   66200     66816        44
   66254     66870        32
   66287     66903        34
   66322     66938        43
   66390     67006        63
   66470     67087        26
   66497     67114        27
   66525     67142        23
   66600     67217        65
   66666     67283        29
   66696     67313        27
   66795     67422        21
   66843     67470        24
   68006     68839        25
   68073     68906        23
   68271     69112        32
   68340     69181        23
   68367     69208        23
   68393     69234        29
   68506     69342        51
   68558     69394        35
   68749     69579        82
   68863     69697        21
   69270     70091        26
   69796     70784        29
   69900     70888        32
   70179     71180        20
   70253     71254        69
   70344     71345        23
   70368     71369        49
   70798     71830        26
   70999     72031        27
   71033     72065        20
   71237     72266        22
   71401     72395        22
   71457     72452        26
   71558     72585        24
   71865     72800        48
   71965     72900        20
   72176     73118        33
   72243     73185        23
   72336     73278        20
   72464     73413        23
   72682     73629        25
   72955     73974        52
   73071     74090        20
   73122     74141        20
   73224     74243        25
   73485     74470        30
   74038     75340        25
   74070     75372        21
   74585     76155        20
   74630     76200        30
   74705     76275        44
   74768     76338        29
   74882     76452        50
   74960     76530        56
   75032     76602        50
   75136     76706        24
   75173     76743        20
   75197     76767        32
   75242     76812        20
   75335     76905        32
   75398     76968        20
   75473     77043        20
   75611     77181        20
   75638     77208        20
   75815     77385        32
   75878     77448        23
   75911     77481        23
   76025     77595        47
   76088     77658        20
   76251     78260        22
   76293     78302        23
   76335     78344        26
   76362     78371        20
   76495     78508        38
   76556     78569        29
   76748     78770        30
   76839     78861        23
   77037     79112        31
   77111     79186        21
   77412     79473        33
   77465     79526        20
   77853     79889        29
   77883     79919        30
   77922     79958        35
   78009     80045        23
   78054     80090        20
   78075     80111        27
   78135     80171        20
   78171     80207        26
   78204     80240        21
   78240     80276        26
   78286     80322        28
   78336     80372        32
   78369     80405        23
   78393     80429        23
   78654     80682        24
   78788     80819        20
   78947     81059        25
   79339     81460        24
   79415     81536        26
   79508     81629        20
   79607     81728        23
   79631     81752        26
   79673     81794        32
   79742     81863        32
   79847     81968        24
   80140     82245        22
   80167     82272        20
   80445     82556        39
   80511     82622        30
   80646     82757        21
   80788     82899        22
   80902     83013        26
   81153     83282        20
   81318     83447        20
   81468     83597        20
   81753     83910        32
   81959     84114        20
   82270     84417        25
   82323     84470        37
   82882     85029        23
   82941     85088        33
   83014     85161        23
   83154     85301        28
   83183     85330        29
   83360     85524        25
   83496     85660        23
   83601     85765        22
   83733     85897        27
   83761     85925        21
   85014     87461        29
   85053     87500        20
   85095     87542        23
   85207     87654        26
   85265     87712        20
   85524     87971        36
   85816     88268        26
   86156     88752        20
   86318     88914        23
   86483     89262        29
   86525     89304        67
   86593     89372        27
   86639     89418        21
   86661     89440        34
   86720     89499        29
   86763     89542        87
   86851     89630        57
   86980     89754        30
   87011     89785        31
   87043     89817        46
   87090     89864        38
   87130     89904        36
   87175     89947        99
   87283     90055        26
   87310     90082        23
   87334     90106        41
   87377     90149        23
   87414     90186       108
   87524     90296       137
   87699     90471        56
   87756     90528        62
   87819     90591        22
   87925     90697        64
   88026     90798       107
   88134     90906        20
   88158     90930        37
   88196     90968        20
   88233     91005        26
   88289     91061        50
   88344     91116        20
   88365     91137        20
   88386     91158        46
   88451     91223        39
   88503     91255        20
   88524     91276        22
   88547     91299        29
   88577     91329        31
   88641     91393        25
   88667     91419        41
   88722     91474        28
   88805     91557        29
   88835     91587        41
   88913     91665        38
   88986     91738        27
   89043     91795        23
   89067     91819        29
   89152     91904        22
   89198     91950        40
   89257     92009        20
   89305     92057        35
   89411     92163        34
   89456     92208        67
   89524     92276        27
   89552     92304        79
   89632     92384        26
   89665     92417        23
   89702     92457        26
   89801     92556        59
   89933     92682        53
   89987     92736        59
   90047     92796        33
   90090     92839        23
   90114     92863        20
   90135     92884        50
   90192     92941        38
   90231     92980        55
   90287     93036        25
   90337     93089        21
   90371     93123        46
   90418     93170        30
   90463     93215        27
   90491     93243        28
   90592     93344        24
   90631     93383       104
   90736     93488        22
   90759     93511        49
   90826     93578        66
   90920     93666        24
   90945     93691        70
   91031     93786        50
   91113     93868        31
   91203     93958        32
   91236     93991        55
   91329     94084        33
   91428     94183        25
   91454     94209        49
   91513     94268        27
   91541     94296        60
   91619     94374        23
   91659     94414        20
   91685     94440        25
   91775     94530        30
   91844     94599        22
   91856     94620        25
   91882     94646        22
   91905     94669        30
   91988     94752        38
   92065     94829        27
   92107     94871        81
   92216     94980        40
   92299     95063        51
   92351     95115        21
   92413     95171        22
   92454     95206        28
   92556     95320        24
   92581     95345        21
   92603     95367        26
   92637     95401        24
   92675     95439        34
   92710     95474        35
   92771     95535        26
   92798     95562        67
   92898     95653        33
   92932     95687        29
   92962     95717        42
   93040     95795       139
   93186     95941        20
   93214     95969        25
   93246     96001        22
   93271     96026        26
   93298     96053        62
   93373     96131        25
   93413     96171        29
   93470     96228        37
   93645     96406        24
   93714     96475        31
   93746     96507        42
   93789     96550        39
   93834     96595        32
   93872     96633        44
   93917     96678        29
   93947     96708        24
   93972     96733        27
   94000     96761        36
   94052     96813        32
   94121     96882        23
   94185     96946        23
   94209     96970        53
   94263     97024        38
   94302     97063        31
   94336     97097       118
   94497     97258        38
   94555     97337        43
   94691     97473        38
   94739     97521        23
   94763     97545        41
   94837     97619        22
   94896     97678        92
   94999     97781        24
   95038     97820        38
   95087     97869        30
   95133     97915        23
   95165     97947        39
   95220     98002        26
   95247     98029        52
   95317     98099        36
   95354     98136        27
   95439     98232        21
   95507     98300        49
   95587     98375        30
   95630     98699        21
   95678     98745        29
   95766     98837        57
   95967     99036        25
   96078     99175        91
   96170     99267        56
   96227     99324        23
   96270     99367        28
   96477     99595        21
   96575     99701        34
   96739     99857        22
   96766     99884        45
   96812     99930        60
   96873     99991        21
   96895    100013        53
   96965    100083        42
   97008    100126        24
   97048    100166        24
   97073    100191        80
   97154    100272        45
   97200    100318        78
   97279    100397        29
   97336    100454        34
   97388    100506        34
   97430    100548       122
   97557    100675        30
   97592    100710       123
   97727    100845        91
   97856    100974        49
   97906    101024        41
   97947    101064        29
   97977    101094        27
   98005    101122        39
   98054    101192        42
   98097    101235        39
   98152    101290        27
   98199    101337        37
   98258    101396        65
   98351    101489        51
   98403    101541        26
   98430    101568        82
   98513    101651        41
   98555    101693        34
   98590    101728       102
   98693    101831        23
   98717    101855        47
   98775    101913        64
   98882    102020        83
   98976    102114        35
   99027    102165        29
   99070    102208        25
   99105    102243        21
   99199    102337        53
   99282    102418        56
   99383    102519        24
   99421    102557        22
   99474    102610        20
   99495    102631       103
   99599    102735        66
   99716    102852        45
   99784    102925        21
   99806    102947        21
   99844    102985        63
   99908    103049        38
   99939    103086        20
   99960    103107        56
  100017    103164        28
  100043    103195        29
  100090    103242        23
  100158    103310        23
  100182    103334        67
  100250    103402        55
  100306    103458        62
  100369    103521        77
  100459    103611       156
  100616    103768        64
  100749    103909        36
  100861    104015        52
  100931    104085        27
  101084    104277        29
  101199    104393        48
  101248    104442        36
  101303    104497        42
  101346    104540        25
  101372    104566        20
  101423    104619        20
  101465    104661        27
  101493    104689        27
  101541    104817        25
  101570    104846        31
  101602    104878        44
  101659    104935        30
  101693    104968        35
  101791    105066        35
  101818    105099        34
  101861    105148        28
  101912    105188        25
  102016    105262        23
  102072    105320        26
  102221    105465        50
  102317    105566        38
  102426    105674        83
  102525    105773        21
  102627    105875        21
  102656    105906        26
  102683    105933        40
  102724    105974       141
  102877    106127       121
  102999    106249       140
  103140    106390        26
  103167    106417        41
  103209    106459        59
  103275    106525       179
  103455    106705       222
  103678    106928       128
  103809    107059       154
  103960    107209       277
  104307    107562        44
  104352    107607        23
  104442    107697        44
  104507    107763        79
  104587    107843        25
  104625    107881        52
  104698    107954        43
  104756    108012        37
  104797    108053        29
  104827    108083        41
  104889    108143        50
  104940    108194        52
  105044    108296        24
  105069    108321        29
  105119    108376        38
  105158    108415        23
  105193    108451        44
  105236    108488        70
  105331    108583        27
  105402    108653        43
  105478    108729        97
  105594    108845       136
  105731    108982        50
  105778    109031        75
  105854    109107        45
  105905    109158        26
  105932    109185        41
  105974    109227        27
  106039    109292        46
  106131    109378        36
  106188    109435        31
  106227    109474        26
  106315    109554       107
  106426    109666        24
  106451    109691        35
  106514    109747        21
  106545    109778        77
  106633    109866        65
  106699    109932        95
  106795    110028       138
  106934    110167        97
  107039    110272        82
  107122    110355        69
  107198    110432        64
  107270    110504        30
  107301    110535       278
  107586    110816       252
  107840    111071        24
  107890    111122       237
  108142    111374        28
  108191    111423       198
  108390    111622       401
  108797    112029        65
  108863    112095        74
  108938    112170        45
  108989    112221       138
  109128    112360       148
  109277    112509        82
  109360    112592       131
  109494    112726        36
  109546    112778        90
  109666    112898        45
  109730    112962        21
  109763    112989        24
  109837    113059       121
  109959    113181        29
  109989    113211        20
  110050    113277        27
  110087    113314        31
  110148    113364        33
  110182    113398        21
  110208    113422        25
  110234    113448        93
  110340    113554        42
  110518    113694        66
  110604    113786        32
  110647    113829        25
  110783    113928        53
  110893    114043        44
  110952    114102        40
  111042    114192        21
  111064    114214        21
  111078    114268        26
  111105    114295        21
  111217    114427        25
  111239    114450        20
  111260    114471        22
  111285    114496        22
  111308    114519        20
  111347    114558        32
  111429    114631        26
  111456    114658        40
  111498    114700        42
  111548    114750        36
  111585    114787        60
  111662    114864        38
  111703    114905        48
  111759    114961        53
  111828    115030        26
  111887    115071        28
  111920    115104        23
  111944    115128        26
  112060    115265        34
  112114    115313        20
  112154    115353        44
  112407    115518        23
  112617    115728        22
  112968    116073        20
  113367    116463        26
  113397    116493        29
  113469    116565        26
  113640    116736        23
  113766    116862        41
  113808    116904        20
  113856    116952        26
  114046    117142        27
  114090    117186        20
  114167    117263        30
  114198    117294        23
  114245    117341        24
  114324    117420        32
  114431    117527        20
  114498    117594        20
  115302    118707        30
  115429    118834        25
  116391    119685        67
  116566    119901        35
  117246    120587        24
  117271    120612        29
  117330    120671        27
  117979    121324        45
  118051    121396        22
  118149    121494        22
  118230    121575        23
  118268    121613        27
  118302    121647        35
  118466    121811        23
  118560    121905        25
  118866    122211        35
  118965    122310        23
  118995    122340        20
  119423    122772        26
  119522    122871        26
  119549    122898        20
  119609    122958        20
  119630    122979        20
  119784    123161        22
  119902    123894        28
  120130    124122        20
  120206    124198        20
  120624    124567        20
  120703    124646        29
  120822    124765        25
  121433    125186        36
  121638    125391        23
  121662    125415        26
  121728    125481        26
  121758    125511        26
  121978    125747        55
  122053    125822        25
  122100    125869        23
  122302    126071        23
  122329    126098        29
  122457    126226        35
  123098    126852        22
  123599    127413        20
  123659    127473        20
  123715    127529        21
  124049    127863        23
  124073    127887        22
  124114    127928        43
  124182    127996        22
  124511    128325        26
  124594    128408        25
  124637    128451        29
  124779    128593        22
  125076    128890        62
  125226    129040        47
  125486    129351        21
  125591    129456        20
  126111    129990        37
  126149    130028        30
  126259    130144        24
  127140    130989        21
  128045    131900        21
  129021    132870        22
  129048    132897        25
  129074    132923        20
  129769    133636        21
  130716    134541        44
  130780    134605        20
  130820    134639        34
  130944    134784        26
  130971    134811        23
  130999    134839        28
  131060    134882        26
  131102    134924        53
  131163    134985        48
  131214    135036        38
  131269    135091        60
  131330    135152        36
  131374    135196        42
  131418    135240        40
  131459    135281        26
  131535    135348        32
  131586    135399        20
  131607    135420        22
  131632    135445        22
  131655    135468        20
  131672    135486        25
  131788    135622        21
  131810    135644        26
  131829    135703        21
  131851    135725        21
  131922    135796        40
  131977    135851        44
  132078    135957        53
  132242    136084        25
  132278    136120        32
  132330    136178        66
  132532    136342        42
  132587    136397        93
  132681    136491        25
  132711    136519        21
  132733    136541        33
  132796    136593        31
  132837    136634        27
  132905    136707        20
  132926    136728        29
  132956    136758       121
  133127    136925        24
  133163    136955        21
  133203    136995        45
  133278    137070        90
  133384    137176        36
  133423    137215       131
  133555    137347        82
  133638    137430       148
  133787    137579       138
  133931    137723        45
  133977    137769        74
  134052    137844        65
  134123    137915       401
  134525    138317       198
  134744    138536        28
  134787    138579       237
  135050    138843        24
  135076    138870       252
  135335    139125       278
  135614    139404        30
  135652    139442        64
  135723    139514        69
  135793    139584        82
  135883    139674        97
  135981    139772       138
  136120    139911        95
  136216    140007        65
  136292    140083        77
  136379    140170        21
  136428    140212        35
  136464    140248        24
  136492    140277       107
  136661    140438        26
  136695    140472        31
  136747    140524        36
  136829    140600        46
  136913    140684        27
  136941    140712        41
  136983    140754        26
  137015    140786        45
  137061    140832        75
  137133    140906        50
  137184    140957       136
  137339    141112        97
  137469    141242        43
  137556    141328        27
  137608    141380        70
  137677    141443        44
  137733    141500        23
  137757    141524        38
  137816    141588        29
  137846    141618        24
  137922    141692        52
  137975    141745        50
  138046    141814        41
  138088    141856        29
  138121    141889        37
  138173    141941        43
  138237    142005        52
  138302    142070        25
  138328    142096        79
  138428    142197        44
  138539    142308        23
  138563    142332        44
  138677    142452       277
  138951    142725       154
  139108    142882       128
  139237    143011       222
  139460    143234       179
  139646    143420        59
  139706    143480        41
  139748    143522        26
  139775    143549       140
  139916    143690       121
  140049    143823       141
  140191    143965        40
  140232    144006        26
  140266    144042        21
  140368    144144        21
  140405    144181        83
  140559    144334        38
  140643    144423        50
  140816    144592        26
  140875    144653        23
  140977    144725        25
  141025    144762        28
  141062    144805        34
  141088    144837        35
  141186    144935        35
  141225    144973        30
  141268    145016        44
  141313    145061        31
  141348    145096        25
  141394    145222        27
  141422    145250        27
  141471    145299        20
  141522    145352        20
  141543    145373        25
  141569    145399        42
  141630    145460        36
  141667    145497        48
  141801    145632        29
  141956    145826        27
  142001    145871        52
  142129    145993        36
  142234    146106        64
  142299    146171       156
  142468    146340        77
  142546    146418        62
  142609    146481        55
  142665    146537        67
  142733    146605        23
  142801    146673        23
  142842    146714        29
  142869    146746        28
  142898    146775        56
  142955    146832        20
  142968    146851        38
  143007    146890        63
  143087    146970        21
  143109    146992        21
  143153    147041        45
  143249    147137        66
  143316    147204       103
  143420    147308        20
  143471    147359        22
  143507    147395        24
  143576    147464        56
  143662    147548        53
  143788    147674        21
  143819    147705        25
  143858    147744        29
  143903    147789        35
  143949    147835        83
  144075    147961        64
  144150    148036        47
  144198    148084        23
  144222    148108       102
  144325    148211        34
  144360    148246        41
  144402    148288        82
  144485    148371        26
  144512    148398        51
  144591    148477        65
  144678    148564        37
  144735    148621        27
  144778    148664        39
  144818    148704        42
  144870    148777        39
  144910    148817        27
  144938    148845        29
  144967    148873        41
  145009    148915        49
  145096    149002        91
  145199    149105       123
  145327    149233        30
  145362    149268       122
  145492    149398        34
  145544    149450        34
  145606    149512        29
  145636    149542        78
  145715    149621        45
  145761    149667        80
  145842    149748        24
  145882    149788        24
  145907    149813        42
  145966    149872        53
  146020    149926        21
  146042    149948        60
  146103    150009        45
  146153    150059        22
  146305    150203        34
  146416    150322        21
  146616    150543        28
  146664    150591        23
  146688    150615        56
  146745    150672        91
  146922    150877        25
  147091    151044        57
  147207    151164        29
  147263    151218        21
  147297    151533        30
  147358    151589        49
  147454    151685        21
  147533    151775        27
  147561    151803        36
  147615    151857        52
  147668    151910        26
  147710    151952        39
  147758    152000        23
  147797    152039        30
  147838    152080        38
  147891    152133        24
  147926    152168        92
  148055    152297        22
  148110    152352        41
  148152    152394        23
  148185    152427        38
  148316    152558        43
  148379    152642        38
  148460    152723       118
  148581    152844        31
  148613    152876        38
  148652    152915        53
  148706    152969        23
  148770    153033        23
  148830    153093        32
  148878    153141        36
  148915    153178        27
  148943    153206        24
  148968    153231        29
  148998    153261        44
  149048    153311        32
  149086    153349        39
  149126    153389        42
  149169    153432        31
  149245    153508        24
  149407    153673        37
  149472    153738        29
  149516    153782        25
  149554    153823        62
  149617    153886        26
  149646    153915        22
  149675    153944        25
  149708    153977        20
  149735    154004       139
  149910    154179        42
  149953    154222        29
  149983    154252        33
  150049    154309        67
  150117    154377        26
  150169    154429        35
  150205    154465        34
  150253    154513        24
  150285    154545        26
  150312    154572        21
  150334    154594        24
  150432    154704        28
  150479    154745        22
  150542    154802        21
  150564    154824        51
  150658    154918        40
  150726    154986        81
  150822    155082        27
  150888    155148        38
  150979    155239        30
  151010    155270        22
  151033    155293        25
  151048    155317        22
  151109    155378        30
  151204    155473        25
  151235    155504        20
  151272    155541        23
  151313    155582        60
  151374    155643        27
  151411    155680        49
  151461    155730        25
  151552    155821        33
  151623    155892        55
  151679    155948        32
  151770    156039        31
  151833    156102        50
  151899    156177        70
  151970    156248        24
  152022    156294        66
  152106    156378        49
  152156    156428        22
  152179    156451       104
  152298    156570        24
  152395    156667        28
  152424    156696        27
  152466    156738        30
  152497    156769        46
  152556    156828        21
  152602    156877        25
  152628    156903        55
  152684    156959        38
  152729    157004        50
  152780    157055        20
  152801    157076        23
  152834    157109        33
  152868    157143        59
  152928    157203        53
  153054    157323        59
  153186    157455        26
  153226    157498        23
  153256    157528        26
  153283    157555        79
  153363    157635        27
  153391    157663        67
  153469    157741        34
  153574    157846        35
  153637    157909        20
  153676    157948        40
  153740    158012        22
  153818    158090        29
  153848    158120        23
  153901    158173        27
  153963    158235        38
  154038    158310        41
  154080    158352        29
  154164    158436        28
  154206    158478        41
  154248    158520        25
  154306    158578        31
  154338    158610        29
  154368    158640        22
  154391    158663        20
  154424    158676        39
  154482    158734        46
  154529    158781        20
  154550    158802        20
  154575    158827        50
  154655    158907        26
  154698    158950        20
  154719    158971        37
  154760    159012        20
  154781    159033       107
  154925    159177        64
  155073    159325        22
  155096    159348        62
  155159    159411        56
  155253    159505       137
  155392    159644       108
  155514    159766        23
  155539    159791        41
  155581    159833        23
  155605    159857        26
  155640    159892        99
  155748    159998        36
  155786    160036        38
  155825    160075        46
  155872    160122        31
  155904    160154        30
  156006    160251        57
  156064    160309        87
  156165    160410        29
  156219    160464        34
  156254    160499        21
  156294    160539        27
  156322    160567        67
  156402    160647        29
  156573    161001        23
