> gi|744674068|gb|KP006497.1|
      29       148        26
      57       175        23
     505       539        47
     562       596        23
     607       641        59
     667       701        50
     718       752        26
     772       806        47
     826       860        35
     889       923        23
     924       958        21
     946       980        23
     997      1031        26
    1024      1058        23
    1078      1112        23
    1102      1136        23
    1126      1160        26
    1153      1187        29
    1204      1238        20
    1237      1271        47
    1288      1322        26
    1324      1358        32
    1372      1406        23
    1401      1435        54
    1456      1490        56
    1594      1619        39
    1741      1786        52
    1814      1858        28
    1844      1888        27
    2164      2236        30
    2219      2291        20
    2240      2312        21
    2309      2381        23
    2334      2406        28
    2683      2755        21
    2712      2784        25
    2804      2876        20
    2853      2925        22
    2984      3056        20
    3160      3232        27
    3223      3319        20
    3372      3468        25
    3435      3531        57
    3663      3764        20
    3684      3785        20
    3755      3851        23
    3977      4071        21
    4139      4242        30
    4199      4302        20
    4232      4335        26
    4259      4362        42
    5232      5167        22
    5255      5190        31
    6149      5228        22
    6172      5251        23
    6224      5297        21
    7425      6348        23
    8004      7294        32
    8055      7345        25
    8195      7486        45
    8285      7576        29
    8354      7645        20
    8678      7924        40
    8775      8026        40
    8828      8079        23
    8876      8127        24
    9039      8289        33
    9073      8323        29
    9792      9110        33
    9992      9309        29
   10096      9413        21
   10251      9573        22
   10300      9622        58
   10402      9723        20
   10423      9744        54
   10502      9829        73
   10815     10055        26
   10842     10082        49
   11161     10384        25
   11205     10428        29
   11253     10476        27
   11281     10504        22
   11400     10623        20
   11462     10685        21
   11529     10752        32
   11562     10785        23
   11634     10857        38
   11697     10920        35
   11766     10989        20
   11814     11037        22
   11883     11106        26
   11910     11133        47
   12099     11322        41
   12155     11378        39
   12207     11430        20
   12281     11504        35
   12324     11547        38
   12387     11610        23
   12411     11634        21
   12451     11674        21
   12483     11706        31
   12517     11740        22
   12557     11781        21
   12570     11801        33
   12672     11903        30
   12967     12198        20
   13038     12269        56
   13209     12461        26
   13493     12762        21
   13670     12937        42
   13713     12980        23
   13743     13010        44
   13788     13055        27
   13849     13116        34
   14227     13541        38
   14275     13589        29
   14311     13625        35
   14347     13661        20
   14374     13688        47
   14428     13742        49
   44188    156789        20
   45265    142335        27
   46999     51669        21
   48271     38786        42
   49307     39594        62
   49370     39657        40
   49411     39698        30
   49482     39768        41
   49789     40063        52
   49842     40116        21
   49885     40159        35
   50209     40461        20
   50284     40529        63
   51031     41190        43
   51129     41288        71
   51294     41453        20
   51324     41483        26
   51369     41528        23
   51420     41579        46
   51744     41902        24
   51828     41986        32
   51912     42070        26
   51969     42127        50
   52056     42214        32
   52125     42283        41
   52182     42340        35
   52226     42384        28
   52325     42484        33
   52407     42566        22
   52430     42589        23
   52473     42632        44
   52518     42677        29
   52548     42707        31
   52622     42781        24
   52650     42809        35
   53056     43707        45
   53128     43779        32
   53162     43812        27
   53284     43930        20
   53310     43956        24
   53400     44046        20
   53450     44095        50
   53653     44307        39
   53810     44494        24
   53891     44575        58
   56424    142688        21
   61089     67070        29
   61560     67467        25
   61592     67499        24
   61631     67538        27
   61659     67566        31
   61694     67601        21
   61784     67691        21
   61818     67725        21
   62043     67950        20
   62070     67977        20
   63144     69108        23
   63533     69491        22
   63900     69829        22
   63933     69858        20
   63954     69879        22
   63977     69902        33
   64032     69957        37
   64070     69995        21
   64107     70032        38
   64182     70107        47
   64332     70257        23
   64369     70294        70
   64449     70374        47
   64512     70437        20
   64535     70460        86
   64704     70629        20
   64734     70659        23
   64758     70683        27
   64866     70791        37
   65302     71218        23
   65330     71246        24
   65957    146026        23
   65989    146054        37
   71167    154674        22
   71221    154726        38
   71361    154852        33
   71395    154886        25
   71466    154957        22
   71572    155064        20
   71678    155156        23
   71703    155181        32
   71860    155269        25
   71938    155347        35
   71980    155389        22
   72356    157108        25
   72537    157288        21
   72573    157324        23
   72743    157536        31
   72793    157581        25
   72900    157691        33
   72970    157760        24
   73822    158582        23
   74030    158790        27
   74575    160323        30
   74693    160441        23
   74726    160474        27
   74768    160516        22
   74835    160583        34
   77292    112032        20
   77457    112187        25
   77569    112285        29
   77629    112344        22
   88782     94886        23
   89022     95096        20
   89779     95214        24
   90047     95488        23
   90805     96000        23
   90835     96030        33
   91975     97065        35
   92011     97101        25
   92955     99374        31
   93443     99853        20
   93975    100481        21
   94096    100605        31
   94378    100887        25
   94432    100941        23
   94509    101018        29
   94611    101120        30
   94833    101345        21
   95265    101966        34
   95351    102052        23
   95545    102119        26
   95550     64455        26
   95906    102315        20
   95969    102378        23
   96048    102446        29
   96129    102527        53
   96196    102594        23
   96220    102618        21
  101682     14947        20
  101764     15029        25
  101796     15057        31
  102466    147321        20
  102506    102969        21
  102531    102994        40
  102575    103038        59
  102654    103117        69
  102724    103187       104
  102829    103292        25
  102871    103333        61
  102975    103439        64
  103065    103529        25
  103128    103591        80
  103209    103672        65
  103275    103738       122
  103398    103861        23
  103453    103917        26
  103482    103945        28
  103526    103988       157
  103684    104146       121
  103814    104270       103
  103918    104374        29
  103959    104416        50
  104010    104467        48
  104059    104516        30
  104111    104568        37
  104149    104606        50
  104209    104666        50
  104260    104717        34
  104297    104758        32
  104330    104791        37
  104369    104830        27
  104398    104859        21
  104415    104874        21
  104437    104896        35
  104488    104947        43
  104529    104989        83
  104613    105073        84
  104698    105158        43
  104742    105202        47
  104798    105257        47
  104846    105305        45
  104889    105351       116
  105009    105471        32
  105056    105518        44
  105101    105563        91
  105193    105655        44
  105244    105703        72
  105374    105817        27
  105402    105845        61
  105464    105907        93
  105550    106001       159
  105710    106161        88
  105790    106250        87
  105900    106360        65
  106002    106458        37
  106048    106504        43
  106108    106559        72
  106207    106656        20
  106228    106677        37
  106266    106715        30
  106320    106768        62
  106383    106831       129
  106541    106989        20
  106562    107010        25
  106588    107036        34
  106633    107077        95
  106736    107180        24
  106770    107214        24
  106795    107239       236
  107039    107483        98
  107138    107582        54
  107196    107640        65
  107270    107714        86
  107364    107808       170
  107535    107979        68
  107604    108048        97
  107702    108146       172
  107897    108341        42
  107940    108384       108
  108049    108493        67
  108128    108573        31
  108151    108602        47
  108233    108841       295
  108529    109136        85
  108615    109222       112
  108728    109335        54
  108792    109399       178
  108971    109578        39
  109011    109618       178
  109190    109797       115
  109306    109913       139
  109545    110130        34
  109580    110165        56
  109637    110222        42
  109680    110265        71
  109764    110354        45
  109836    110416        29
  109866    110446        60
  109927    110507        66
  110049    110634        28
  110199    110768        90
  110290    110859        22
  110386    110936        41
  110890    111104        21
  110912    111126        74
  110993    111207        45
  112778    132674        21
  112933    132817        22
  113259    133143        36
  113397    133281        38
  113547    133431        20
  113602    133486        22
  113682    133566        29
  114029    133910        21
  114075    133956        35
  114165    134046        32
  114198    134079        29
  114228    134109        38
  114277    134158        22
  114329    134210        27
  114492    134373        26
  115242    135276        21
  115301    135331        31
  115334    135364        22
  115471    135533        20
  116402    136142        32
  116435    136175        32
  116605    136356        22
  116759    136507        20
  117259    136995        41
  117399    137135        22
  117954    137725        21
  118008    137779        23
  118301    138072        20
  118325    138096        21
  118356    138127        21
  118388    138159        27
  118434    138205        47
  118500    138271        23
  118596    138367        33
  118833    138604        32
  118965    138736        23
  119015    138786        22
  119185    138956        22
  119243    139014        45
  119393    139151        29
  119423    139181        26
  119489    139247        47
  119549    139307        29
  119971    139760        23
  120023    139812        22
  120106    139895        20
  120138    139927        49
  120328    140112        23
  120451    140225        26
  120490    140264        23
  120552    140326        20
  120679    140453        21
  120751    140525        25
  120883    140657        55
  121397    141206        24
  121431    141240        22
  121467    141276        26
  121494    141303        23
  121530    141339        20
  121551    141360        20
  121593    141402        23
  121617    141426        32
  121650    141459        38
  121725    141534        35
  121834    141643        24
  121882    141691        20
  121966    141763        86
  122053    141850        25
  122079    141876        24
  122104    141901        25
  122209    142006        46
  122256    142053        36
  122302    142099        65
  122398    142195        40
  122449    142246        22
  122568    142365        23
  122636    142429        21
  123041    142772        29
  123303    143041        30
  123367    143114        39
  123443    143188        23
  123558    143302        37
  123599    143343        22
  123622    143366        48
  123716    143460        40
  123793    143537        21
  123840    143584        21
  123895    143639        24
  123932    143676        26
  123959    143703        26
  123986    143730        30
  124036    143780        20
  124064    143808        42
  124126    143870        31
  124170    143914        35
  124206    143950        22
  124239    143983        34
  124281    144025        29
  124331    144075        51
  124428    144172        20
  124470    144214        20
  124511    144255        33
  124548    144292        23
  124590    144334        35
  124626    144370        20
  124650    144394        26
  124756    144500        22
  124779    144523        28
  124837    144581        82
  124929    144673        20
  125016    144760        20
  125076    144820        80
  125157    144901        29
  125201    144945        57
  125259    145003        39
  125318    145062        28
  125489    145292        20
  125524    145327        26
  126115    147796        47
  126318    148011        22
  127194    148785        22
  127855    149368        26
  127964    149495        25
  129782    151838        21
  131876    160621        45
  131928    160673        74
  132003    160748        21
  132487    160896        41
  132602    160992        22
  132625    161015        90
  132837    161211        28
  132921    161300        66
  132988    161367        60
  133049    161428        29
  133105    161474        45
  133163    161537        71
  133235    161609        42
  133278    161652        56
  133335    161709        34
  133469    161821       139
  133609    161961       115
  133725    162077       178
  133904    162256        39
  133944    162296       178
  134132    162484        54
  134187    162539       112
  134300    162652        85
  134386    162737       295
  134716    163224        47
  134755    163269        31
  134798    163313        67
  134866    163381       108
  134975    163490        42
  135040    163555       172
  135213    163728        97
  135311    163826        68
  135380    163895       170
  135558    164073        86
  135653    164168        65
  135722    164237        54
  135777    164292        98
  135883    164398       236
  136120    164635        24
  136154    164669        24
  136186    164701        95
  136292    164803        34
  136327    164838        25
  136353    164864        20
  136402    164913       129
  136532    165043        62
  136618    165128        30
  136649    165159        37
  136687    165197        20
  136734    165242        72
  136823    165326        43
  136875    165378        37
  136949    165448        65
  137037    165536        87
  137116    165624        88
  137205    165713       159
  137357    165873        93
  137451    165967        61
  137513    166029        27
  137598    166098        72
  137677    166174        44
  137722    166219        91
  137814    166311        44
  137873    166370        32
  137909    166406       116
  138023    166523        45
  138069    166569        47
  138125    166624        47
  138173    166672        43
  138217    166716        84
  138302    166801        83
  138383    166883        43
  138442    166942        35
  138478    166978        21
  138495    166993        21
  138518    167016        27
  138547    167045        37
  138585    167083        32
  138620    167122        34
  138655    167157        50
  138715    167217        50
  138766    167268        37
  138825    167327        30
  138856    167358        48
  138905    167407        50
  138967    167470        29
  138997    167500       103
  139109    167606       121
  139231    167728       157
  139404    167900        28
  139435    167930        26
  139493    167989        23
  139517    168013       122
  139640    168136        65
  139706    168202        80
  139824    168319        25
  139875    168370        64
  139982    168479        61
  140060    168556        25
  140086    168582       104
  140191    168687        69
  140280    168776        59
  140343    168839        40
  140387    168883        21
  140428     29431        32
  140461     29464        32
  141394     89138        27
  141494     89240        28
  141543     89289        26
  141587     89333        29
  141856     89604        27
  141933     89653        20
  141954     89674        36
  142023     89743        50
  142091     89804        25
  142127     89834        25
  142234     89949       103
  142342     90057        38
  142393     90108        26
  142437     90152        33
  142471     90186        58
  142533     90248        97
  142631     90346        77
  142786     90496        38
  142836     90545        34
  142863     90577        36
  142900     90614        54
  142968     90682        38
  143023     90758        51
  143075     90810        49
  143125     90860        27
  143256     90991        41
  143504     91239        38
  143597     91332        24
  143788     91515        34
  143862     91588        21
  143950     91609        43
  144011     91670        32
  144093     91752        44
  144159     91818        29
  144198     91857        59
  144274     91933        50
  144343     92002       112
  144456     92115        36
  144493     92152        41
  144535     92194        37
  144588     92247        26
  144615     92274        40
  144678     92337        37
  144716     92375        24
  144797     92456        44
  144847     92506        32
  144912     92564        20
  144968     92622        41
  145027     92681        31
  145059     92713        36
  145096     92750        50
  145184     92838        37
  145222     92876        28
  145279     92933        31
  145334     92988        89
  145424     93078        76
  145501     93155        24
  145526     93180        32
  145579     93233        41
  145658     93312        46
  145705     93359        53
  145759     93413        56
  145819     93473        29
  145852     93506        74
  145927     93581        28
  145973     93627        42
  146016     93670        21
  146097     93751        60
  146158     93812        26
  146211     93865        41
  146294     93963        42
  146673    169234        21
  146695    169256        23
  146732    169293        53
  146837    169398        29
  146922    169472        23
  147342    147166        22
  154968     15120        34
  155009     15161        23
  155154     15285        53
  155235     15366        37
  155273     15404        27
  155301     15432       281
  155599     15730        40
  155640     15771        21
  155674     15805        37
  155712     15843        21
  155749     15879        34
  155785     15915        28
  155814     15944        53
  155986     16111        85
  156117     16242        30
  156189     16314        47
  156238     16363        41
  156299     16424        39
  156343     16468        46
  156432     16557        31
  156489     16614        30
