> gi|374094575|gb|JQ310743.1|
       1         2        28
      50        51        29
     511       397        20
     532       418        26
     616       502        32
     667       553        31
     706       592        20
     727       613        44
     781       667        38
     853       739        35
     889       775        29
     997       883        35
    1036       922        41
    1078       964        23
    1102       988        44
    1147      1033        20
    1168      1054        26
    1195      1081        41
    1249      1135        25
    1303      1189        20
    1324      1210        23
    1357      1243        38
    1396      1282        38
    1435      1321        32
    1509      1395        31
    1756      1626        36
    1853      1722        26
    2077      1926        20
    3137      2986        29
    3435      3299        25
    3586      3447        23
    3938      3790        36
    4171      4014        24
    4254      4097        46
    5167      4852        27
    5206      4891        53
    5734      5632        31
    5917      5817        26
    6094      5990        25
    6127      6023        63
    7797      6867        33
    8005      7396        49
    8201      7592        22
    8258      7649        25
    8350      7741        23
    8771      8135        25
    8872      8236        24
    9043      8387        25
    9073      8417        25
    9099      8443        20
    9795      9275        32
    9886      9366        29
   10067      9555        23
   10099      9587        20
   10166      9657        25
   10310      9800        20
   10431      9941        24
   10460      9970        29
   10505     10015        62
   10817     10198        26
   10844     10225        49
   11078     10492        22
   11270     10684        35
   11329     10743        21
   11465     10879        20
   11567     10981        35
   11636     11050        23
   11770     11184        20
   11798     11212        35
   11834     11248        20
   11930     11344        29
   11984     11398        20
   12053     11467        23
   12160     11574        21
   12275     11689        65
   12347     11761        65
   12488     11902        27
   12760     12190        30
   12933     12363        22
   12961     12391        29
   13043     12473        48
   13443     12898        29
   13752     13260        44
   14072     13627        32
   14248     13810        20
   14281     13843        20
   14317     13879        20
   14398     13960        26
   14434     13996        44
   14869     14430        23
   15592     14979        29
   15622     15009        44
   15697     15084        26
   15754     15141        44
   15808     15195        26
   15866     15253        32
   15907     15294        29
   16027     15414        30
   16317     15704        23
   16359     15749        23
   16605     16018        23
   16663     16076        25
   16896     16309        74
   17106     16519        32
   17163     16576        20
   17202     16615        50
   17550     16999        20
   17727     17176        41
   17775     17224        22
   17913     17362        22
   17945     17394        21
   18014     17463        33
   18079     17528        24
   18147     17596        29
   18186     17635        23
   18222     17671        26
   18398     17847        24
   18786     18244        43
   19044     18496        27
   19099     18548        25
   19125     18574        28
   19335     18784        26
   19528     18986        22
   19604     19062        45
   19673     19131        24
   19816     19274        22
   20192     19656        24
   20261     19725        21
   20289     19753        20
   20352     19816        22
   20375     19839        26
   20414     19878        27
   20466     19930        29
   20595     20059        35
   20643     20107        23
   20700     20164        21
   20787     20251        41
   20844     20308        20
   20978     20439        27
   21021     20482        26
   21105     20566        20
   21126     20587        23
   21153     20614        20
   21186     20647        26
   21260     20721        23
   21315     20776        20
   21339     20800        20
   21369     20830        32
   21417     20878        32
   21492     20953        35
   21582     21043        20
   21603     21064        20
   21634     21098        22
   22233     21689        24
   22285     21741        28
   22524     21980        26
   22599     22055        32
   22749     22205        23
   22779     22235        26
   22977     22433        29
   23048     22504        20
   23301     22757        54
   23358     22814        20
   23390     22846        23
   23643     23102        21
   23733     23171        20
   24091     23537        21
   24136     23582        25
   24189     23635        20
   24224     23670        21
   24273     23719        38
   24363     23809        26
   24438     23884        50
   24558     24004        20
   24615     24061        22
   24680     24126        23
   24704     24150        26
   24755     24201        20
   24779     24225        68
   24881     24327        26
   24944     24390        30
   24994     24440        24
   25031     24477        20
   25070     24516        20
   25109     24555        28
   25208     24654        26
   25253     24699        29
   25295     24741        26
   25411     24857        21
   25519     24965        42
   25595     25041        26
   25760     25206        26
   25964     25410        20
   25991     25437        25
   26128     25574        28
   26157     25603        34
   26315     25761        45
   26516     25962        26
   26571     26017        54
   26667     26113        40
   26873     26319        41
   26978     26424        35
   27026     26472        20
   27047     26493        26
   27074     26520        29
   27122     26568        47
   27182     26628        20
   27250     26696        25
   27276     26722        37
   27344     26790        35
   27395     26841        26
   27504     26950        23
   27558     27004        21
   27580     27026        36
   27617     27063        23
   27650     27096        25
   27676     27122        39
   27914     27377        26
   29074     28525        30
   29111     28562        26
   29849     29137        49
   29905     29193        32
   30973     30495        24
   31039     30552        25
   31065     30578        21
   31090     30603        20
   31111     30624        25
   31171     30679        22
   31969     31814        60
   32137     32204        39
   32177     32244        58
   32257     32331        79
   32342     32416        32
   33130     32966        74
   33504     33216        24
   33546     33258        25
   33624     33328        26
   34673     33918        21
   34717     33962        22
   34768     34013        44
   34882     34127        38
   34921     34166        26
   35020     34265        23
   35047     34292        23
   35167     34412        27
   35278     34523        20
   35308     34553        20
   35350     34595        23
   35404     34649        35
   35491     34736        68
   35602     34847        29
   35644     34889        47
   35692     34937        26
   35719     34964        44
   35764     35009        28
   35804     35049        26
   35921     35166        32
   36068     35313        26
   36107     35352        26
   36149     35394        20
   36170     35415        50
   36281     35526        26
   36308     35553        26
   36389     35634        20
   36437     35682        29
   36583     35828        30
   36650     35895        41
   36788     36033        21
   36827     36072        23
   36863     36108        35
   36923     36168        23
   36971     36216        36
   37118     36363        35
   37377     36513        42
   37423     36555        26
   37779     36899        21
   37826     36946        45
   37890     37010        27
   37918     37038        26
   38238     37633        20
   38299     37688        36
   38338     37727        24
   38519     37909        61
   38676     38062        26
   38745     38137        25
   38777     38169        23
   38801     38193        20
   38822     38214        23
   38855     38247        23
   38915     38307        20
   38958     38350        54
   39021     38413        22
   39087     38468        33
   39200     38596        44
   39245     38641        38
   39335     38731        47
   39392     38788        26
   39430     38826        24
   39511     38907        33
   39562     38958        81
   39644     39040        23
   39668     39064        20
   39701     39097        43
   39782     39178        20
   39836     39232        20
   40010     39406        20
   40079     39475        20
   40121     39517        47
   40187     39583        23
   40238     39634        23
   40283     39679        28
   40343     39739        20
   40364     39760        28
   40478     39874        23
   40539     39935        31
   40573     39969        21
   40640     40036        23
   40689     40085        22
   40729     40125        29
   40856     40252        32
   40904     40300        26
   40940     40336        26
   40997     40393        29
   41063     40459        20
   41099     40495        23
   41132     40528        53
   41222     40618        23
   41246     40642        50
   41297     40693        88
   41386     40782        88
   41475     40871        38
   41514     40910        32
   41562     40958        65
   41661     41057        38
   41700     41096        20
   41724     41120        29
   41820     41216        59
   41946     41342        26
   42198     41594        25
   42231     41627        32
   42279     41675        26
   42321     41717        20
   42390     41786        23
   42417     41813        20
   42447     41843        29
   42477     41873        23
   42549     41945        20
   42606     42002        32
   42761     42157        21
   42815     42211        30
   42852     42248        20
   42903     42299        29
   42933     42329        35
   42984     42380        29
   43020     42416        20
   43055     42451        24
   43166     42562        24
   43191     42587        23
   43215     42611        23
   43242     42638        32
   43334     42730        20
   43371     42767        20
   43440     42836        23
   43485     42881        28
   43636     43032        61
   43800     43178        25
   44278     43584        24
   44479     43718        20
   44536     43775        20
   44572     43811        20
   44624     43863        28
   44763     44004        23
   45009     44260        20
   45109     44355        23
   45133     44379        20
   45320     44552        51
   45453     44685        32
   45492     44724        85
   45584     44817        57
   45719     44948        23
   45783     45017        38
   45948     45185        20
   46134     45360        30
   46171     45397        25
   46311     45544        86
   47283     46004        22
   47306     46027        39
   47638     46349        30
   47845     46556        73
   47961     46672        25
   48063     46774        23
   48087     46798        29
   48201     46912        35
   48590     47385        42
   49628     48285        36
   49665     48322        37
   49709     48366        26
   49735     48389        29
   49800     48497        37
   50162     48893        78
   50627     49361        42
   51406     50067        20
   51469     50130        39
   51606     50267        30
   51678     50339        27
   52036     50698        20
   52216     50878        23
   52306     50968        44
   52354     51016        20
   52641     51312        24
   52666     51337        47
   52725     51396        23
   52767     51438        26
   52815     51486        20
   52971     51642        23
   53396     52833        35
   53450     52887        31
   53610     53061        26
   53637     53088        29
   53723     53187        31
   53767     53231        53
   53886     53354        27
   54222     53722        57
   54543     54010        29
   54789     54256        44
   54858     54325        34
   54920     54387        26
   54977     54444        22
   55025     54492        23
   55094     54561        20
   55115     54582        20
   55151     54618        26
   55194     54661        22
   55253     54720        20
   55319     54786        38
   55376     54843        23
   55595     55062        53
   55673     55140        20
   55721     55188        26
   55748     55215        20
   55832     55299        20
   56000     55467        26
   56039     55506        23
   56089     55556        31
   56123     55590        26
   56215     55682        23
   56239     55706        24
   56804     56247        36
   56933     56403        23
   57089     56556        37
   57127     56594        29
   57174     56641        38
   57213     56680        42
   57261     56728        35
   57312     56779        29
   57375     56842        20
   57435     56902        35
   57475     56942        31
   57591     57058        29
   57636     57103        20
   57711     57178        29
   57756     57223        27
   57784     57251        26
   57819     57286        20
   57867     57334        23
   57954     57421        32
   58017     57484        38
   58059     57526        41
   58218     57685        21
   58297     57764        25
   58323     57790        26
   58350     57817        23
   58846     58444        29
   59084     58771        28
   59414     59097        20
   59824     59489        38
   59875     59540        23
   59899     59564        22
   60001     59666        23
   60034     59699        32
   60145     59810        23
   60253     59918        26
   60320     32808        21
   60445     60110        44
   60541     60206        21
   60566     60231        25
   61153     60651        23
   61414     60808        53
   61804     61131        25
   61949     61283        27
   62066     61400        22
   62132     61466        29
   62162     61496        43
   62339     61673        43
   62413     61747        35
   63387     62738        41
   63918     63263        26
   63948     63293        24
   64026     63371        20
   64270     63601        26
   64409     63740        23
   64508     63839        20
   64670     64001        21
   64717     64048        24
   64958     64289        20
   65126     64457        20
   65198     64529        20
   66300     65541        20
   66340     65581        21
   66375     65616        38
   66542     65786        52
   66604     65848        32
   66637     65881       108
   66746     65990        57
   66820     66065        26
   66847     66092        27
   66875     66120        23
   66911     66156        26
   66950     66195        71
   67022     66267        23
   67046     66291        46
   67155     66407        21
   67183     66435        34
   68357     67415        25
   68627     67678        38
   68666     67717        20
   68687     67738        35
   68756     67807        23
   68863     67905        50
   68914     67956        26
   69101     68148        86
   69585     68576        25
   70257     69159        32
   70610     69499        84
   70695     69584        29
   70725     69614        37
   70763     69652        33
   71045     69951        26
   71157     70079        36
   71219     70141        23
   71363     70285        33
   71425     70347        21
   71715     70627        43
   71830     70742        24
   72223     71133        60
   72329     71239        37
   72514     71455        20
   72661     71602        23
   73276     72290        25
   73319     72333        30
   73554     72568        27
   73594     72608        36
   74406     73378        21
   74435     73407        20
   74523     73492        20
   74918     73901        51
   74976     73959        20
   74997     73980        29
   75078     74061        23
   75102     74085        20
   75123     74106        21
   75156     74139        23
   75198     74181        32
   75264     74247        32
   75312     74295        20
   75351     74334        23
   75423     74406        20
   75465     74448        23
   75669     74652        20
   75705     74688        41
   75828     74811        29
   75858     74841        23
   75897     74880        20
   75999     74982        41
   76107     75090        38
   76149     75132        26
   76182     75165        26
   76266     75249        20
   76335     75318        24
   76389     75372        30
   76420     75403        30
   76615     75585        26
   76688     75658        37
   76821     75798        32
   76854     75831        26
   76890     75867        23
   77000     75989        28
   77084     76077        21
   77106     76099        22
   77129     76122        20
   77237     76230        21
   77387     76378        40
   77441     76432        21
   77521     76532        22
   77824     76836        22
   78206     77218        35
   78242     77254        29
   78290     77302        29
   78320     77332        20
   78366     77378        25
   78413     77425        47
   78494     77506        20
   78563     77575        35
   78599     77611        26
   78626     77638        50
   78710     77722        41
   78891     77928        27
   78980     78026        32
   79269     78322        26
   79312     78366        20
   79691     78711        30
   79742     78762        23
   79775     78795        26
   79964     78984        26
   80189     79209        23
   80216     79236        21
   80606     79644        22
   80764     79808        23
   80827     79871        26
   80921     79965        25
   81150     80194        20
   81549     80594        20
   81580     80625        40
   81834     80879        30
   81896     80941        23
   82110     81179        52
   82181     81258        23
   82316     81391        29
   82439     81514        30
   82742     81819        24
   83063     82131        20
   83400     82432        20
   83469     82501        33
   83522     82554        23
   83553     82585        21
   83721     82769        25
   83795     82843        22
   83854     82902        25
   83962     83010        22
   83989     83037        20
   84061     83109        32
   84094     83142        27
   84156     83204        33
   85110     84172        33
   85304     84430        27
   85438     84564        42
   85877     85003        20
   85898     85024        24
   86071     85176        20
   86178     85283        26
   86227     85332        20
   86281     85386        23
   86598     86055        27
   86671     86128        28
   86857     86325        23
   86905     86373        20
   86926     86394        20
   86961     86429        27
   87007     86475        21
   87088     86556        32
   87131     86599        73
   87219     86687        57
   87348     86811        21
   87370     86833        40
   87413     86876        83
   87498     86961        28
   87549     87006        37
   87651     87108        26
   87678     87135        23
   87708     87165        35
   87745     87202        23
   87782     87239       108
   87892     87349        23
   87916     87373       113
   88048     87505        30
   88079     87536        31
   88111     87568        54
   88166     87623        20
   88293     87744        54
   88394     87851       107
   88502     87959        23
   88526     87983        37
   88678     88151        29
   88712     88185        20
   88733     88206        20
   88754     88227        46
   88836     88315        22
   88871     88330        20
   88916     88375        25
   88942     88401        34
   89009     88468        25
   89035     88494        22
   89078     88537        24
   89132     88591        21
   89173     88632        29
   89203     88662        44
   89267     88726        38
   89354     88813        27
   89411     88879        23
   89438     88906        28
   89566     89034        26
   89892     89087        24
   89917     89112        55
   89974     89169        51
   90033     89228        23
   90057     89252        39
   90157     89352        59
   90355     89550        22
   90378     89573        36
   90416     89611        22
   90482     89677        20
   90503     89698        63
   90567     89762        29
   90607     89802        41
   90655     89850        25
   90709     89904        76
   90793     89988        33
   90859     90045        28
   90899     90085        39
   90964     90150        25
   91021     90207        21
   91043     90232        38
   91104     90293        28
   91194     90374        26
   91221     90401        39
   91274     90448       109
   91392     90566        57
   91490     90685        22
   91546     90720        20
   91582     90756        20
   91702     90876        28
   91764     90938        57
   91822     90996        49
   91909     91083        53
   92003     91177        23
   92027     91201        20
   92053     91227        35
   92186     91360        27
   92214     91388        35
   92256     91430        27
   92365     91539        49
   92433     91607        37
   92475     91649        26
   92522     91696        23
   92584     91758        40
   92667     91841        23
   92704     91878        20
   92822     92002        28
   92891     92083        26
   92918     92110        20
   92949     92141        21
   93005     92197        24
   93047     92239        25
   93079     92271        23
   93213     92369        22
   93260     92407        50
   93330     92477        23
   93398     92545        41
   93507     92654        40
   93603     92750        35
   93667     92814        20
   93688     92835        34
   93741     92879        25
   93775     92913        35
   93838     92976        37
   94026     93119        29
   94100     93196        31
   94132     93228        21
   94236     93332        53
   94307     93403        25
   94386     93482        48
   94457     93553        27
   94507     93603        27
   94558     93654        26
   94621     93717        36
   94688     93784        21
   94743     93839        23
   94767     93863        68
   94886     93982        44
   94931     94027        53
   95004     94100        20
   95075     94153        34
   95152     94230        20
   95281     94371        69
   95375     94456        33
   95419     94500        28
   95449     94530        23
   95483     94564        20
   95599     94680        20
   95635     94716        43
   95703     94784        36
   95742     94823        25
   95875     94941        23
   96073     95263        24
   96180     95374        33
   96280     95477        32
   96330     95527        21
   96443     95679        20
   96478     95706        77
   96579     95798        23
   96613     95832        23
   96750     95975        24
   96863     96102        34
   96914     96153        21
   96954     96185        20
   96975     96206        20
   97070     96294        77
   97163     96387        34
   97198     96422        36
   97236     96460        22
   97259     96483        75
   97371     96595        22
   97400     96624        58
   97461     96685       203
   97665     96889        56
   97722     96946        86
   97836     97060       106
   97943     97167        43
   98011     97233        90
   98102     97324        25
   98154     97376        50
   98205     97427        36
   98268     97501        23
   98292     97525        76
   98369     97602        21
   98403     97636        27
   98440     97694        28
   98483     97737        39
   98538     97794        46
   98591     97847        31
   98650     97906        59
   98720     97976        49
   98789     98045        26
   98823     98079        21
   98845     98101        39
   98899     98155        41
   98941     98197        34
   98976     98232        59
   99036     98292        78
   99115     98371        21
   99161     98417        64
   99268     98524        83
   99362     98618        28
   99413     98671        29
   99599     98850        38
   99650     98899        45
   99696     98945        25
   99725     98974        23
   99749     98998        56
   99807     99056        37
   99881     99130       103
   99985     99234        49
  100108     99357        39
  100148     99397        24
  100170     99424        21
  100192     99446        22
  100215     99469        78
  100294     99548        51
  100352     99606        50
  100403     99657        28
  100426     99685        73
  100575     99836        38
  100614     99875        73
  100688     99949       123
  100812    100073        20
  100845    100106        62
  100908    100169        93
  101002    100263        51
  101133    100402        39
  101244    100507        33
  101278    100541        22
  101324    100587        22
  101585    100681        25
  101644    100740        26
  101698    100794        33
  101732    100828        22
  101758    100854        20
  101782    100879        27
  101849    100957        29
  101879    100987        35
  101954    101072        33
  101988    101106        24
  102055    101178        20
  102078    101201        45
  102194    101316        29
  102526    101440        21
  102613    101524        41
  102711    101625        29
  102742    101661        31
  102812    101719        27
  102840    101747        53
  102885    101798        25
  102942    101855        29
  103044    101957        24
  103081    101994        28
  103110    102023       134
  103263    102176        85
  103349    102262       176
  103526    102439        26
  103553    102466        41
  103595    102508        59
  103661    102574       423
  104085    102998       107
  104195    103108       108
  104316    103229       122
  104439    103352        95
  104535    103448        88
  104624    103537        33
  104695    103608        20
  104716    103629        21
  104751    103664        26
  104784    103697        21
  104801    103712        25
  104847    103762        22
  104894    103810        67
  104962    103878        47
  105011    103926        52
  105084    103999        27
  105142    104057        28
  105184    104098        28
  105231    104145        46
  105292    104204        84
  105428    104336        26
  105455    104363        23
  105479    104387        25
  105505    104413        28
  105534    104442        33
  105579    104488        44
  105622    104525        23
  105640    104548        62
  105717    104625        27
  105788    104695        43
  105864    104777        66
  105948    104860        33
  105982    104894       164
  106159    105071        80
  106240    105152        32
  106286    105198        67
  106397    105309        58
  106524    105436        29
  106577    105495        21
  106614    105532        37
  106664    105583        22
  106701    105616       109
  106812    105728        24
  106837    105753        35
  106900    105815        21
  106947    105862        60
  107031    105944        91
  107123    106036        57
  107181    106094       161
  107361    106274        29
  107391    106304        26
  107418    106331        89
  107508    106421        46
  107555    106468        22
  107584    106498       102
  107688    106602       277
  108002    106912       217
  108226    107136        24
  108276    107187       237
  108531    107442        25
  108609    107520       285
  108895    107806       218
  109114    108026        49
  109178    108090        66
  109245    108157       268
  109514    108426       333
  109894    108806        22
  109932    108844        90
  110028    108940        37
  110066    108978        31
  110098    109010        24
  110143    133838        20
  110208    109122        26
  110242    109156       130
  110373    109287        20
  110472    109389        20
  110528    109430        37
  110585    109490        28
  110614    109519        95
  110790    109686        40
  110908    109791        43
  110952    109835        22
  111001    109897        22
  111037    109933        33
  111196    110090        30
  111293    110194        85
  111432    110333        21
  111499    110400        21
  111535    110437        22
  111731    110740        49
  111803    110812        20
  111876    110876        50
  111928    110928        42
  111971    110971        24
  112035    111071        40
  112092    111128        40
  113797    114048        20
  113824    114075        26
  113974    114225        29
  114070    114321        20
  114091    114342        24
  114175    114426        20
  114219    114470        51
  114295    114546        23
  114475    114726        23
  114597    114848        59
  114659    114910        79
  114759    115010        27
  115030    115281        25
  115731    116237        39
  115852    116358        20
  116821    117041        67
  117000    117238        22
  117347    117591        23
  117465    117709        20
  117701    117942        28
  117860    118101        29
  118394    118620        48
  118443    118669        31
  118483    118709        26
  118762    118988        23
  118795    119021        20
  118930    119156        38
  118993    119219        22
  119257    119483        29
  119430    119656        27
  119556    119782        24
  119671    119897        25
  119955    120179        23
  119979    120203        20
  120039    120263        48
  120338    120682        22
  120502    120846        21
  120524    120868        20
  120560    120904        29
  120929    121338        27
  121137    121546        37
  121178    121587        29
  121252    121661        21
  121307    121716        20
  121866    122217        25
  121893    122244        32
  122043    122394        23
  122151    122502        26
  122435    122795        36
  122476    122836        20
  122635    122998        34
  122725    123088        26
  122875    123238        26
  123981    124390        40
  124022    124431        20
  124043    124452        27
  124310    124719        26
  124358    124767        20
  124379    124788        23
  124679    125088        24
  124782    125191        22
  124805    125214        21
  124899    125308        24
  124935    125344        29
  125028    125437        31
  125073    125482        20
  125202    125611        22
  125225    125634        24
  125256    125665        23
  125385    125794        22
  125484    125893        53
  125540    125949        24
  125580    125989        23
  125679    126088        23
  127634    127964        24
  128469    128793        32
  128749    129079        25
  129489    129816        29
  129700    130027        21
  130210    130495        22
  131653    131728        40
  131710    131785        40
  131790    131901        24
  131815    131926        42
  131859    131970        50
  131962    132064        20
  132005    132107        49
  132228    132437        22
  132265    132475        21
  132332    132542        21
  132407    132617        85
  132559    132776        30
  132715    132930        33
  132762    132977        22
  132811    133039        22
  132834    133062        43
  132955    133170        40
  133076    133282        95
  133172    133378        28
  133220    133429        37
  133293    133487        20
  133392    133589        20
  133413    133610       130
  133551    133748        26
  133622    109038        20
  133663    133862        24
  133688    133887        31
  133720    133919        37
  133763    133962        90
  133869    134068        22
  133938    134137       333
  134272    134471       268
  134541    134740        66
  134622    134821        49
  134672    134872       218
  134891    135091       285
  135229    135429        25
  135272    135472       237
  135535    135736        24
  135566    135767       217
  135820    136017       277
  136099    136296       102
  136208    136406        22
  136231    136429        46
  136278    136476        89
  136368    136566        26
  136395    136593        29
  136443    136641        28
  136472    136670       132
  136605    136803        57
  136663    136861        91
  136778    136974        60
  136864    137060        21
  136913    137108        35
  136949    137144        24
  136975    137171       109
  137099    137291        22
  137134    137327        37
  137187    137380        21
  137232    137431        29
  137330    137529        58
  137432    137631        67
  137513    137712        32
  137546    137745        80
  137639    137838       164
  137804    138003        33
  137855    138053        66
  137954    138158        43
  138041    138244        27
  138083    138286        62
  138140    138348        23
  138162    138364        44
  138218    138421        33
  138252    138455        28
  138281    138484        25
  138307    138510        23
  138331    138534        26
  138409    138608        84
  138508    138705        46
  138573    138770        28
  138615    138811        28
  138674    138870        27
  138722    138918        52
  138776    138971        47
  138824    139019        67
  138916    139112        22
  138959    139159        25
  138980    139178        21
  139008    139206        26
  139048    139246        21
  139070    139268        20
  139128    139326        33
  139162    139360        88
  139251    139449        95
  139347    139545       122
  139482    139680       108
  139593    139791       107
  139701    139899       423
  140131    140329        59
  140191    140389        41
  140233    140431        26
  140260    140458       176
  140437    140635        85
  140541    140739       134
  140676    140874        28
  140717    140915        24
  140814    141012        29
  140875    141073        25
  140892    141096        53
  140946    141150        27
  141012    141204        31
  141045    141242        29
  141131    141331        41
  141238    141435        21
  141562    141551        29
  141662    141650        45
  141710    141698        20
  141773    141766        24
  141798    141791        33
  141871    141874        35
  141907    141910        29
  141976    141990        27
  142007    142022        20
  142031    142046        22
  142054    142069        33
  142115    142130        26
  142175    142190        25
  142439    142287        22
  142485    142333        22
  142508    142356        33
  142613    142455        39
  142732    142582        51
  142784    142634        93
  142878    142728        62
  142953    142803        20
  142974    142824       123
  143098    142948        73
  143172    143022        38
  143286    143138        73
  143354    143211        28
  143383    143240        50
  143440    143297        51
  143492    143349        78
  143571    143428        22
  143594    143451        21
  143613    143475        24
  143638    143500        39
  143751    143613        49
  143801    143663       103
  143941    143803        37
  143980    143842        56
  144037    143899        23
  144064    143926        25
  144090    143952        45
  144148    144008        38
  144343    144196        29
  144395    144250        28
  144434    144289        83
  144560    144415        64
  144649    144504        21
  144671    144526        78
  144750    144605        59
  144810    144665        34
  144845    144700        41
  144901    144756        39
  144941    144796        21
  144970    144825        26
  145016    144871        49
  145076    144931        59
  145163    145018        31
  145201    145056        46
  145263    145120        39
  145317    145174        28
  145355    145233        27
  145395    145273        21
  145417    145295        76
  145494    145372        23
  145544    145433        36
  145581    145470        50
  145658    145547        25
  145684    145573        90
  145799    145686        43
  145843    145730       106
  145977    145864        86
  146064    145951        56
  146121    146008       203
  146327    146214        58
  146392    146279        22
  146451    146338        75
  146527    146414        22
  146551    146438        36
  146588    146475        34
  146638    146525        77
  146790    146670        20
  146811    146691        20
  146850    146722        21
  146888    146760        34
  147011    146897        24
  147149    147041        23
  147183    147075        23
  147230    147113        77
  147322    147197        20
  147434    147348        21
  147473    147387        32
  147572    147489        33
  147688    147609        24
  147887    147932        23
  148018    148048        25
  148046    148076        36
  148107    148137        43
  148166    148196        20
  148282    148312        20
  148313    148343        23
  148338    148368        28
  148377    148407        33
  148435    148456        69
  148613    148646        20
  148676    148709        34
  148761    148776        20
  148801    148816        53
  148855    148870        44
  148950    148965        68
  149019    149034        23
  149076    149091        21
  149128    149143        36
  149201    149216        26
  149251    149266        27
  149301    149316        27
  149351    149366        48
  149453    149468        25
  149496    149511        53
  149632    149647        21
  149654    149669        31
  149730    149748        29
  149910    149883        37
  149975    149948        35
  150019    149992        25
  150063    150027        34
  150098    150062        20
  150147    150111        35
  150238    150202        40
  150346    150310        41
  150432    150396        23
  150475    150439        50
  150550    150505        22
  150683    150602        23
  150713    150632        25
  150756    150675        24
  150815    150734        21
  150847    150766        20
  150868    150787        26
  150935    150866        28
  151061    150998        20
  151095    151032        23
  151161    151098        40
  151240    151177        23
  151284    151221        26
  151315    151252        37
  151371    151308        49
  151502    151439        27
  151536    151473        35
  151572    151509        27
  151697    151634        35
  151738    151675        20
  151759    151696        23
  151823    151760        53
  151914    151851        49
  151964    151901        57
  152055    151992        28
  152183    152120        20
  152219    152156        20
  152273    152189        22
  152336    152273        57
  152402    152339       109
  152525    152456        39
  152565    152496        26
  152653    152575        28
  152704    152626        38
  152743    152668        21
  152796    152721        25
  152847    152772        39
  152898    152823        28
  152959    152875        33
  153000    152916        76
  153105    153021        25
  153137    153053        41
  153189    153105        29
  153219    153135        63
  153283    153199        20
  153347    153263        22
  153371    153287        36
  153408    153324        22
  153569    153485        59
  153689    153605        39
  153729    153645        23
  153760    153676        51
  153813    153729        55
  153869    153785        24
  154193    153836        26
  154319    153962        28
  154351    153994        23
  154404    154056        27
  154480    154132        38
  154538    154190        44
  154583    154235        29
  154632    154284        21
  154683    154335        24
  154728    154380        22
  154751    154403        25
  154809    154461        34
  154844    154496        25
  154894    154546        20
  154927    154559        22
  154985    154623        46
  155032    154670        20
  155053    154691        20
  155078    154716        29
  155222    154876        37
  155260    154914        23
  155284    154938       107
  155438    155098        54
  155599    155253        20
  155620    155274        54
  155675    155329        31
  155707    155361        30
  155756    155410       113
  155870    155524        23
  155895    155549       108
  156017    155671        23
  156042    155696        35
  156084    155738        23
  156108    155762        26
  156199    155853        37
  156259    155907        28
  156289    155937        83
  156375    156023        40
  156416    156064        21
  156509    156152        57
  156581    156224        73
  156665    156308        32
  156757    156400        21
  156797    156440        27
  156839    156482        20
  156860    156503        20
  156905    156548        23
