> gi|335354564|gb|JN019795.1|
       1         5        54
      56        60        24
     450       417        54
     505       472        56
     628       595        23
     667       634        31
     699       666        21
     721       688        98
     820       787        41
     862       829        56
    1003       970        29
    1057      1024        35
    1113      1080        59
    1182      1149        36
    1234      1201        50
    1324      1291        71
    1396      1363        35
    1432      1399        23
    1456      1423       106
    1594      1556        37
    1756      1801        37
    2080      2149        21
    2219      2300        27
    2312      2393        20
    2345      2426        23
    2493      2574        39
    2545      2626        30
    2853      2934        22
    2970      3042        21
    3140      3212        39
    3265      3346        21
    3446      3530        27
    3592      3676        21
    3635      3718        23
    3711      3795        32
    3755      3834        23
    4174      4259        21
    4258      4343        45
    4593      4697        34
    5194      5341        26
    5236      5383        62
    5301      5448        26
    5328      5475        32
    6127      6285        63
    6220      6363        20
    7792      6929        32
    7829      6966        44
    8000      7140        20
    8021      7161        29
    8175      7324        21
    8199      7347        20
    8272      7420        38
    8341      7489        32
    8447      7602        20
    8771      7944        25
    8821      7994        47
    9034      8139        34
    9099      8204        20
    9134      8239        22
    9732      9002        27
    9794      9085        33
    9889      9180        44
    9989      9314        26
   10099      9430        20
   10174      9502        21
   10252      9575        23
   10420      9769        39
   10460      9809        28
   10505      9854        63
   10817     10120        26
   10844     10147        49
   11101     10337        24
   11127     10363        25
   11168     10404        32
   11232     10468        31
   11306     10542        23
   11330     10566        23
   11390     10626        26
   11444     10680        41
   11486     10722        23
   11561     10797        20
   11582     10818        20
   11604     10840        25
   11639     10875        20
   11660     10896        20
   11684     10920        35
   11771     11007        23
   11795     11031        20
   11831     11067        23
   11867     11103        26
   11894     11130        65
   11984     11220        29
   12035     11271        44
   12128     11364        41
   12185     11421        32
   12230     11466        26
   12290     11526        41
   12347     11583        65
   12458     11694        55
   12554     11789        22
   12585     11843        22
   12675     11933        21
   12697     11955        34
   12753     12011        37
   12791     12049        28
   12844     12102        23
   12928     12186        40
   12969     12227        21
   13030     12299        31
   13062     12331        32
   13247     12626        25
   13635     12981        20
   13678     13024        37
   13716     13062        29
   13746     13092        46
   13793     13139        20
   14278     13835        74
   14353     13910        71
   14437     13994        62
   14509     14061        21
   14902     14475        21
   15180     14766        20
   15419     15046        23
   15440     15072        21
   15464     15094        48
   15622     15290        29
   15652     15320        20
   15698     15366        40
   15739     15407        38
   15867     15535        21
   15907     15575        44
   15952     15620        32
   16003     15671        44
   16193     15861        23
   16242     15910        30
   16331     15990        23
   16512     16177        33
   16580     16245        24
   16605     16270        20
   16664     16329        21
   16770     16435        36
   16821     16486        40
   16929     16594        41
   16971     16636        20
   17008     16673        38
   17067     16732        29
   17106     16771        20
   17163     16828        20
   17321     16994        21
   17556     17214        21
   17639     17297        21
   17699     17357        69
   17838     17496        24
   17902     17560        34
   17945     17603        51
   18000     17658        37
   18038     17696        20
   18079     17737        30
   18141     17799        35
   18177     17835        65
   18394     18052        28
   18469     18139        21
   18789     18462        27
   19002     18669        37
   19179     18846        20
   19292     18959        36
   19329     18996        32
   19387     19063        31
   19479     19155        26
   19519     19195        25
   19554     19230        39
   19608     19284        51
   19668     19344        22
   19724     19400        21
   19749     19425        23
   19794     19470        32
   20202     19884        20
   20253     19935        26
   20280     19962        32
   20335     20017        52
   20388     20070        23
   20427     20109        27
   20551     20233        34
   20586     20268        34
   20649     20331        32
   20737     20419        42
   20865     20547        47
   20969     20651        42
   21012     20694        26
   21060     20742        20
   21099     20781        26
   21135     20817        50
   21192     20874        23
   21216     20898        23
   21246     20928        71
   21324     21006        30
   21360     21042        41
   21426     21108        58
   21489     21171        55
   21594     21276        25
   21674     21356        26
   21852     21539        32
   21951     21638        23
   22011     21698        22
   22077     21764        22
   22120     21801        38
   22258     21939        26
   22287     21968        35
   22335     22016        20
   22356     22037        26
   22383     22064        38
   22583     22264        24
   22608     22289        41
   22740     22421        32
   22806     22487        62
   22890     22571        23
   22938     22619        38
   22977     22658        56
   23046     22727        47
   23094     22775        62
   23175     22856        20
   23301     22982        20
   23358     23039        23
   23391     23072        23
   23652     23330        31
   23730     23395        25
   24001     23687        24
   24054     23740        36
   24091     23777        29
   24136     23822        31
   24174     23860        20
   24273     23959        62
   24357     24043        23
   24381     24067        20
   24402     24088        29
   24432     24118        56
   24492     24178        20
   24513     24199        23
   24537     24223        38
   24576     24262        20
   24597     24283        57
   24668     24354        22
   24698     24384        29
   24734     24420        29
   24779     24465        35
   24815     24501        32
   24848     24534        35
   24908     24594        44
   24953     24639        41
   25028     24714        23
   25067     24753        43
   25138     24824        30
   25231     24917        51
   25364     25050        26
   25595     25281        26
   25648     25334        27
   25732     25418        27
   25760     25446        27
   25871     25557        23
   25959     25645        31
   25991     25677        22
   26120     25806        35
   26156     25842        20
   26177     25863        35
   26213     25899        50
   26267     25953        23
   26291     25977        29
   26369     26055        29
   26567     26253        39
   26633     26319        29
   26663     26349        20
   26684     26370        20
   26753     26439        50
   26818     26504        21
   26867     26553        23
   26891     26577        23
   26915     26601        36
   26960     26646        49
   27024     26710        22
   27047     26733        20
   27068     26754        29
   27098     26784        22
   27136     26822        54
   27227     26913        22
   27250     26936        48
   27311     26997        42
   27359     27045        23
   27386     27072        23
   27410     27096        20
   27446     27132        50
   27575     27261        50
   27650     27336        38
   27692     27378        38
   27754     27440        27
   27910     27604        30
   28127     27818        36
   29055     28712        21
   29077     28734        24
   29121     28779        22
   29848     29364        20
   29869     29385        35
   29905     29421        29
   29972     29491        32
   30178     29700        22
   31000     30562        24
   31072     30630        20
   31111     30669        20
   31160     30714        33
   31240     30790        34
   31295     30845        21
   31969     31213        70
   32137     31767        98
   32252     31882        77
   32342     31972        24
   32398     32028        32
   33130     32785        74
   34327     33901        28
   34620     34189        23
   34695     34261        22
   34718     34284        34
   34753     34319        62
   34826     34392        25
   34870     34436        23
   34894     34460        20
   34918     34484        29
   34963     34529        95
   35074     34640        23
   35167     34733        47
   35215     34781        23
   35245     34811        32
   35278     34844        20
   35299     34865        29
   35348     34914        31
   35380     34946        83
   35464     35030       123
   35602     35168        20
   35641     35207        41
   35695     35261       105
   35801     35367        41
   35852     35418        24
   35882     35448        74
   35969     35535        47
   36041     35607        56
   36098     35664        44
   36167     35733        44
   36236     35802        50
   36302     35868        35
   36351     35917        25
   36410     35976        20
   36431     35997        33
   36465     36031        31
   36539     36105        29
   36593     36159        44
   36641     36207        86
   36737     36303        29
   36767     36333        20
   36788     36354        21
   36878     36444        26
   37008     36574        21
   37088     36654        32
   37375     36961        47
   37424     37010        25
   37450     37036        31
   37779     37370        22
   37802     37393        23
   37829     37420        48
   37902     37493        28
   37965     37556        23
   37989     37580        20
   38286     38282        76
   38546     38534        43
   38657     38642        45
   38735     38728        38
   38789     38782        74
   38905     38898        23
   38957     38950        41
   39045     39038        26
   39080     39073        29
   39188     39186        26
   39224     39222        20
   39245     39243        23
   39284     39282        26
   39335     39333        29
   39383     39381        20
   39404     39402        44
   39449     39447        20
   39511     39509        48
   39563     39561        26
   39590     39588        32
   39623     39621        41
   39665     39663        20
   39692     39690        44
   39737     39735        20
   39781     39779        33
   39830     39828        41
   39872     39870        20
   39896     39894        32
   39965     39963        26
   40010     40008        29
   40046     40044        20
   40103     40101        68
   40217     40215        20
   40241     40239        20
   40262     40260        41
   40304     40302        41
   40346     40344        29
   40394     40392        32
   40493     40491        20
   40573     40571        59
   40635     40633        34
   40670     40668        31
   40724     40722        35
   40775     40773        20
   40808     40806        26
   40844     40842        26
   40889     40887        44
   40940     40938        23
   40964     40962        26
   40997     40995        32
   41081     41079        41
   41168     41166        59
   41228     41226        68
   41297     41295        50
   41348     41346        37
   41386     41384        52
   41439     41437        35
   41481     41479       163
   41661     41659        35
   41703     41701        20
   41724     41722        20
   41805     41803        55
   41861     41859        42
   41958     41956        26
   41991     41989       110
   42156     42154        26
   42194     42192        69
   42264     42262        72
   42337     42335        28
   42372     42370        80
   42465     42463        50
   42516     42514        32
   42549     42547        49
   42599     42597        27
   42660     42658        26
   42792     42790        20
   42831     42829        41
   42888     42886        38
   42927     42925        20
   42996     42994        26
   43059     43057        35
   43176     43174        62
   43242     43240        29
   43290     43288        26
   43332     43330        20
   43368     43366        32
   43455     43453        50
   43506     43504        32
   43545     43543        23
   43578     43576        25
   43604     43602        93
   43745     43736        23
   43795     43794        33
   43829     43828        27
   43873     43872        32
   43963     43968        25
   44278     44238        36
   44482     44600        77
   44572     44690        20
   44613     44731        52
   44813     44935        22
   44900     45032        24
   45089     45221        26
   45116     45248        21
   45212     45343        20
   45246     45377        20
   45311     45466        39
   45351     45506        29
   45384     45539        29
   45435     45590        29
   45465     45620        62
   45531     45686        26
   45642     45798        22
   45801     45959        29
   45842     46000        20
   45864     46022        26
   45899     46057        27
   45969     46123        32
   46002     46156        21
   46140     46288        22
   46172     46320        28
   46272     46462        26
   46299     46489        96
   46396     46586        34
   46478     46673        24
   47249     46882        56
   47310     46943        34
   47618     47239        48
   47667     47288        22
   47856     47477        21
   47883     47504        35
   47928     47549        44
   48030     47651        35
   48066     47687        34
   48132     47753        20
   48201     47822        23
   48573     48382        59
   49629     49785        89
   49736     49889        28
   49806     49984        31
   50014     50193        21
   50108     50287        36
   50145     50324        61
   50207     50386        33
   50627     50833        42
   50713     50919        27
   51361     51619        29
   51460     51718        20
   51510     51768        24
   51586     51844        44
   51646     51904        59
   51706     51964        23
   51730     51988        35
   51809     52067        25
   51994     52276        26
   52068     52350        22
   52135     52417        44
   52237     52519        38
   52294     52576        20
   52330     52612        20
   52354     52636        44
   52516     52798        29
   52546     52828        46
   52680     52972        34
   52755     53047        89
   52845     53137        20
   52866     53158        41
   52920     53212        20
   52971     53263        23
   52995     53287        34
   53377     54126        49
   53427     54176        22
   53457     54206        29
   53477     54227        35
   53628     54395        25
   53654     54421        27
   53757     54524        43
   53813     54580        29
   53885     54650        27
   53955     54725        20
   54001     54771        22
   54222     55020        74
   54522     55355        27
   54602     55435        32
   54672     55505        47
   54723     55556        47
   54771     55604        26
   54801     55634        32
   54834     55667        23
   54867     55700        25
   54893     55726        21
   54935     55768        41
   54977     55810        25
   55007     55840        32
   55139     55972        50
   55217     56050        26
   55295     56128        23
   55319     56152        26
   55385     56218        35
   55430     56263        65
   55496     56329        32
   55529     56362        32
   55562     56395        65
   55628     56461        20
   55649     56482        23
   55718     56551        29
   55763     56596        23
   55820     56653        29
   55910     56743        44
   55988     56821        38
   56089     56922        31
   56138     56971        26
   56165     56998        29
   56216     57049        20
   56246     57079        23
   56451     57278        29
   56806     57671        34
   56940     57965        42
   57072     58079        20
   57093     58100        33
   57127     58134        28
   57158     58165        27
   57189     58196        21
   57221     58228        24
   57282     58289        23
   57306     58313        26
   57354     58361        30
   57438     58445        95
   57537     58544        20
   57597     58604        32
   57639     58646        32
   57687     58694        20
   57717     58724        26
   57744     58751        23
   57784     58791        26
   57811     58818        70
   57909     58916        20
   57965     58972        27
   57993     59000        20
   58023     59030        56
   58080     59087        20
   58119     59126        20
   58152     59159        23
   58209     59216        26
   58266     59273        30
   58338     59345        60
   58467     59474        41
   58538     59596        20
   58584     59637        51
   58769     59806        30
   59081     60243        20
   59405     60566        21
   59579     60746        25
   59819     60983        20
   59831     61001        20
   59875     61045        23
   59899     61069        22
   59946     61116        20
   59989     61159        23
   60048     61218        24
   60124     61294        29
   60256     61426        23
   60280     61450        23
   60304     61474        29
   60355     61525        20
   60385     61555        32
   60433     61603        29
   60537     61707        25
   60611     61781        20
   61153     62365        23
   61394     62565        56
   61898     63055        20
   61966     63123        23
   62038     63195        26
   62095     63252        20
   62132     63289        21
   62167     63324        26
   62224     63381        20
   62294     63451        28
   62354     63511        28
   62392     63549        20
   62527     63687        22
   62764     63935        25
   63034     64241        20
   63316     64554        24
   63349     64588        20
   63387     64626        35
   63423     64662        21
   63494     64733        23
   63712     64945        23
   63801     65034        20
   63867     65100        21
   63918     65151        26
   63948     65181        38
   64005     65238        20
   64026     65259        20
   64253     65479        71
   64326     65552        34
   64418     65644        20
   64439     65665        35
   64508     65734        26
   64535     65761        27
   64563     65789        25
   64589     65815        20
   64670     65896        34
   64721     65947        20
   64757     65983        35
   64865     66091        23
   64920     66146        34
   65018     66244        26
   65111     66337        23
   65192     66418        26
   65232     66458        21
   65650     66874        24
   65683     66907        22
   66309     67602        42
   66377     67670        36
   66452     67745        27
   66535     67837       134
   66672     67978       131
   66820     68126        26
   66847     68153        45
   66908     68214        20
   66965     68271        23
   66989     68295        73
   67063     68369        20
   67091     68388        24
   67143     68440        31
   67183     68480        59
   67259     68558        23
   68242     69104        24
   68291     69149        40
   68350     69208        48
   68430     69288        20
   68622     69497        37
   68666     69541        20
   68702     69577        51
   68862     69785        35
   68898     69821        53
   69097     70033        90
   69674     70585        20
   69741     70656        22
   70152     71102        21
   70174     71124        20
   70323     71273        23
   70541     71670        21
   70599     71728        89
   70725     71854        44
   70770     71899        20
   70826     71955        28
   71023     72088        28
   71219     72289        30
   71308     72378        40
   71351     72421        61
   71451     72521        21
   71502     72566        22
   71531     72588        25
   71715     72788        43
   71806     72870        28
   71982     73047        23
   72019     73084        32
   72069     73133        33
   72236     73284        32
   72293     73341        20
   72328     73376        30
   72540     73641        62
   72607     73708        33
   72658     73759        26
   72697     73798        26
   72724     73825        30
   72852     73960        22
   72991     74126        22
   73040     74155        28
   73265     74456        32
   73332     74529        33
   73373     74570        28
   73402     74599        20
   73432     74629        26
   73483     74680        40
   73528     74725        54
   73588     74785        42
   73704     74900        20
   73934     75191        24
   74404     75712        23
   74465     75773        27
   74931     76197        38
   75090     76356        23
   75132     76398        47
   75198     76464        35
   75246     76512        41
   75288     76554        29
   75321     76587        32
   75354     76620        26
   75423     76689        23
   75489     76755        35
   75525     76791        35
   75636     76902        20
   75666     76932        65
   75750     77016        20
   75814     77080        70
   75966     77232        23
   75990     77256        50
   76104     77370        41
   76146     77412        20
   76179     77445        83
   76335     77601        44
   76389     77655        47
   76437     77703        31
   76616     77882        25
   76657     77923        23
   76681     77947        51
   76821     78092        22
   76869     78140        45
   76928     78199        33
   77005     78276        22
   77069     78342        36
   77111     78384        29
   77147     78420        23
   77171     78444        32
   77205     78478        31
   77244     78517        25
   77387     78665        47
   77435     78713        20
   77809     79105        35
   77876     79187        21
   78040     79355        27
   78110     79418        20
   78200     79515        41
   78273     79588        28
   78320     79635        26
   78347     79662       101
   78545     79860        23
   78644     79959        23
   78677     79992        32
   78710     80025        29
   78959     80293        25
   78985     80319        27
   79013     80347        21
   79078     80408        21
   79108     80438        61
   79193     80523        29
   79356     80694        26
   79691     81037        32
   79781     81127        20
   79853     81199        32
   79982     81328        35
   80033     81379        53
   80096     81442        38
   80162     81508        26
   80201     81547        36
   80302     81644        23
   80475     81766        21
   80500     81791        20
   80624     81915        23
   80764     82061        23
   80815     82112        29
   80902     82199        47
   81006     82303        21
   81088     82385        20
   81171     82468        24
   81235     82532        20
   81279     82576        25
   81348     82645        21
   81428     82731        32
   81513     82821        20
   81534     82842        41
   81580     82888        40
   81654     82962        20
   81687     82995        38
   81819     83127        29
   81962     83263        25
   82040     83376        25
   82113     83449        26
   82470     83773        27
   82626     83937        29
   82656     83967        23
   82698     84009        22
   82750     84061        28
   82899     84207        22
   82986     84294        34
   83262     84535        20
   83303     84576        33
   83400     84673        20
   83466     84739        44
   83525     84798        21
   83562     84835        20
   83746     85038        20
   83847     85139        33
   83896     85188        32
   83968     85260        20
   83989     85281        33
   84058     85350        29
   84094     85386        27
   84126     85421        24
   84156     85451        32
   84459     85781        24
   84574     85908        22
   84970     86355        32
   85124     86505        29
   85271     86683        26
   85415     86827        22
   85463     86875        29
   85514     86926        23
   85580     86992        23
   85717     87129        22
   85873     87285        49
   86080     87516        22
   86181     87617        23
   86212     87648        37
   86253     87689        33
   86324     87760        28
   86530     88013        26
   86668     88151        29
   86776     88264        74
   86856     88344        21
   86878     88366        82
   86962     88450        50
   87013     88501        80
   87146     88634        76
   87218     88710        78
   87348     88859        23
   87379     88890       118
   87498     89009        31
   87530     89041       103
   87643     89154       160
   87804     89315        27
   87832     89343       197
   88070     89581        40
   88111     89622        75
   88187     89698        22
   88250     89761        39
   88290     89801        49
   88394     89905       111
   88506     90017        27
   88539     90050        45
   88585     90096        71
   88660     90171       328
   89009     90520        34
   89044     90555        81
   89131     90642        70
   89202     90713        57
   89263     90774        74
   89348     90859        45
   89411     90922        90
   89502     91013        58
   89566     91077        40
   89646     91157        22
   89669     91180        21
   89691     91202        54
   89746     91257        32
   89779     91290        24
   89824     91335        68
   89893     91404        24
   89918     91429        34
   89974     91485        52
   90027     91538        28
   90057     91568        35
   90097     91608       116
   90214     91725        23
   90241     91752        52
   90300     91811        75
   90376     91887        29
   90415     91926        33
   90458     91969        23
   90485     14052        20
   90499     92010        97
   90606     92111        68
   90685     92190        96
   90782     92287       102
   90885     92390        27
   90913     92418        25
   90939     92444        54
   90994     92499        45
   91040     92545        60
   91106    155121        24
   91122     92627        54
   91177     92682        98
   91285     92790        27
   91313     92818        46
   91360     92865       120
   91481     92986        24
   91532     93037        34
   91567     93072        29
   91604     93109        34
   91639     93144        52
   91750     93255        24
   91775     93280        46
   91848     93353        23
   91872     93377        36
   91909     93414        76
   91986     93491       102
   92110     93615        22
   92133     93638        21
   92164     93675        21
   92191     93702        25
   92217     93728        24
   92266     93777        23
   92290     93801        85
   92391     93902        41
   92433     93944        46
   92480     93991        44
   92526     94037        30
   92576     94087       186
   92763     94274        55
   92819     94330        31
   92862     94379        29
   92892     94409        78
   92976     94493        53
   93031     94548        46
   93078     94595        52
   93131     94648        30
   93180     94697        60
   93251     94768        48
   93300     94817        72
   93397     94914        42
   93440     94957       107
   93554     95071        20
   93575     95092        82
   93666     95183        36
   93703     95220        29
   93741     95258        25
   93772     95289        54
   93838     95355        29
   93868     95385        31
   93900     95417        27
   94021     95520        24
   94064     95569        56
   94132     95637        54
   94187     95692        32
   94230     95735        72
   94336     95841       120
   94457     95962        82
   94558     96063        26
   94585     96090        64
   94650     96155        28
   94688     96193        67
   94756     96261        74
   94846     96351        35
   94883     96388        47
   94931     96436        38
   94970     96475        24
   95073     96578        44
   95122     96633        53
   95176     96687        32
   95221     96732        24
   95249     96760        35
   95285     96796        27
   95313     96824        31
   95345     96856        29
   95382     96893        21
   95410     96921        53
   95473     96984        69
   95543     97054        40
   95591     97102        41
   95655     97166        30
   95686     97197        95
   95875     97396        31
   95907     97428       109
   96042     97868        20
   96094     97920        25
   96164     97984        49
   96264     98096        30
   96323     98154        29
   96361     98192        31
   96464     98226       172
   96651     98413        49
   96740     98524        26
   96761     98549        21
   96842     98640        24
   96863     98669        47
   96911     98717        27
   96938     98746        36
   96975     98783        36
   97046     98854        38
   97118     98943       117
   97236     99061        22
   97259     99084        75
   97351     99176        45
   97397     99222        42
   97455     99280        29
   97485     99310       119
   97615     99440       106
   97722     99547        93
   97821     99646       121
   97943     99768        22
   97987     99815        33
   98044     99872        62
   98106     99935        98
   98205    100034        36
   98242    100071       143
   98391    100220        41
   98451    100280       171
   98632    100461       156
   98789    100618       151
   98952    100781        23
   98976    100805        90
   99067    100896       158
   99226    101055       125
   99355    101185        30
   99413    101244        42
   99456    101287        56
   99521    101352        63
   99585    101416        35
   99650    101479        74
   99725    101554        81
   99807    101636        73
   99881    101710        44
   99926    101755        58
   99985    101814        66
  100108    101937        26
  100149    101978        26
  100192    102021        79
  100294    102123        51
  100356    102185       106
  100500    102329       404
  100905    102734       167
  101073    102902        28
  101133    102970        40
  101233    103063       113
  101347    103177        29
  101435    103280        22
  101470    103315        57
  101559    103403        25
  101586    103430        24
  101671    103510        86
  101758    103597        20
  101809    103649        20
  101830    103670        48
  101879    103719        24
  101920    103811        21
  101921    103832        31
  101953    103864        22
  101996    103918        36
  102033    103955        81
  102177    104099        32
  102210    104132        47
  102359    104281        26
  102386    104308        59
  102451    104373        28
  102483    104405        22
  102526    104439        22
  102558    104471        32
  102598    104511        20
  102619    104533        38
  102725    104639        31
  102767    104684        32
  102812    104729       100
  102938    104854        38
  102977    104893        31
  103009    104925        25
  103035    104951        31
  103069    104985        40
  103110    105026       550
  103661    105577       531
  104193    106109        20
  104214    106130        89
  104304    106220       353
  104701    106617        36
  104738    106654        44
  104827    106741        55
  104891    106805       159
  105051    106965        32
  105084    106998        57
  105202    107115        75
  105275    107191        21
  105297    107213        28
  105326    107242        52
  105372    107286        27
  105400    107314        26
  105428    107342        26
  105455    107369        66
  105531    107447        47
  105579    107495        44
  105622    107532        39
  105728    107648        23
  105752    107672        35
  105788    107708        61
  105850    107770        82
  105933    107853        57
  105986    107905        64
  106051    107970       138
  106205    108124        54
  106286    108204       110
  106397    108315        46
  106456    108374        21
  106497    108410        71
  106569    108482        21
  106652    108561        38
  106697    108602       114
  106812    108716        24
  106837    108741        53
  106931    108834        50
  106976    108884        35
  107019    108937       101
  107121    109039        98
  107220    109138        91
  107312    109230        28
  107364    109282        53
  107418    109336       106
  107525    109443        55
  107581    109499       401
  107983    109901       242
  108226    110144        24
  108279    110198        70
  108350    110269       163
  108525    110444        39
  108565    110484        49
  108615    110534       467
  109083    111002        30
  109114    111033        26
  109141    111060        22
  109178    111097       695
  109907    111826       201
  110085    112036        48
  110160    112115        33
  110202    112157        22
  110231    112187        51
  110283    112239        57
  110354    112310        39
  110395    135362        25
  110426    112393        35
  110473    112440        43
  110535    112491        54
  110601    112557        22
  110624    112580        87
  110712    112668        53
  110893    112855        79
  111001    112968        30
  111062    113036        29
  111110    113085        26
  111134    113111        87
  111269    134486        20
  111302    113289        25
  111328    113315        25
  111354    113341        75
  111451    113438        25
  111477    113464        59
  111623    113620        28
  111756    113748        27
  111824    113816        35
  111947    113939        30
  111978    113970        36
  112036    114028        25
  112096    114088        58
  112179    114171        44
  112290    114282        26
  112383    114375        32
  112678    114691        27
  132134    134108        28
  132249    134233        59
  132309    134293        25
  132356    134340        75
  132432    134416        25
  132458    134442        25
  132496    113250        20
  132564    134558        87
  132649    134645        26
  132694    134691        29
  132754    134758        30
  132813    134822        79
  133020    135035        53
  133074    135089        87
  133162    135177        22
  133196    135211        54
  133269    135273        43
  133324    135328        35
  133365    112369        25
  133392    135407        39
  133445    135460        57
  133503    135518        51
  133561    135577        22
  133592    135608        33
  133652    135672        48
  133677    135729       201
  133912    135964       695
  134622    136674        22
  134645    136697        26
  134672    136724        30
  134703    136755       467
  135171    137223        49
  135221    137273        39
  135272    137324       163
  135436    137488        70
  135535    137588        24
  135560    137613       242
  135803    137856       401
  136205    138258        55
  136261    138314       106
  136368    138421        53
  136445    138498        26
  136474    138527        91
  136566    138619        98
  136665    138718       101
  136774    138837        35
  136804    138872        50
  136895    138962        53
  136949    139016        24
  136974    139040       114
  137095    139157        38
  137195    139253        21
  137217    139275        71
  137308    139361        21
  137342    139395        46
  137389    139442       110
  137526    139578        54
  137596    139648       138
  137735    139787        64
  137795    139846        57
  137853    139904        82
  137936    139987        61
  137998    140049        35
  138034    140085        23
  138124    140185        39
  138162    140217        44
  138207    140262        47
  138264    140321        66
  138331    140388        26
  138359    140416        26
  138386    140443        27
  138407    140462        52
  138460    140515        28
  138489    140544        21
  138508    140566        75
  138644    140701        57
  138702    140759        32
  138735    140792       159
  138903    140960        55
  139003    141058        44
  139048    141103        36
  139128    141183       353
  139482    141537        89
  139572    141627        20
  139593    141648       531
  140125    142180       550
  140676    142731        40
  140719    142774        31
  140751    142806        25
  140777    142832        31
  140809    142864        38
  140873    142927       100
  140986    143040        32
  141029    143086        31
  141128    143185        38
  141167    143225        20
  141195    143253        32
  141237    143295        22
  141280    143329        22
  141306    143355        28
  141340    143389        59
  141400    143449        26
  141528    143577        47
  141576    143625        32
  141671    143720        81
  141753    143802        36
  141810    143870        22
  141833    143893        31
  141844    143924        21
  141882    144013        24
  141907    144038        48
  141956    144087        20
  142007    144139        20
  142028    144160        86
  142175    144302        24
  142201    144328        25
  142258    144384        57
  142328    144454        22
  142409    144550        29
  142439    144580       113
  142612    144746        40
  142684    144826        28
  142713    144855       167
  142881    145023       404
  143323    145465       106
  143440    145582        51
  143514    145656        79
  143610    145752        26
  143651    145793        26
  143734    145876        66
  143801    145943        58
  143860    146002        44
  143905    146047        73
  143979    146121        81
  144061    146203        74
  144165    146305        35
  144201    146341        63
  144273    146413        56
  144330    146470        42
  144400    146541        30
  144434    146576       125
  144560    146702       158
  144719    146861        90
  144810    146952        23
  144845    146987       151
  144997    147139       156
  145163    147305       171
  145353    147495        41
  145400    147542       143
  145544    147686        36
  145581    147723        98
  145679    147822        62
  145765    147908        33
  145820    147966        22
  145843    147989       121
  145970    148116        93
  146064    148210       106
  146181    148327       119
  146301    148447        29
  146346    148492        42
  146389    148535        45
  146451    148597        75
  146527    148673        22
  146550    148696       117
  146701    148864        38
  146774    148937        36
  146811    148974        36
  146847    149012        27
  146875    149040        47
  146919    149092        24
  147003    149186        21
  147019    149206        26
  147085    149294        49
  147149    149358       172
  147393    149533        31
  147433    149573        29
  147491    149630        30
  147572    149723        49
  147666    149811        25
  147723    149868        20
  147769    150219       109
  147879    150329        31
  148004    150464        95
  148100    150560        30
  148153    150613        41
  148202    150662        40
  148243    150703        69
  148322    150782        53
  148382    150842        21
  148411    150871        29
  148441    150901        31
  148473    150933        27
  148501    150961        35
  148540    151000        24
  148577    151037        32
  148610    151070        53
  148668    151134        44
  148791    151257        24
  148816    151282        38
  148855    151321        47
  148904    151370        35
  148955    151421        74
  149030    151496        67
  149107    151573        28
  149136    151602        64
  149201    151667        26
  149246    151712        82
  149329    151795       120
  149483    151949        72
  149566    152032        32
  149599    152065        54
  149665    152131        56
  149740    152212        24
  149805    152259        52
  149858    152312        27
  149886    152340        31
  149918    152372        29
  149959    152413        54
  150019    152473        25
  150053    152507        29
  150083    152537        36
  150128    152582        82
  150211    152665        20
  150238    152692       107
  150346    152800        42
  150413    152867        72
  150486    152940        48
  150545    152999        60
  150624    153078        30
  150655    153109        52
  150708    153162        46
  150756    153210        53
  150815    153269        78
  150894    153348        29
  150935    153395        31
  150967    153427        55
  151023    153483       186
  151229    153689        30
  151261    153721        44
  151306    153766        46
  151353    153813        41
  151410    153870        85
  151496    153956        23
  151544    154004        24
  151569    154029        25
  151600    154060        21
  151631    154097        21
  151653    154119        22
  151697    154163       102
  151800    154266        76
  151877    154343        36
  151914    154380        23
  151964    154430        46
  152011    154477        24
  152094    154560        52
  152147    154613        34
  152189    154655        29
  152219    154685        34
  152280    154746        24
  152305    154771       120
  152426    154892        46
  152473    154939        27
  152510    154976        98
  152609    155075        54
  152655     92611        24
  152685    155151        60
  152746    155212        45
  152792    155258        54
  152847    155313        25
  152873    155339        27
  152901    155367       102
  153004    155470        96
  153111    155577        68
  153189    155649        97
  153304    155764        23
  153337    155797        33
  153380    155840        29
  153410    155870        75
  153492    155952        52
  153548    156008        23
  153572    156032       116
  153693    156153        35
  153730    156190        28
  153759    156219        52
  153833    156293        34
  153868    156328        24
  153893    156353        68
  153982    156442        24
  154007    156467        32
  154040    156500        54
  154095    156555        21
  154117    156577        22
  154179    156639        40
  154225    156685        58
  154284    156744        90
  154392    156852        45
  154448    156908        74
  154526    156986        57
  154584    157044        70
  154660    157120        81
  154742    157202        34
  154797    157257       328
  155129    157589        71
  155201    157661        45
  155252    157712        27
  155280    157740       111
  155446    157906        49
  155496    157956        39
  155576    158036        22
  155599    158059        75
  155675    158135        40
  155756    158216       197
  155954    158414        27
  155982    158442       160
  156152    158612       103
  156256    158716        31
  156288    158748       118
  156414    158874        23
  156489    158968        78
  156563    159046        76
  156692    159175        80
  156773    159256        50
  156825    159308        82
  156908    159391        21
  156935    159418        74
