> gi|442568454|gb|KC180796.1|
       1         1        54
      56        56        24
     444       550        34
     505       611        50
     607       713        59
     667       773        38
     721       827        32
     754       860        65
     820       926        41
     862       968        56
     928      1034        41
     970      1076        20
    1033      1139        68
    1113      1219        84
    1198      1304        20
    1246      1352        38
    1285      1391        29
    1324      1430        47
    1372      1478        23
    1396      1502        53
    1456      1562       115
    1597      1709        34
    1756      1910        46
    1843      2000        29
    1978      2140        20
    2223      2382        23
    2250      2409        27
    2312      2471        20
    2494      2653        30
    2898      3060        20
    2982      3144        21
    3133      3289        33
    3293      3458        21
    3435      3600        37
    3508      3673        23
    3585      3763        28
    3635      3812        23
    3938      4126        21
    3969      4165        27
    4078      4290        21
    4126      4338        28
    4174      4385        21
    4253      4464        50
    5200      5208        93
    5307      5316        20
    5961      5971        35
    6061      6070        35
    6127      6155        63
    6840      6778        25
    7798      7597        30
    7829      7628        44
    8000      7800        42
    8199      8022        37
    8341      8164        32
    8374      8197        28
    8740      8546        22
    8771      8584        31
    8827      8640        20
    8848      8661        51
    9033      8853        35
    9072      8892        26
    9099      8919        20
    9794      9719        33
    9890      9820        43
   10011      9940        20
   10099     10032        20
   10252     10199        23
   10428     10402        69
   10505     10479        65
   10817     10795        26
   10844     10822        49
   11153     11351        47
   11207     11405        32
   11264     11462        41
   11306     11504        56
   11402     11600        35
   11441     11639        44
   11489     11687        20
   11510     11708        47
   11582     11780        21
   11630     11828        29
   11681     11879        38
   11736     11934        22
   11795     11993        20
   11895     12093        64
   11984     12182        32
   12035     12233        44
   12080     12278        28
   12188     12386        29
   12290     12488        50
   12341     12539        35
   12377     12575        22
   12428     12626        24
   12458     12656        55
   12514     12712        27
   12555     12751        21
   12577     12773        41
   12652     12848        22
   12675     12871        56
   12763     12959        26
   12790     12986        22
   12862     13058        26
   12933     13129        75
   13009     13205        27
   13037     13233        30
   13068     13264        31
   13106     13298        21
   13127     13322        24
   13189     13384        20
   13209     13419        30
   13245     13454        27
   13687     13928        28
   13716     13957        29
   13746     13987        47
   14310     14723        48
   14362     14775        62
   14437     14850        53
   14659     15078        21
   14868     15297        25
   15416     15810        51
   15592     16019        80
   15673     16100        29
   15703     16130        47
   15751     16178        89
   15916     16343        49
   15991     16418        29
   16092     16519        27
   16242     16669        30
   16331     16758        25
   16359     16786        26
   16513     16941        32
   16578     17006        47
   16656     17084        29
   16704     17132        29
   16770     17198        50
   16890     17318        50
   16950     17378        57
   17037     17465        29
   17067     17495        33
   17101     17529        34
   17163     17591        20
   17202     17630        23
   17306     17738        25
   17545     17996        21
   17639     18090        24
   17699     18150        21
   17739     18190        58
   17872     18323        25
   17902     18353        22
   17997     18448        38
   18036     18487        22
   18079     18530        20
   18141     18592        20
   18177     18628        38
   18216     18667        49
   18291     18742        23
   18329     18780        27
   18395     18846        36
   18463     18926        30
   18535     18998        25
   18561     19024        29
   18719     19182        28
   18789     19252        24
   18844     19307        20
   19017     19471        22
   19121     19575        30
   19154     19608        24
   19251     19705        24
   19305     19759        20
   19329     19783        32
   19395     19858        55
   19515     19978        22
   19562     20025        21
   19673     20136        30
   19749     20212        44
   19995     20458        22
   20181     20647        20
   20231     20697        21
   20265     20731        23
   20289     20755        23
   20352     20818        34
   20435     20901        30
   20580     21046        40
   20631     21097        59
   20709     21175        27
   20757     21223        22
   20780     21246        23
   20868     21334        26
   20913     21379        28
   20988     21454        23
   21012     21478        41
   21054     21520        44
   21099     21565        26
   21126     21592        23
   21156     21622        29
   21210     21676        35
   21252     21718        58
   21360     21826        41
   21423     21889        20
   21444     21910        40
   21504     21970        40
   21606     22072        27
   21911     22377        30
   21951     22417        22
   22055     22521        44
   22141     22607        28
   22258     22724        26
   22287     22753        35
   22323     22789        59
   22397     22863        27
   22497     22963        20
   22566     23032        38
   22605     23071        20
   22650     23116        22
   22704     23170        68
   22824     23290        47
   22896     23362        35
   22938     23404        47
   23046     23512        34
   23094     23560        44
   23196     23662        23
   23226     23692        20
   23271     23737        26
   23301     23767        32
   23334     23800        21
   23358     23824        23
   23382     23848        60
   23456     23922        27
   23548     24009        20
   23643     24145        42
   23727     24213        28
   23759     24245        22
   23812     24298        33
   24098     24578        20
   24119     24599        48
   24171     24651        31
   24224     24704        30
   24273     24753        38
   24312     24792        29
   24342     24822        59
   24402     24882        20
   24432     24912        71
   24513     24993        62
   24600     25080        54
   24679     25159        48
   24797     25277        44
   24842     25322       104
   24953     25433        41
   25006     25486        21
   25028     25508        23
   25061     25541        40
   25102     25582        35
   25151     25631        20
   25220     25700        32
   25283     25763        23
   25334     25814        23
   25379     25859        29
   25445     25925        31
   25523     26003        41
   25627     26107        20
   25648     26128        27
   25693     26173        20
   25732     26212        55
   25871     26351        66
   25947     26427        43
   25991     26471        25
   26056     26536        36
   26120     26600        44
   26204     26684        35
   26287     26767        21
   26309     26789        32
   26413     26893        24
   26516     27002        32
   26600     27086        23
   26624     27110        41
   26684     27170        32
   26741     27227        75
   26867     27353        23
   26891     27377        23
   26933     27419        24
   26960     27446        53
   27026     27512        20
   27047     27533        20
   27080     27566        40
   27122     27608        71
   27215     27701        34
   27250     27736        48
   27299     27785        37
   27354     27840        28
   27383     27869        38
   27446     27932        52
   27557     28043        83
   27650     28136        38
   27689     28175        41
   27752     28238        33
   27915     28403        25
   27973     28460        20
   28132     28591        28
   28594     29061        20
   28676     29141        21
   29077     29586        33
   29778     30457        21
   29802     30486        22
   29869     30547        71
   29977     30657        27
   30457     30938        25
   30553     31052        31
   30880     31445        23
   31069     31638        20
   31090     31659        20
   31111     31680        25
   31160     31725        33
   31194     31759        21
   31243     31804        31
   31291     31852        25
   31319     31880        23
   31969     32818        39
   32009     32858        20
   32140     33314        95
   32260     33434       124
   32388     33572        44
   32692     33928        21
   33129     34448        75
   33276     34583        20
   33547     34866        28
   34327     35532        28
   34439     35633        31
   34589     35788        20
   34674     35916        20
   34695     35937        21
   34717     35959        77
   34795     36037        20
   34831     36073        20
   34861     36103        41
   34966     36208        80
   35074     36316        38
   35113     36355        23
   35167     36409        47
   35215     36457        23
   35299     36541        29
   35350     36592        92
   35443     36685        20
   35473     36715       114
   35602     36844        20
   35659     36901       183
   35849     37091        26
   35882     37124        80
   35969     37211        33
   36003     37245        28
   36041     37283        20
   36062     37304        29
   36104     37346        32
   36149     37391        20
   36170     37412        41
   36212     37454        23
   36236     37478        41
   36278     37520        23
   36302     37544        48
   36351     37593        37
   36389     37631        20
   36410     37652        20
   36431     37673        38
   36470     37712        26
   36593     37835        35
   36647     37889        20
   36668     37910        62
   36749     37991        38
   36788     38030        21
   36821     38063        29
   36851     38093        32
   36899     38141        20
   36920     38162        26
   36959     38201        48
   37008     38250        21
   37055     38297        44
   37100     38342        51
   37380     38622        35
   37424     38666        25
   37829     39065        50
   37888     39124        34
   37932     39168        23
   37983     39219        26
   38261     40027        24
   38286     40047        76
   38533     40307        47
   38676     40457        22
   38740     40521        60
   38822     40603        56
   38905     40686        23
   38949     40730        49
   39017     40798        59
   39080     40861        37
   39221     41006        50
   39284     41069        26
   39335     41120        56
   39392     41177        53
   39449     41234        20
   39473     41258        20
   39511     41296        48
   39560     41345        29
   39590     41375        26
   39623     41408        20
   39644     41429        23
   39668     41453        80
   39781     41566        48
   39845     41630        34
   39953     41738        47
   40019     41804        26
   40046     41831        29
   40103     41888        68
   40187     41972        26
   40241     42026        20
   40262     42047        41
   40304     42089        50
   40394     42179        26
   40478     42263        68
   40537     44546        41
   40573     42358        33
   40607     42392        25
   40635     42420        26
   40679     42464        32
   40724     42509        20
   40775     42560        32
   40859     42644        29
   40889     42674        35
   40934     42719        29
   40970     42755        20
   41000     42785        59
   41081     42866        44
   41155     42940        48
   41204     42989        23
   41228     43013        59
   41303     43088        82
   41386     43171        88
   41475     43260       119
   41595     43380        98
   41697     43482        44
   41742     43527        23
   41805     43590        35
   41847     43632        32
   41880     43665        23
   41919     43704        26
   41946     43731        38
   41985     43770        41
   42030     43815        29
   42060     43845        35
   42144     43929        26
   42181     43966        67
   42267     44052        69
   42337     44122        28
   42372     44157        47
   42450     44235        20
   42474     44259        41
   42516     44301        32
   42549     44334        92
   42642     44427        44
   42717     44502        34
   42752     44537        27
   42797     44582        30
   42831     44616        41
   42888     44673        68
   42957     44742        41
   42999     44784        23
   43023     44808        35
   43059     44844        35
   43122     44907        32
   43167     44952        47
   43215     45000        23
   43242     45027        38
   43287     45072        29
   43386     45171        25
   43440     45225        36
   43477     45262        67
   43545     45330        30
   43576     45361        52
   43629     45414        64
   43800     45566        27
   43829     45595        27
   43857     45623        27
   43885     45651        20
   43945     45710        20
   44482     46221        35
   44518     46257        53
   44612     46351        54
   44813     46530        46
   44949     46665        32
   44982     46698        21
   45098     46818        22
   45121     46841        32
   45159     46879        26
   45203     46928        29
   45238     46962        28
   45297     47035        53
   45351     47089        26
   45399     47137        74
   45474     47212        83
   45584     47322        40
   45625     47363        45
   45710     47448        23
   45734     47472        20
   45895     47634        20
   45969     47709        26
   46090     47831        23
   46140     47876        26
   46218     47962        23
   46272     48051       124
   46412     48191        23
   46483     48262        24
   46681     48515        27
   47242     49008        63
   47306     49072        44
   47621     49377        20
   47642     49398        47
   47856     49612        25
   47883     49639        42
   47928     49684        26
   47955     49711        37
   48018     49774        82
   48101     49857        27
   48132     49888        20
   48175     49931        22
   48201     49957        23
   48225     49981        28
   48572     50185        60
   49407     51327        34
   49628     51525        74
   49703     51600        23
   49740     51634        29
   49808     51715        24
   50097     51980        82
   50180     52063        26
   50207     52090        35
   50611     52288        58
   50670     52347        21
   50692     52369        20
   50718     52413        28
   51382     53167        39
   51422     53207        22
   51467     53252        41
   51586     53371        50
   51661     53446        68
   51730     53515        29
   51790     53575        50
   51956     53724        26
   52033     53801        57
   52140     53908        39
   52216     53984        38
   52261     54029        29
   52291     54059        38
   52330     54098        44
   52411     54179        29
   52461     54229        27
   52522     54290        23
   52546     54314        36
   52636     54409        24
   52680     54453        21
   52715     54488        33
   52755     54528        89
   52845     54618        20
   52866     54639        20
   52916     54689        20
   52949     54722        20
   52971     54744        23
   52995     54768        32
   53186     54972        20
   53356     31348        25
   53379     55342        52
   53477     55442        34
   53601     55561        26
   53628     55588        25
   53762     55724        20
   53798     55762        34
   53887     55853        25
   54001     55977        41
   54206     56190        96
   54397     56437        20
   54513     56561        28
   54605     56653        21
   54659     56707        41
   54723     56771        47
   54771     56819        26
   54802     56850        31
   54834     56882        23
   54861     56909        31
   54926     56974        35
   54962     57010        40
   55003     57051        42
   55046     57094        23
   55088     57136        35
   55124     57172        89
   55217     57265        26
   55253     57301        50
   55331     57379        26
   55385     57433        35
   55430     57478        47
   55478     57526        41
   55544     57592       104
   55652     57700        20
   55688     57736        26
   55718     57766        29
   55748     57796        29
   55820     57868        32
   55889     57937       107
   56075     58123        20
   56096     58144        68
   56165     58213        39
   56228     58276        41
   56285     58333        21
   56362     58410        24
   56452     58498        27
   56658     58740        22
   56813     58892        27
   56903     59011        20
   56924     59032        51
   57070     59172        56
   57127     59229        61
   57193     59295        67
   57306     59408        41
   57438     59540        35
   57474     59576        62
   57579     59681        23
   57636     59738        35
   57687     59789        20
   57729     59831        23
   57753     59855        30
   57784     59886        21
   57811     59913        58
   57882     59984        26
   57909     60011        26
   57936     60038        56
   57993     60095        50
   58080     60182        20
   58101     60203        38
   58152     60254        23
   58200     60302        59
   58266     60368        47
   58332     60434        77
   58428     60530        35
   58464     60566        40
   58538     60640        20
   58562     60664        33
   58596     60698        46
   58742     60869        21
   58778     60905        20
   58842     60972        23
   59081     61375        31
   59818     62108        48
   59899     62189        22
   59959     62249        41
   60043     62333        32
   60127     62417        44
   60250     62540        20
   60280     62570        21
   60302     62592        22
   60355     62645        23
   60445     62735        32
   60480     62770        21
   60537     62827        24
   60658     62991        20
   61411     63721        59
   61867     64165        22
   61909     64207        30
   61966     64264        30
   62110     64408        20
   62152     64450        20
   62173     64471        23
   62197     64495        47
   62294     64592        28
   62410     64708        23
   62613     64946        20
   62889     65219        23
   63186     65583        25
   63230     65627        20
   63318     65723        26
   63394     65800        28
   63423     65829        21
   63518     65924        24
   63610     66010        34
   63668     66068        21
   63718     66118        36
   63773     66173        24
   63801     66201        20
   63822     66222        44
   63887     66287        23
   64014     66414        32
   64253     66633        46
   64390     66770        51
   64445     66825        50
   64508     66888        54
   64565     66945        25
   64670     67050        35
   64715     67095        26
   64749     67129        20
   64770     67150        28
   64808     67188        26
   64856     67236        23
   64885     67265        33
   65069     67449        26
   65147     67527        20
   65219     67599        34
   66060     68434        20
   66312     68654        32
   66345     68687        31
   66377     68719        36
   66538     68898       104
   66672     69032        43
   66716     69076        29
   66755     69115        48
   66820     69180        27
   66848     69208        44
   66908     69268        20
   66950     69310        38
   66998     69358        89
   67190     69551        26
   67217     69578        22
   68197     70530        20
   68310     70635        21
   68357     70688        25
   68429     70760        23
   68622     70939        34
   68696     71013        41
   68766     71089        26
   68863     71184        87
   69098     71443        89
   69187     71533        20
   69234     71580        24
   70152     72468        50
   70252     72568        42
   70295     72611        21
   70317     72633        23
   70599     72943        92
   70725     73069        37
   70763     73107        38
   71030     73381        35
   71171     73531        25
   71219     73579        26
   71390     73750        56
   71459     73819        22
   71484     73844        42
   71536     73897        20
   71592     73953        28
   71725     74085        20
   71856     74216        32
   71889     74249        20
   71921     74282        25
   72168     74513        24
   72225     74565        52
   72278     74618        50
   72329     74669        48
   72517     74874        22
   72540     74897        33
   72604     74961        26
   72840     75189        27
   73040     75392        28
   73222     75606        20
   73270     75654        33
   73319     75699        43
   73399     75779        23
   73429     75809        29
   73483     75863        29
   73528     75908        38
   73588     75968        42
   73696     76078        28
   73850     76273        33
   73884     76307        36
   73935     76360        23
   73974     76402        28
   74349     76824        23
   74397     76872        30
   74435     76910        20
   74465     76940        23
   74508     76983        29
   74939     77366        33
   74994     77421        47
   75057     77484        29
   75090     77517        23
   75132     77559        38
   75198     77625        26
   75264     77691        33
   75318     77745        29
   75354     77781        20
   75423     77850        41
   75471     77898        26
   75501     77928        23
   75525     77952        32
   75627     78054        29
   75666     78093        32
   75699     78126        32
   75747     78174        26
   75789     78216        30
   75820     78247        61
   75882     78309        20
   75979     78406        61
   76125     78552        20
   76152     78579        26
   76179     78606        32
   76218     78645        47
   76275     78702        23
   76335     78762        24
   76392     78819        44
   76437     78864        35
   76610     78970        24
   76657     79017        26
   76684     79044        41
   76726     79086        21
   76869     79239        45
   76915     79285        49
   76977     79347        20
   77004     79374        25
   77106     79478        22
   77129     79501        32
   77222     79594        21
   77249     79621        20
   77387     79773        30
   77780     80145        24
   77810     80175        20
   78110     80490        20
   78206     80595        35
   78242     80631        30
   78273     80662        43
   78317     80706        23
   78350     80739        62
   78413     80802        35
   78467     80856        20
   78527     80916        29
   78563     80952        35
   78632     81021        23
   78674     81063        65
   78824     81213        27
   78891     81279        28
   78921     81309        20
   78965     81358        47
   79013     81406        21
   79078     81471        29
   79142     81537        24
   79191     81592        29
   79311     81708        23
   79356     81757        26
   79434     81838        24
   79691     82106        35
   79727     82142        44
   79778     82193        23
   79802     82217        35
   79838     82253        45
   79964     82379        53
   80033     82448        32
   80066     82481        26
   80111     82526        23
   80168     82583        20
   80189     82604        28
   80249     82655        20
   80279     82685        22
   80500     82917        22
   80608     83025        32
   80805     83228        24
   80830     83253        40
   80872     83295        29
   80902     83325        44
   81104     83527        30
   81138     83561        32
   81171     83594        39
   81262     83685        20
   81283     83706        21
   81348     83771        36
   81406     83829        21
   81428     83851        20
   81465     83888        30
   81513     83936        56
   81580     84003        30
   81654     84077        23
   81702     84125        20
   81791     84214        27
   81819     84242        48
   81963     84379        24
   82040     84464        25
   82110     84534        29
   82323     84747        29
   82626     85059        94
   82826     85256        21
   82982     85412        38
   83262     85690        26
   83289     85717        47
   83400     85828        20
   83490     85918        20
   83553     85981        24
   83721     86167        45
   83767     86213        50
   83857     86303        20
   83890     86336        38
   83962     86408        47
   84038     86484        22
   84061     86507        23
   84128     86574        27
   84274     86679        32
   84494     86925        21
   84703     87135        33
   84954     87370        48
   85124     87539        23
   85332     87775        34
   85385     87828        29
   85424     87867        34
   85466     87909        20
   85487     87930        26
   85520     87963        34
   85627     88070        23
   85669     88112        23
   85872     88315        50
   86083     88529        23
   86113     88559        20
   86178     88624        26
   86266     88712        20
   86311     88757        32
   86510     88980        28
   86540     89010        25
   86569     89039        20
   86629     89099        24
   86680     89150        23
   86763     89231        42
   86806     89274        44
   86881     89349        44
   86926     89394        34
   86962     89430        20
   86999     89467       131
   87131     89599       152
   87315     89778        24
   87348     89811        30
   87379     89842       117
   87498     89961        31
   87542     90005        85
   87643     90105        55
   87699     90161       296
   87996     90458        29
   88048     90510        98
   88147     90609        35
   88187     90649        22
   88260     90728        97
   88394     90862        21
   88416     90884        71
   88488     90956        75
   88564     91032        20
   88612     91084        31
   88667     91139        33
   88708     91180       150
   88859     91331        20
   88880     91352       108
   89009     91481        34
   89044     91516        81
   89131     91603        70
   89209     91681        50
   89263     91735        41
   89305     91777        32
   89348     91820        34
   89394     91866       107
   89502     91974        63
   89567     92039        22
   89669     92141        21
   89691     92163        54
   89746     92218        32
   89783     92255        22
   89824     92296        70
   89895     92367        22
   89918     92390       103
   90027     92499        29
   90057     92529        39
   90097     92569       120
   90238     92710        21
   90265     92728        34
   90301     92764        58
   90360     92823        54
   90415     92878        33
   90458     92921        23
   90499     92962        97
   90614     93077        26
   90641     93104        22
   90664     93127        20
   90685     93148        76
   90762     93225        42
   90816     93279        71
   90899     93362        39
   90939     93402        54
   90994     93457        52
   91047     93510        56
   91104     93567        22
   91127     93590        49
   91198     93661        63
   91262     93725        35
   91313     93776        68
   91382     93845        25
   91408     93871        72
   91534     93997        32
   91581     94044        22
   91607     94070        89
   91702     94165        38
   91750     94213        23
   91774     94237        47
   91837     94300        34
   91872     94335        36
   91909     94372        76
   91986     94449        24
   92053     94516        35
   92136     94599        80
   92220     94683        25
   92266     94729       135
   92402     94865        30
   92433     94896        90
   92524     94987        32
   92572     95035        41
   92614     95077        25
   92640     95103       104
   92764     95227        86
   92881     95350        51
   92939     95408        31
   92976     95445        38
   93037     95506        26
   93078     95547        43
   93131     95600        48
   93180     95649        22
   93203     95672        30
   93254     95714        35
   93313     95773        68
   93382     95842        57
   93440     95900        25
   93466     95926        45
   93512     95972        35
   93554     96014        87
   93642     96102        23
   93666     96126        46
   93741     96201        25
   93775     96235        35
   93811     96271        26
   93838     96298        29
   93868     96328        59
   94021     96427        24
   94053     96465        28
   94105     96517        26
   94132     96544        87
   94220     96632        32
   94254     96666        48
   94303     96715        29
   94333     96745        53
   94387     96799        35
   94423     96835        46
   94470     96882        51
   94558     96970        26
   94585     96997       102
   94688     97100       131
   94866     97278        64
   94968     97380        26
   95012     97424        31
   95060     97472        57
   95122     97540        23
   95146     97564        62
   95246     97664        38
   95290     97708        84
   95375     97793        97
   95473     97891        48
   95543     97961        47
   95591     98009        41
   95655     98073        30
   95695     98113        74
   95825     98253        25
   95884     98312        20
   95905     98333        25
   95931     98359        65
   96016     98739        25
   96064     98787        40
   96152     98875        46
   96260     98996        28
   96292     99028        20
   96329     99065        23
   96353     99089        39
   96468     99135       168
   96651     99318        24
   96701     99368        32
   96737     99416        24
   96762     99441        21
   96801     99480        20
   96840     99523        24
   96863     99554        33
   96911     99602        26
   96952     99645        22
   96975     99668        36
   97012     99705        33
   97046     99739        63
   97111     99804       124
   97236     99929        22
   97263     99956        64
   97362    100055        34
   97397    100090       207
   97615    100308       106
   97722    100415        93
   97816    100509       126
   97943    100636       154
   98101    100797       103
   98205    100901        36
   98242    100938       148
   98408    101104        31
   98440    101136        58
   98499    101195        94
   98594    101290        28
   98642    101338       172
   98815    101511       119
   98953    101649        22
   98976    101672        90
   99074    101770        76
   99151    101847        74
   99226    101922        76
   99303    101999        38
   99364    102060        41
   99413    102109        38
   99456    102152        25
   99482    102178        30
   99537    102233        47
   99585    102281        22
   99668    102364        56
   99725    102421        80
   99807    102503        73
   99881    102577        62
   99944    102640       107
  100108    102804        26
  100148    102844        27
  100192    102888        39
  100225    102925        61
  100297    102997        34
  100356    103056        78
  100429    103135        59
  100500    103206       136
  100637    103343        57
  100695    103401       377
  101073    103779        28
  101137    103851        35
  101237    103945        38
  101278    103986        22
  101301    104009        36
  101347    104055        33
  101403    104090        21
  101426    104151        36
  101505    104223        24
  101559    104281        25
  101586    104308        32
  101634    104362        36
  101682    104410        75
  101761    104489        48
  101809    104538        20
  101830    104559        33
  101879    104608        35
  101920    104642        32
  101953    104675        22
  102005    104727        27
  102156    104882        20
  102177    104903        32
  102210    104936        55
  102266    104992        30
  102300    105026        22
  102314    105045        38
  102359    105090        86
  102483    105214        22
  102526    105248        31
  102558    105280        39
  102614    105336        22
  102637    105359        20
  102717    105439        34
  102742    105472        31
  102774    105504        25
  102812    105542        76
  102896    105626        20
  102933    105663        43
  102977    105707        31
  103009    105739        59
  103069    105799        40
  103110    105840       550
  103661    106391       162
  103824    106554       260
  104085    106815       107
  104193    106923       451
  104716    107446        66
  104809    107539        22
  104841    107571        24
  104891    107620       159
  105084    107812        57
  105142    107870        33
  105183    107910        94
  105275    108005        21
  105297    108027        28
  105326    108056        53
  105371    108100        55
  105428    108157        26
  105455    108184        66
  105522    108253        56
  105579    108310        44
  105622    108347        62
  105680    108409        22
  105703    108432        48
  105752    108481        35
  105788    108517        61
  105850    108579        82
  105934    108668       134
  106069    108803       133
  106203    108937        46
  106262    108996        23
  106286    109020        85
  106397    109131        58
  106494    109223        21
  106523    109252        45
  106569    109298        44
  106614    109343        37
  106652    109381        39
  106700    109425       104
  106815    109540        21
  106837    109562        84
  106948    109673        45
  106994    109719        24
  107019    109744       101
  107121    109846        59
  107181    109906       155
  107361    110086        56
  107418    110143        63
  107482    110207        43
  107526    110251        51
  107584    110312       383
  107975    110703       275
  108275    111004       238
  108525    111254        39
  108565    111294       476
  109043    111772       120
  109178    111907       335
  109514    112243       323
  109848    112577        31
  109880    112609        72
  109953    112682       117
  110071    112800        62
  110128    112861        65
  110212    112945       181
  110467    113212        36
  110532    113266        57
  110590    113327        36
  110627    113364        78
  110739    113477        26
  110773    113511        35
  110823     14184        20
  110893    113624        44
  110985    113720        46
  111062    113804        46
  111125    113873        21
  111147    113895        25
  111173    113921        48
  111227    113981        24
  111269    135553        22
  111285    114053        42
  111328    114096        54
  111383    114151        31
  111438    114206        36
  111480    114248        60
  111541    114309        32
  111584    114353        20
  111623    114402        27
  111751    114536        72
  111829    114614        46
  111886    114671        40
  111928    114713        49
  111978    114763        83
  112076    114861       153
  112247    115032        20
  112308    115093        37
  112350    115135        32
  112383    115168        30
  112454    115260        23
  112478    115284        56
  112539    115339        43
  112954    115829        23
  113027    115902        49
  113365    116240        20
  113686    116561        23
  113746    116621        20
  113776    116651        20
  113797    116672        29
  113827    116702        28
  113899    116774        46
  113989    116864        26
  114033    116908        21
  114070    116945        23
  114112    116987        32
  114235    117110        20
  114286    117161        32
  114468    117343        30
  114511    117386        24
  114595    117470        32
  114628    117503        30
  114659    117534        58
  114764    117639        22
  114827    117702        21
  114859    117734        20
  115855    118987        20
  116832    119631        56
  116996    119813        26
  117128    119942        27
  117156    119970        21
  117321    120138        25
  117425    120242        35
  117557    120374        20
  117666    120483        55
  117722    120539        37
  117760    120577        22
  117788    120605        32
  117857    120674        23
  117912    120729        21
  118086    120963        21
  118168    104119        26
  118309    121191        20
  118349    121231        37
  118394    121276        80
  118479    121361        29
  118570    121452        20
  118618    121500        22
  118641    121523        30
  118681    121563        44
  118750    121632        35
  118786    121668        39
  118870    121752        20
  118891    121773        23
  118954    121836        20
  118996    121878        33
  119179    122061        35
  119256    122138        39
  119296    122178        49
  119346    122228        24
  119437    122319        26
  119534    122416        28
  119670    122552        34
  119853    122756        32
  119937    122840        41
  119988    122891        23
  120039    122942        20
  120308    123238        23
  120335    123265        44
  120398    123328        36
  120467    123397        26
  120503    123433        23
  120536    123466        23
  120566    123496        41
  120636    123566        20
  120878    123810        20
  120908    123840        35
  121109    124041        21
  121131    124063        24
  121166    124098        35
  121340    124272        28
  121826    124765        27
  121857    124796        83
  121974    124913        23
  122016    124955        23
  122040    124979        62
  122151    125090        26
  122204    125143        38
  122243    125182        41
  122304    125243        23
  122390    125335        25
  122435    125380        21
  122476    125421        29
  122506    125451        35
  122635    125580        23
  122725    125670        26
  122788    125733        25
  122817    125762        48
  122875    125820        40
  122961    125906        32
  123528    126450        25
  123629    126592        22
  123981    126940        34
  124022    126981        20
  124055    127014        20
  124076    127035        26
  124133    127092        30
  124249    127208        23
  124321    127280        21
  124376    127335        26
  124412    127371        20
  124433    127392        20
  124490    127449        23
  124549    127508        79
  124629    127588        22
  124779    127738        26
  124806    127765        20
  124899    127858        23
  125013    127972        29
  125049    128008        20
  125070    128029        23
  125114    128073        23
  125146    128105        24
  125250    128209        25
  125276    128235        24
  125349    128308        20
  125387    128346        24
  125412    128371        53
  125476    128435        22
  125499    128458        38
  125649    128608        32
  125682    128641        34
  126569    129596        21
  126726    129747        23
  127091    130100        20
  127614    130617        27
  127731    130731        27
  128298    131301        21
  128483    131486        21
  128939    131963        26
  129273    132300        20
  129498    132525        48
  129993    133023        26
  130207    133237        20
  130245    133275        30
  130909    133915        21
  131203    134206        43
  131251    134248        56
  131308    134305        23
  131372    134390        30
  131403    134421        32
  131440    134458        37
  131518    134536        20
  131556    134574       153
  131724    134742        83
  131808    134826        49
  131859    134877        40
  131910    134928        46
  131962    134980        72
  132135    135159        27
  132181    135215        20
  132212    135247        32
  132245    135280        60
  132311    135346        36
  132371    135406        31
  132403    135438        54
  132458    135493        42
  132494    114013        22
  132534    135583        24
  132564    135619        48
  132613    135668        25
  132639    135694        21
  132677    135738        46
  132754    135822        46
  132848    135920        44
  132977    136042        35
  133020    136085        26
  133080    136146        78
  133159    136225        36
  133196    136265        57
  133282    136340        36
  133392    136462       181
  133592    136662        65
  133652    136726        62
  133715    136789       117
  133833    136907        72
  133906    136980        31
  133948    137022       323
  134272    137346       335
  134622    137696       120
  134744    137818       476
  135221    138295        39
  135272    138346       238
  135535    138610       275
  135818    138893       383
  136208    139286        51
  136260    139338        43
  136304    139382        63
  136368    139446        56
  136449    139527        22
  136472    139550       132
  136605    139683        59
  136665    139743       101
  136767    139845        24
  136792    139870        45
  136864    139942        84
  136949    140027        21
  136981    140059       104
  137094    140168        39
  137134    140208        37
  137172    140246        44
  137217    140291        45
  137270    140344        21
  137330    140399        58
  137414    140483        85
  137500    140569        23
  137536    140605        46
  137583    140652       133
  137717    140786       134
  137853    140927        82
  137936    141010        61
  137998    141072        35
  138034    141108        48
  138083    141157        22
  138101    141179        62
  138162    141234        44
  138207    141279        56
  138264    141338        66
  138331    141405        26
  138359    141433        55
  138406    141479        53
  138460    141533        28
  138489    141562        21
  138508    141584        94
  138610    141685        33
  138644    141719        57
  138735    141809       159
  138920    141993        24
  138954    142027        22
  139003    142076        66
  139141    142214       451
  139593    142666       107
  139701    142774       260
  139962    143035       162
  140125    143198       550
  140676    143749        40
  140717    143790        59
  140777    143850        31
  140809    143882        43
  140869    143942        20
  140897    143970        76
  140986    144059        25
  141012    144085        31
  141034    144115        34
  141128    144209        20
  141149    144230        22
  141188    144269        39
  141228    144309        31
  141280    144352        22
  141340    144412        86
  141433    144505        38
  141463    144540        22
  141489    144566        30
  141520    144597        55
  141576    144653        32
  141609    144686        20
  141753    144834        27
  141810    144891        22
  141833    144914        32
  141871    144945        35
  141922    144996        33
  141956    145030        20
  141976    145051        48
  142028    145103        75
  142115    145190        36
  142167    145248        32
  142201    145282        25
  142256    145341        24
  142323    145401        36
  142361    145477        21
  142405    145500        33
  142448    145543        36
  142485    145580        22
  142510    145605        38
  142613    145702        35
  142684    145781        28
  142713    145810       377
  143091    146188        57
  143149    146246       136
  143297    146394        59
  143351    146454        78
  143454    146557        34
  143499    146602        61
  143554    146661        39
  143610    146717        27
  143651    146758        26
  143734    146841       107
  143842    146949        62
  143905    147012        73
  143980    147087        80
  144061    147168        56
  144178    147285        22
  144201    147308        47
  144273    147380        30
  144304    147411        25
  144334    147441        38
  144380    147487        41
  144444    147551        38
  144483    147590        76
  144560    147667        74
  144635    147742        76
  144719    147826        90
  144810    147917        22
  144851    147958       119
  144971    148078       172
  145163    148270        28
  145192    148299        94
  145287    148394        58
  145346    148453        31
  145395    148502       148
  145544    148651        36
  145581    148688       103
  145688    148798       154
  145843    148953       126
  145970    149080        93
  146064    149174       106
  146181    149291       207
  146389    149499        34
  146458    149568        64
  146527    149637        22
  146550    149660       124
  146676    149786        63
  146740    149850        33
  146774    149884        36
  146811    149921        22
  146848    149960        26
  146889    150001        33
  146921    150041        24
  146964    150088        20
  147002    150126        21
  147024    150148        24
  147052    150188        32
  147110    150246        24
  147149    150285       168
  147393    150460        39
  147433    150500        23
  147473    150540        20
  147497    150564        28
  147587    150667        46
  147681    150761        40
  147744    150824        25
  147789    151164        65
  147855    151230        25
  147881    151256        20
  147935    151310        25
  148016    151401        74
  148100    151485        30
  148153    151538        41
  148195    151580        47
  148264    151649        48
  148313    151698        97
  148411    151796        84
  148501    151886        38
  148577    151962        62
  148640    152025        23
  148668    152059        57
  148742    152133        31
  148791    152182        26
  148855    152246        64
  148966    152357       131
  149098    152489       102
  149201    152592        26
  149264    152655        51
  149316    152707        46
  149363    152754        35
  149399    152790        53
  149453    152844        29
  149483    152874        48
  149533    152924        32
  149566    152957        87
  149654    153045        26
  149704    153095        28
  149740    153137        24
  149858    153201        59
  149918    153261        29
  149948    153291        26
  149975    153318        35
  150019    153362        25
  150073    153416        46
  150120    153463        23
  150144    153487        87
  150238    153581        35
  150274    153617        45
  150320    153663        25
  150346    153689        57
  150404    153747        68
  150496    153839        35
  150552    153886        30
  150583    153917        22
  150606    153940        48
  150664    153998        43
  150722    154056        26
  150771    154105        38
  150815    154149        31
  150853    154187        51
  150935    154275        86
  151041    154381       104
  151146    154486        25
  151172    154512        41
  151229    154569        32
  151262    154602        90
  151353    154693        30
  151384    154724       135
  151540    154880        25
  151569    154909        80
  151697    155037        35
  151775    155115        24
  151800    155140        76
  151877    155217        36
  151914    155254        34
  151964    155304        47
  152012    155352        23
  152045    155385        38
  152089    155429        89
  152182    155522        22
  152219    155559        32
  152305    155645        72
  152378    155718        25
  152404    155744        68
  152488    155828        35
  152524    155864        63
  152609    155949        49
  152659    155999        22
  152682    156022        56
  152739    156079        52
  152792    156132        54
  152847    156187        39
  152898    156238        71
  152981    156321        42
  153024    156364        76
  153101    156441        20
  153122    156462        22
  153145    156485        26
  153189    156529        97
  153304    156644        23
  153337    156677        33
  153371    156711        54
  153426    156766        58
  153486    156826        34
  153526    156857        21
  153568    156899       120
  153689    157020        39
  153729    157060        29
  153764    157095       103
  153868    157199        22
  153891    157222        70
  153980    157311        22
  154007    157338        32
  154040    157371        54
  154095    157426        21
  154196    157527        22
  154220    157551        63
  154284    157615       107
  154403    157734        34
  154448    157779        32
  154481    157812        41
  154526    157857        50
  154584    157915        70
  154660    157991        81
  154742    158073        34
  154797    158128       108
  154906    158237        20
  154927    158258       150
  155085    158416        33
  155142    158473        31
  155201    158536        20
  155222    158557        75
  155298    158633        71
  155370    158705        21
  155428    158763        97
  155576    158917        22
  155603    158944        35
  155639    158980        98
  155760    159101        29
  155790    159131       296
  156087    159428        55
  156158    159498        85
  156256    159596        31
  156289    159629       117
  156407    159747        30
  156446    159786        24
  156502    159837       152
  156655    159990       131
  156803    160138        20
  156825    160160        34
  156860    160195        44
  156935    160270        44
  156980    160315        42
