> gi|290775771|gb|GU907100.1|
       1        15        54
      56        70        24
     450       436        54
     505       491        56
     628       614        23
     667       653        31
     699       685        21
     721       707        98
     820       806        41
     862       848        56
     970       956        20
    1003       989        29
    1057      1043        35
    1113      1099        59
    1182      1168        36
    1234      1220        50
    1324      1310        71
    1396      1382        35
    1432      1418       130
    1594      1575        37
    1756      1833        37
    1982      2083        20
    2080      2195        21
    2219      2346        27
    2312      2439        20
    2345      2472        23
    2493      2620        39
    2545      2672        30
    2853      2980        22
    2970      3088        21
    3140      3258        39
    3265      3392        21
    3446      3576        27
    3592      3722        21
    3635      3764        23
    3711      3841        32
    3755      3880        23
    4174      4298        21
    4258      4382        45
    4593      4737        34
    5194      5391        26
    5236      5433        62
    5328      5527        32
    6127      6330        63
    6220      6408        20
    7792      6975        32
    7829      7012        44
    8000      7185        20
    8021      7206        29
    8175      7364        21
    8199      7387        20
    8269      7457        41
    8341      7529        32
    8447      7643        20
    8771      7985        25
    8821      8035        47
    9034      8180        31
    9099      8245        20
    9134      8280        22
    9732      9063        27
    9794      9152        33
    9889      9247        44
    9989      9376        26
   10041      9434        24
   10099      9492        20
   10174      9563        21
   10252      9636        23
   10420      9843        39
   10460      9883        28
   10505      9928        63
   10817     10194        26
   10844     10221        49
   11101     10411        24
   11127     10437        25
   11168     10478        32
   11232     10542        31
   11306     10616        23
   11330     10640        23
   11390     10700        26
   11444     10754        41
   11486     10796        23
   11561     10871        20
   11582     10892        20
   11604     10914        25
   11639     10949        20
   11660     10970        20
   11684     10994        35
   11771     11081        23
   11795     11105        20
   11831     11141        23
   11867     11177        26
   11894     11204        65
   11984     11294        29
   12035     11345        44
   12128     11438        41
   12185     11495        32
   12230     11540        26
   12290     11600        41
   12347     11657        65
   12458     11768        55
   12585     11914        22
   12675     12004        21
   12697     12026        34
   12753     12082        37
   12791     12120        28
   12844     12173        23
   12928     12257        40
   12969     12298        21
   13030     12370        31
   13062     12402        32
   13247     12697        25
   13635     13053        20
   13678     13096        37
   13716     13134        29
   13746     13164        46
   13793     13211        20
   14278     13913        74
   14353     13988        71
   14437     14072        62
   14509     14139        21
   14902     14575        21
   15180     14868        20
   15207     14906        21
   15419     15168        23
   15440     15194        21
   15464     15216        48
   15622     15418        29
   15652     15448        20
   15698     15494        40
   15739     15535        38
   15867     15663        21
   15907     15703        44
   15952     15748        32
   16003     15799        44
   16242     16038        30
   16331     16118        23
   16513     16334        32
   16580     16401        24
   16605     16426        20
   16664     16485        21
   16770     16591        36
   16821     16642        40
   16929     16750        41
   16971     16792        20
   17008     16829        38
   17067     16888        29
   17106     16927        20
   17163     16984        20
   17321     17153        21
   17556     17373        21
   17639     17456        21
   17699     17516        69
   17838     17655        24
   17902     17719        34
   17945     17762        51
   18000     17817        37
   18038     17855        20
   18079     17896        30
   18141     17958        35
   18177     17994        71
   18394     18211        28
   18469     18298        21
   18794     18626        22
   19002     18828        37
   19179     19005        20
   19292     19118        36
   19329     19155        26
   19387     19222        31
   19479     19314        26
   19519     19354        23
   19554     19389        39
   19608     19443        51
   19668     19503        22
   19724     19559        21
   19749     19584        23
   19794     19629        32
   20202     20043        20
   20253     20094        26
   20280     20121        32
   20335     20176        52
   20388     20229        23
   20427     20268        27
   20562     20403        23
   20586     20427        34
   20649     20490        32
   20737     20578        42
   20865     20706        47
   20969     20810        42
   21012     20853        26
   21060     20901        38
   21099     20940        26
   21135     20976        50
   21192     21033        23
   21216     21057        23
   21246     21087        71
   21324     21165        30
   21360     21201        41
   21426     21267        58
   21489     21330        55
   21594     21435        25
   21674     21515        26
   21852     21698        32
   21975     21821        22
   22011     21857        22
   22077     21923        22
   22120     21960        38
   22258     22098        26
   22287     22127        35
   22335     22175        20
   22356     22196        26
   22383     22223        38
   22583     22423        24
   22608     22448        41
   22740     22580        32
   22806     22646        62
   22890     22730        41
   22938     22778        38
   22977     22817        56
   23046     22886        47
   23094     22934        62
   23175     23015        20
   23220     23060        31
   23301     23141        20
   23358     23198        23
   23391     23231        23
   23642     23484        41
   23730     23559        25
   24001     23850        24
   24054     23903        36
   24091     23940        29
   24136     23985        31
   24174     24023        20
   24273     24122        62
   24357     24206        23
   24381     24230        20
   24402     24251        29
   24432     24281        56
   24492     24341        20
   24513     24362        23
   24537     24386        38
   24576     24425        20
   24604     24453        50
   24668     24517        22
   24698     24547        29
   24734     24583        29
   24779     24628        35
   24815     24664        32
   24848     24697        35
   24908     24757        44
   24953     24802        41
   25028     24877        22
   25067     24916        43
   25138     24987        30
   25231     25080        51
   25364     25213        26
   25595     25444        26
   25648     25497        27
   25732     25581        27
   25760     25609        27
   25871     25720        23
   25959     25808        31
   25991     25840        22
   26120     25969        35
   26156     26005        20
   26177     26026        35
   26213     26062        38
   26267     26116        23
   26291     26140        29
   26369     26218        29
   26567     26416        39
   26633     26482        29
   26663     26512        20
   26684     26533        20
   26753     26602        50
   26818     26667        21
   26867     26716        23
   26891     26740        23
   26915     26764        36
   26960     26809        49
   27024     26873        22
   27047     26896        20
   27068     26917        29
   27098     26947        22
   27136     26985        54
   27227     27076        22
   27250     27099        48
   27311     27160        42
   27359     27208        23
   27386     27235        23
   27410     27259        20
   27446     27295        50
   27575     27424        50
   27650     27499        38
   27692     27541        38
   27754     27603        27
   27910     27767        30
   28127     27981        36
   29055     28874        21
   29077     28896        24
   29121     28941        22
   29848     29537        20
   29869     29558        35
   29905     29594        29
   29972     29664        32
   30178     29872        22
   31000     30744        24
   31072     30812        20
   31111     30851        20
   31160     30896        33
   31240     30972        34
   31295     31027        21
   31969     31392        70
   32137     31950        98
   32252     32065        77
   32342     32155        24
   32398     32211        32
   33130     33012        74
   34327     34123        28
   34620     34411        23
   34695     34483        22
   34718     34506        34
   34753     34541        62
   34826     34614        25
   34870     34658        23
   34894     34682        20
   34918     34706        29
   34963     34751        95
   35074     34862        23
   35167     34955        47
   35215     35003        23
   35245     35033        32
   35278     35066        20
   35299     35087        29
   35348     35136        31
   35380     35168        83
   35464     35252       123
   35602     35390        20
   35641     35429        41
   35683     35471       117
   35801     35589        41
   35852     35640        24
   35882     35670        56
   35975     35763        41
   36041     35829        56
   36098     35886        44
   36167     35955        44
   36236     36024        50
   36302     36090        35
   36351     36139        25
   36410     36198        20
   36431     36219        33
   36465     36253        31
   36539     36327        29
   36593     36381        44
   36641     36429        86
   36737     36525        29
   36767     36555        20
   36788     36576        21
   36878     36666        26
   36953     36741        26
   37008     36796        21
   37088     36876        32
   37375     37182        47
   37424     37231        25
   37450     37257        31
   37779     37590        22
   37802     37613        23
   37829     37640        48
   37902     37713        28
   37965     37776        23
   37989     37800        20
   38286     38617        76
   38546     38868        43
   38657     38976        45
   38735     39062        38
   38789     39116        74
   38905     39232        23
   38957     39284        41
   39045     39372        26
   39080     39407        29
   39188     39520        20
   39224     39556        20
   39245     39577        23
   39284     39616        26
   39335     39667        20
   39383     39715        20
   39404     39736        44
   39449     39781        20
   39511     39843        48
   39563     39895        26
   39590     39922        32
   39623     39955        41
   39665     39997        20
   39692     40024        44
   39737     40069        20
   39781     40113        33
   39830     40162        41
   39872     40204        20
   39896     40228        32
   39965     40297        26
   40010     40342        29
   40046     40378        20
   40103     40435        68
   40217     40549        20
   40241     40573        20
   40262     40594        41
   40304     40636        41
   40394     40726        32
   40493     40825        20
   40573     40905        59
   40635     40967        34
   40670     41002        31
   40724     41056        35
   40775     41107        20
   40808     41140        26
   40844     41176        26
   40889     41221        44
   40940     41272        23
   40964     41296        26
   40997     41329        32
   41081     41413        41
   41168     41500        59
   41228     41560        68
   41297     41629        50
   41348     41680        37
   41386     41718        52
   41439     41771        35
   41481     41813       163
   41651     41983        45
   41703     42035        20
   41724     42056        20
   41805     42137        55
   41861     42193        42
   41958     42290        26
   41991     42323       110
   42156     42488        26
   42194     42526        69
   42264     42596        72
   42337     42669        28
   42372     42704        80
   42465     42797        50
   42516     42848        32
   42549     42881        49
   42599     42931        27
   42660     42992        26
   42792     43124        20
   42813     43145        59
   42888     43220        38
   42927     43259        20
   42996     43328        26
   43059     43391        35
   43176     43508        62
   43242     43574        29
   43290     43622        26
   43332     43664        20
   43368     43700        32
   43455     43787        50
   43506     43838        32
   43545     43877        23
   43578     43910        25
   43604     43936        93
   43745     44070        23
   43795     44128        33
   43829     44162        27
   43873     44206        32
   43963     44302        25
   44278     44580        33
   44482     44949        77
   44572     45039        20
   44613     45080        52
   44813     45284        26
   44900     45381        24
   45089     45570        48
   45212     45692        20
   45246     45726        20
   45311     45830        39
   45351     45870        29
   45384     45903        29
   45435     45954        29
   45465     45984        62
   45531     46050        26
   45642     46162        22
   45801     46323        29
   45842     46364        20
   45864     46386        26
   45899     46421        27
   45969     46487        32
   46002     46520        21
   46140     46652        22
   46172     46684        28
   46272     46848        26
   46299     46875        96
   46396     46972        34
   46478     47059        24
   47249     47268        56
   47310     47329        34
   47618     47619        48
   47667     47668        22
   47856     47857        21
   47883     47884        35
   47928     47929        44
   48030     48031        35
   48066     48067        34
   48132     48133        20
   48201     48202        23
   48573     48793        59
   49629     50202       103
   49736     50306        28
   49806     50401        31
   50011     50638        24
   50108     50735        36
   50154     50787        52
   50207     50840        33
   50627     51284        42
   50713     51370        27
   51361     52087        29
   51460     52186        20
   51510     52236        24
   51586     52312        44
   51646     52372        59
   51706     52432        23
   51730     52456        35
   51809     52535        25
   51994     52743        26
   52068     52817        22
   52135     52884        44
   52237     52986        38
   52294     53043        20
   52330     53079        20
   52354     53103        44
   52516     53265        29
   52546     53295        46
   52680     53439        34
   52755     53514        89
   52845     53604        20
   52866     53625        41
   52920     53679        20
   52971     53730        23
   52995     53754        34
   53377     54660        49
   53427     54710        22
   53457     54740        55
   53628     54928        25
   53654     54954        27
   53757     55057        43
   53813     55113        29
   53885     55183        27
   53955     55258        20
   54001     55304        22
   54206     55537        90
   54522     55888        27
   54602     55968        32
   54635     56001        23
   54672     56038        47
   54723     56089        47
   54771     56137        26
   54801     56167        32
   54834     56200        23
   54867     56233        25
   54893     56259        21
   54935     56301        41
   54977     56343        25
   55007     56373        38
   55139     56505        50
   55217     56583        26
   55295     56661        23
   55319     56685        26
   55385     56751        35
   55430     56796        65
   55496     56862        32
   55529     56895        32
   55562     56928        65
   55628     56994        20
   55649     57015        23
   55718     57084        29
   55763     57129        23
   55820     57186        29
   55910     57276        44
   55988     57354        38
   56089     57455        31
   56138     57504        26
   56165     57531        29
   56246     57612        23
   56451     57812        29
   56806     58203        34
   56940     58509        42
   57072     58623        20
   57093     58644        33
   57127     58678        58
   57189     58740        23
   57221     58772        24
   57282     58833        23
   57306     58857        26
   57354     58905        30
   57438     58989        95
   57597     59148        32
   57639     59190        32
   57687     59238        20
   57717     59268        26
   57744     59295        23
   57784     59335        21
   57811     59362        70
   57909     59460        20
   57954     59505        38
   57993     59544        20
   58023     59574        56
   58080     59631        20
   58119     59670        20
   58152     59703        23
   58209     59760        26
   58266     59817        30
   58338     59889        41
   58467     60018        41
   58538     60158        20
   58584     60199        51
   58769     60368        30
   59081     60805        20
   59405     61128        21
   59579     61308        25
   59819     61539        20
   59831     61557        20
   59875     61601        23
   59899     61625        22
   59946     61672        20
   59989     61715        23
   60048     61774        24
   60124     61850        29
   60256     61982        23
   60280     62006        23
   60304     62030        29
   60355     62081        20
   60385     62111        32
   60433     62159        29
   60537     62263        25
   60611     62337        20
   61153     62932        23
   61394     63138        56
   61898     63628        20
   61960     63690        29
   62038     63768        26
   62095     63825        20
   62132     63862        21
   62167     63897        26
   62224     63954        20
   62294     64024        28
   62354     64084        28
   62392     64122        20
   62527     64265        22
   62764     64511        26
   63034     64815        20
   63316     65130        24
   63349     65164        20
   63387     65202        35
   63423     65238        21
   63494     65309        23
   63712     65521        23
   63801     65610        20
   63867     65676        21
   63918     65727        26
   63948     65757        38
   64005     65814        20
   64026     65835        20
   64253     66057        71
   64326     66130        34
   64418     66222        20
   64439     66243        35
   64508     66312        26
   64542     66346        20
   64563     66367        25
   64589     66393        20
   64670     66474        34
   64721     66525        20
   64757     66561        35
   64865     66669        23
   64929     66733        25
   65018     66822        26
   65111     66915        23
   65192     66996        26
   65232     67036        21
   65683     67501        22
   66309     68195        42
   66377     68263        36
   66452     68338        27
   66535     68431       134
   66672     68572       131
   66820     68720        26
   66847     68747        45
   66908     68808        20
   66965     68865        23
   66989     68889        73
   67063     68963        20
   67091     68982        24
   67145     69036        29
   67183     69074        59
   67259     69152        23
   68242     69704        24
   68291     69749        40
   68350     69808        48
   68430     69888        20
   68622     70075        37
   68666     70119        35
   68702     70155        53
   68869     70369        28
   68898     70398        50
   69097     70605        90
   69674     71157        20
   69741     71228        22
   70152     71663        21
   70174     71685        20
   70323     71834        23
   70541     72219        21
   70599     72277        89
   70725     72403        44
   70770     72448        20
   70826     72504        28
   71023     72637        28
   71227     72846        22
   71308     72927        40
   71351     72970        38
   71390     73009        22
   71451     73070        21
   71502     73115        22
   71531     73137        25
   71715     73337        43
   71806     73419        28
   71977     73591        28
   72019     73633        32
   72069     73682        33
   72236     73832        32
   72293     73889        20
   72328     73924        30
   72540     74196        62
   72607     74263        33
   72658     74314        26
   72697     74353        26
   72724     74380        30
   72852     74514        22
   72991     74671        22
   73040     74700        28
   73265     75003        32
   73332     75076        39
   73373     75117        28
   73402     75146        20
   73423     75167        35
   73483     75227        40
   73528     75272        54
   73588     75332        42
   73704     75447        20
   73883     75663        37
   73934     75726        24
   74404     76245        23
   74465     76306        27
   74931     76737        38
   75090     76896        23
   75132     76938        47
   75198     77004        35
   75246     77052        41
   75288     77094        29
   75321     77127        32
   75354     77160        26
   75423     77229        23
   75489     77295        35
   75525     77331        35
   75636     77442        20
   75666     77472        65
   75750     77556        20
   75814     77620        70
   75966     77772        23
   75990     77796        50
   76104     77910        41
   76146     77952        20
   76179     77985        86
   76335     78141        44
   76389     78195        47
   76437     78243        31
   76616     78417        25
   76657     78458        23
   76681     78482        51
   76821     78627        22
   76869     78675        45
   76928     78734        33
   77005     78811        22
   77069     78877        36
   77111     78919        29
   77147     78955        23
   77171     78979        32
   77205     79013        31
   77244     79052        25
   77387     79199        47
   77435     79247        20
   77809     79641        35
   77876     79723        21
   78040     79891        27
   78200     80052        41
   78273     80125        28
   78320     80172        26
   78347     80199       101
   78545     80397        23
   78644     80496        23
   78677     80529        32
   78710     80562        29
   78791     80643        28
   78955     80822        29
   78985     80852        27
   79013     80880        21
   79078     80941        21
   79108     80971        61
   79193     81056        29
   79356     81224        26
   79691     81567        32
   79781     81657        20
   79853     81729        32
   80033     81909        53
   80096     81972        38
   80162     82038        26
   80201     82077        36
   80302     82174        23
   80475     82296        21
   80500     82321        20
   80624     82445        23
   80764     82591        23
   80815     82642        29
   80902     82729        47
   81006     82833        21
   81088     82915        20
   81171     82998        24
   81235     83062        20
   81279     83106        25
   81348     83175        21
   81428     83261        32
   81513     83351        62
   81580     83418        40
   81687     83525        38
   81819     83657        29
   81962     83793        25
   82040     83906        25
   82113     83979        26
   82471     84308        26
   82656     84502        23
   82698     84544        22
   82750     84596        28
   82899     84742        22
   82986     84829        34
   83262     85069        20
   83303     85110        33
   83400     85207        20
   83466     85273        44
   83525     85332        21
   83562     85369        20
   83746     85572        20
   83847     85673        33
   83896     85722        32
   83968     85794        20
   83989     85815        33
   84061     85887        26
   84094     85920        27
   84126     85955        24
   84156     85985        32
   84459     86316        24
   84574     86443        22
   84970     86914        32
   85124     87064        29
   85271     87242        26
   85415     87386        22
   85463     87434        29
   85514     87485        23
   85580     87551        23
   85717     87688        22
   85873     87844        49
   86080     88075        22
   86181     88176        23
   86212     88207        37
   86253     88248        33
   86324     88319        28
   86530     88573        26
   86668     88711        29
   86776     88817        74
   86856     88897        21
   86878     88919        82
   86962     89003        50
   87013     89054        80
   87146     89187        76
   87218     89263        78
   87348     89412        23
   87379     89443       118
   87498     89562        31
   87530     89594       103
   87643     89707       160
   87804     89868        27
   87832     89896       197
   88070     90134        40
   88111     90175        75
   88187     90251        22
   88250     90314        39
   88290     90354        49
   88394     90458       111
   88506     90570        27
   88539     90603        45
   88585     90649        71
   88660     90724       328
   89009     91073        34
   89044     91108        81
   89131     91195        37
   89169     91233        32
   89202     91266        57
   89263     91327        74
   89348     91412        45
   89411     91475        90
   89502     91566        58
   89566     91630        40
   89646     91710        22
   89669     91733        21
   89691     91755        54
   89746     91810        32
   89779     91843        24
   89824     91888        68
   89893     91957        24
   89918     91982        34
   89974     92038        52
   90027     92091        28
   90057     92121        35
   90097     92161       116
   90214     92278        23
   90241     92305        52
   90300     92364        75
   90376     92440        29
   90415     92479        33
   90458     92522        23
   90485     14130        20
   90499     92563        97
   90606     92664        68
   90685     92743        96
   90782     92840       102
   90885     92943        27
   90913     92971        25
   90939     92997        33
   90973     93031        20
   90994     93052        45
   91040     93098        74
   91106    155815        24
   91122     93180        54
   91177     93235        98
   91285     93343        27
   91313     93371        46
   91360     93418       120
   91481     93539        24
   91532     93590        34
   91567     93625        29
   91604     93662        34
   91639     93697        52
   91750     93808        24
   91775     93833        46
   91872     93930        36
   91909     93967        76
   91986     94044       102
   92110     94168        22
   92133     94191        21
   92164     94228        21
   92191     94255        25
   92217     94281        24
   92266     94330        23
   92290     94354        85
   92391     94455        41
   92433     94497        46
   92480     94544        44
   92526     94590        30
   92576     94640       186
   92763     94827        55
   92819     94883        31
   92862     94932        29
   92892     94962        78
   92976     95046        53
   93031     95101        46
   93078     95148        52
   93131     95201        30
   93180     95250        60
   93251     95321        48
   93300     95370        72
   93397     95467        42
   93440     95510       107
   93554     95624        20
   93575     95645        82
   93666     95736        36
   93703     95773        29
   93741     95811        25
   93772     95842        54
   93838     95908        29
   93868     95938        31
   93900     95970        27
   94021     96073        24
   94064     96122        56
   94132     96190        54
   94187     96245        32
   94230     96288        72
   94336     96394       120
   94457     96515        82
   94558     96616        26
   94585     96643        64
   94650     96708        28
   94688     96746        67
   94756     96814        74
   94846     96904        35
   94883     96941        47
   94931     96989        38
   94970     97028        24
   95073     97131        44
   95122     97186        53
   95176     97240        32
   95221     97285        24
   95249     97313        35
   95285     97349        27
   95313     97377        31
   95345     97409        29
   95375     97439        28
   95410     97474        53
   95473     97537        69
   95543     97607        40
   95591     97655        41
   95655     97719        30
   95704     97768        77
   95875     97949        31
   95907     97981       109
   96042     98421        20
   96094     98473        25
   96164     98543        49
   96264     98656        30
   96323     98714        29
   96361     98752        31
   96464     98786       172
   96651     98973        49
   96740     99084        26
   96761     99109        21
   96842     99200        24
   96863     99229        47
   96911     99277        27
   96938     99306        36
   96975     99343        36
   97046     99414        38
   97118     99503       117
   97236     99621        22
   97259     99644        75
   97351     99736        45
   97397     99782        42
   97455     99840        29
   97485     99870       119
   97615    100000       106
   97722    100107        93
   97821    100206       121
   97943    100328        22
   97987    100375        33
   98044    100432        62
   98106    100495        98
   98205    100594        36
   98242    100631       143
   98391    100780        41
   98451    100840       171
   98632    101021       156
   98789    101178       151
   98952    101341        23
   98976    101365        90
   99067    101456       158
   99226    101615       125
   99355    101745        30
   99413    101804        42
   99456    101847        56
   99521    101912        63
   99585    101976        35
   99650    102039        74
   99725    102114        81
   99807    102196        73
   99881    102270       103
   99985    102374        66
  100108    102497        26
  100149    102538        26
  100192    102581        79
  100294    102683        51
  100356    102745       106
  100500    102889       404
  100905    103294       167
  101073    103462        28
  101133    103530        40
  101233    103623       113
  101347    103737        29
  101435    103841        22
  101470    103876        57
  101559    103964        25
  101586    103991        24
  101684    104090        73
  101758    104164        20
  101809    104216        20
  101830    104237        48
  101879    104286        24
  101920    104391        21
  101921    104412        31
  101953    104444        22
  101996    104498        36
  102033    104535        81
  102177    104679        32
  102210    104712        47
  102297    104799        25
  102359    104866        26
  102386    104893        59
  102483    104990        22
  102526    105024        22
  102558    105056        32
  102598    105096        20
  102619    105118        38
  102725    105224        31
  102767    105269        32
  102812    105314       100
  102938    105439        38
  102977    105478        31
  103009    105510        25
  103035    105536        31
  103069    105570        40
  103110    105611       550
  103661    106162       531
  104193    106694        20
  104214    106715        89
  104304    106805       353
  104701    107202        36
  104738    107239        44
  104827    107326        55
  104898    107398       152
  105051    107551        32
  105084    107584        57
  105202    107701        75
  105275    107777        21
  105297    107799        28
  105326    107828        53
  105371    107872        28
  105400    107901        26
  105428    107929        26
  105455    107956        66
  105531    108034        47
  105579    108082        44
  105622    108119        39
  105728    108235        23
  105752    108259        35
  105788    108295        61
  105850    108357        82
  105933    108440        57
  105986    108492        64
  106051    108557       138
  106205    108711        54
  106286    108791       110
  106397    108902        46
  106456    108961        21
  106497    108997        71
  106652    109148        38
  106697    109189       114
  106812    109303        24
  106837    109328        53
  106931    109426        50
  106976    109476        35
  107019    109541       101
  107121    109643        98
  107220    109742        91
  107312    109834        28
  107364    109886        53
  107418    109940       106
  107525    110047        55
  107581    110103       401
  107983    110505       242
  108226    110748        24
  108279    110802        70
  108350    110873       163
  108525    111048        39
  108565    111088        49
  108615    111138       467
  109083    111606        30
  109114    111637        26
  109141    111664        22
  109178    111701       695
  109907    112430       201
  110085    112640        48
  110160    112719        33
  110202    112761        23
  110231    112796        51
  110283    112848        57
  110354    112919        39
  110394    112959        31
  110426    113002        35
  110473    113049        43
  110535    113100        54
  110601    113166        22
  110624    113189        87
  110712    113277        53
  110893    113469        81
  111001    113582        30
  111062    113650        29
  111110    113699        26
  111134    113725        87
  111269    135119        20
  111302    113903        25
  111328    113929        25
  111354    113955        75
  111451    114052        25
  111477    114078        59
  111623    114234        28
  113040    114752        36
  113272    114978        30
  113409    115115        20
  113689    115362        38
  113797    115470        38
  114033    115706        21
  114079    115752        23
  114220    115893        20
  114289    115962        32
  114454    116127        20
  114475    116148        23
  114505    116178        29
  114595    116268        33
  114629    116302        22
  114664    116337        34
  114738    116411        20
  114827    116500        21
  114861    116534        20
  114926    116599        22
  115731    117973        29
  115787    118029        25
  115855    118097        20
  116832    119289        56
  117033    119506        28
  117094    119570        30
  117131    119607        24
  117395    119880        23
  117422    119907        38
  117461    119946        23
  117557    120033        20
  117731    120207        20
  117860    120330        20
  117912    120382        27
  118183    120701        31
  118300    120819        26
  118406    120925        37
  118444    120963        28
  118475    120994        28
  118534    121053        23
  118636    121155        44
  118738    121257        38
  118786    121305        20
  118894    121413        26
  118954    121473        26
  119008    121527        20
  119029    121548        22
  119101    121620        37
  119191    121710        23
  119215    121734        20
  119275    121794        20
  119296    121815        38
  119440    121959        23
  119670    122189        53
  119827    122346        22
  119853    122372        32
  119886    122405        20
  119955    122474        23
  119982    122501        20
  120015    122534        26
  120042    122561        35
  120341    122873        23
  120382    122914        42
  120453    122985        40
  120502    123034        24
  120536    123068        61
  120878    123413        28
  120908    123443        20
  120944    123479        32
  121131    123666        24
  121252    123787        25
  121794    124361        23
  121818    124385        29
  121854    124421        29
  121887    124454        53
  121974    124541        23
  122022    124589        32
  122055    124622        47
  122244    124811        37
  122304    124871        22
  122390    124945        25
  122512    125067        39
  122632    125187        26
  122683    125238        41
  122755    125310        29
  122797    125352        29
  122830    125385        44
  122875    125430        36
  123629    126181        23
  123827    126411        20
  124022    126569        20
  124061    126608        35
  124130    126677        25
  124268    126815        20
  124382    126929        20
  124403    126950        29
  124433    126980        20
  124457    127004        23
  124557    127104        35
  124605    127152        23
  124629    127176        22
  124779    127326        26
  124806    127353        20
  124851    127398        23
  124941    127488        23
  125070    127617        23
  125146    127693        23
  125250    127797        25
  125276    127823        24
  125349    127896        35
  125387    127934        45
  125526    128073        38
  125649    128196        32
  125936    128489        44
  125981    128534        23
  126555    129113        47
  126771    129329        22
  127146    129689        20
  127575    130124        25
  127618    130167        21
  127731    130271        23
  127996    130533        29
  128480    131068        24
  128614      4866        20
  128649    131252        25
  129504    132119        20
  129525    132140        21
  129559    132174        28
  129630    132245        26
  130208    132820        24
  130245    132857        27
  130907    133495        27
  131080    133671        27
  131370    133982        32
  131469    134081        26
  131562    134174        44
  131607    134219        23
  131631    134243        58
  131724    134336        25
  131771    134383        36
  131808    134420        30
  131874    134486        20
  131926    134538        33
  132002    134614        32
  132134    134741        28
  132249    134866        59
  132309    134926        25
  132356    134973        75
  132432    135049        25
  132458    135075        25
  132496    113864        20
  132564    135191        87
  132649    135278        26
  132694    135324        29
  132754    135391        30
  132811    135453        81
  133020    135673        53
  133074    135727        87
  133162    135815        22
  133196    135849        54
  133269    135911        43
  133324    135966        35
  133360    136013        31
  133392    136045        39
  133445    136098        57
  133503    136156        51
  133560    136219        23
  133592    136251        33
  133652    136315        48
  133677    136372       201
  133912    136607       695
  134622    137317        22
  134645    137340        26
  134672    137367        30
  134703    137398       467
  135171    137866        49
  135221    137916        39
  135272    137967       163
  135436    138131        70
  135535    138231        24
  135560    138256       242
  135803    138499       401
  136205    138901        55
  136261    138957       106
  136368    139064        53
  136445    139141        26
  136474    139170        91
  136566    139262        98
  136665    139361       101
  136774    139492        35
  136804    139527        50
  136895    139622        53
  136949    139676        24
  136974    139700       114
  137095    139817        38
  137217    139935        71
  137308    140021        21
  137342    140055        46
  137389    140102       110
  137526    140238        54
  137596    140308       138
  137735    140447        64
  137795    140506        57
  137853    140564        82
  137936    140647        61
  137998    140709        35
  138034    140745        23
  138124    140845        39
  138162    140877        44
  138207    140922        47
  138264    140981        66
  138331    141048        26
  138359    141076        26
  138386    141103        28
  138406    141122        53
  138460    141176        28
  138489    141205        21
  138508    141227        75
  138644    141362        57
  138702    141420        32
  138735    141453       152
  138903    141622        55
  139003    141720        44
  139048    141765        36
  139128    141845       353
  139482    142199        89
  139572    142289        20
  139593    142310       531
  140125    142842       550
  140676    143393        40
  140719    143436        31
  140751    143468        25
  140777    143494        31
  140809    143526        38
  140873    143589       100
  140986    143702        32
  141029    143748        31
  141128    143847        38
  141167    143887        20
  141195    143915        32
  141237    143957        22
  141280    143991        22
  141340    144051        59
  141400    144111        26
  141463    144179        25
  141528    144244        47
  141576    144292        32
  141671    144387        81
  141753    144469        36
  141810    144537        22
  141833    144560        31
  141844    144591        21
  141882    144693        24
  141907    144718        48
  141956    144767        20
  142007    144819        20
  142028    144840        73
  142175    144988        24
  142201    145014        25
  142258    145070        57
  142328    145140        22
  142409    145237        29
  142439    145267       113
  142612    145433        40
  142684    145513        28
  142713    145542       167
  142881    145710       404
  143323    146152       106
  143440    146269        51
  143514    146343        79
  143610    146439        26
  143651    146480        26
  143734    146563        66
  143801    146630       103
  143905    146734        73
  143979    146808        81
  144061    146890        74
  144165    146992        35
  144201    147028        63
  144273    147100        56
  144330    147157        42
  144400    147228        30
  144434    147263       125
  144560    147389       158
  144719    147548        90
  144810    147639        23
  144845    147674       151
  144997    147826       156
  145163    147992       171
  145353    148182        41
  145400    148229       143
  145544    148373        36
  145581    148410        98
  145679    148509        62
  145765    148595        33
  145820    148653        22
  145843    148676       121
  145970    148803        93
  146064    148897       106
  146181    149014       119
  146301    149134        29
  146346    149179        42
  146389    149222        45
  146451    149284        75
  146527    149360        22
  146550    149383       117
  146701    149551        38
  146774    149624        36
  146811    149661        36
  146847    149699        27
  146875    149727        47
  146919    149779        24
  147003    149873        21
  147019    149893        26
  147085    149981        49
  147149    150045       172
  147393    150220        31
  147433    150260        29
  147491    150317        30
  147572    150411        49
  147666    150505        25
  147723    150562        20
  147769    150913       109
  147879    151023        31
  148004    151158        77
  148100    151254        30
  148153    151307        41
  148202    151356        40
  148243    151397        69
  148322    151476        53
  148382    151536        28
  148411    151565        29
  148441    151595        31
  148473    151627        27
  148501    151655        35
  148540    151694        24
  148577    151731        32
  148610    151764        53
  148668    151828        44
  148791    151951        24
  148816    151976        38
  148855    152015        47
  148904    152064        35
  148955    152115        74
  149030    152190        67
  149107    152267        28
  149136    152296        64
  149201    152361        26
  149246    152406        82
  149329    152489       120
  149483    152643        72
  149566    152726        32
  149599    152759        54
  149665    152825        56
  149740    152906        24
  149805    152953        52
  149858    153006        27
  149886    153034        31
  149918    153066        29
  149959    153107        54
  150019    153167        25
  150053    153201        29
  150083    153231        36
  150128    153276        82
  150211    153359        20
  150238    153386       107
  150346    153494        42
  150413    153561        72
  150486    153634        48
  150545    153693        60
  150624    153772        30
  150655    153803        52
  150708    153856        46
  150756    153904        53
  150815    153963        78
  150894    154042        29
  150935    154089        31
  150967    154121        55
  151023    154177       186
  151229    154383        30
  151261    154415        44
  151306    154460        46
  151353    154507        41
  151410    154564        85
  151496    154650        23
  151544    154698        24
  151569    154723        25
  151600    154754        21
  151631    154791        21
  151653    154813        22
  151697    154857       102
  151800    154960        76
  151877    155037        36
  151964    155124        46
  152011    155171        24
  152094    155254        52
  152147    155307        34
  152189    155349        29
  152219    155379        34
  152280    155440        24
  152305    155465       120
  152426    155586        46
  152473    155633        27
  152510    155670        98
  152609    155769        54
  152655     93164        24
  152671    155831        74
  152746    155906        45
  152792    155952        20
  152813    155973        33
  152847    156007        25
  152873    156033        27
  152901    156061       102
  153004    156164        96
  153111    156271        68
  153189    156343        97
  153304    156458        23
  153337    156491        33
  153380    156534        29
  153410    156564        75
  153492    156646        52
  153548    156702        23
  153572    156726       116
  153693    156847        35
  153730    156884        28
  153759    156913        52
  153833    156987        34
  153868    157022        24
  153893    157047        68
  153982    157136        24
  154007    157161        32
  154040    157194        54
  154095    157249        21
  154117    157271        22
  154179    157333        40
  154225    157379        58
  154284    157438        90
  154392    157546        45
  154448    157602        74
  154526    157680        57
  154584    157738        32
  154617    157771        37
  154660    157814        81
  154742    157896        34
  154797    157951       328
  155129    158283        71
  155201    158355        45
  155252    158406        27
  155280    158434       111
  155446    158600        49
  155496    158650        39
  155576    158730        22
  155599    158753        75
  155675    158829        40
  155756    158910       197
  155954    159108        27
  155982    159136       160
  156152    159306       103
  156256    159410        31
  156288    159442       118
  156414    159568        23
  156489    159662        78
  156563    159740        76
  156692    159869        80
  156773    159950        50
  156825    160002        82
  156908    160085        21
  156935    160112        74
