> gi|630056833|gb|KJ477692.1|
      29       146        26
      57       173        25
     508       543        41
     562       597        41
     607       642       110
     718       753        26
     772       807        47
     826       861        35
     889       924        23
     924       959        45
     997      1032        50
    1078      1113        23
    1102      1137        23
    1126      1161        26
    1153      1188        29
    1237      1272        20
    1258      1293        26
    1288      1323        26
    1372      1407        23
    1401      1436        54
    1456      1491        74
    1599      1625        31
    1733      1779        59
    1844      1889        27
    2240      2284        21
    2334      2378        44
    2712      2756        25
    2804      2848        20
    2853      2897        22
    2984      3028        20
    3160      3204        27
    3223      3291        20
    3372      3440        39
    3435      3503        57
    3755      3829        23
    4140      4220        25
    4176      4256        23
    4233      4313        26
    4260      4340        42
    5207      5140        26
    5234      5167        54
    6151      5228        22
    6226      5297        21
    8006      7272        23
    8061      7330        21
    8123      7393        24
    8197      7466        45
    8287      7556        29
    8318      7587        26
    8407      7676        22
    8691      8024        29
    8777      8112        40
    8830      8165        23
    8878      8213        20
    9041      8372        33
    9075      8406        29
    9171      8510        21
    9796      9233        32
   10099      9535        21
   10254      9692        22
   10303      9741        45
   10426      9863        54
   10505      9948        73
   10818     10197        26
   10845     10224        49
   11164     10523        25
   11217     10576        20
   11284     10643        22
   11403     10762        20
   11490     10849        20
   11517     10876        47
   11565     10924        39
   11637     10996        38
   11685     11044        47
   11769     11128        20
   11817     11176        22
   11913     11272        47
   12097     11456        46
   12158     11517        39
   12210     11569        20
   12284     11643        35
   12320     11679        54
   12390     11749        23
   12496     11855        21
   12520     11879        22
   12561     11920        21
   12578     11944        29
   12630     11996        22
   12678     12044        27
   12971     12337        20
   13042     12408        56
   13205     12592        34
   13455     12856        22
   13497     12898        21
   13684     13083        32
   13717     13116        23
   13747     13146        44
   13792     13191        27
   13852     13251        35
   14231     13682        38
   14279     13730        29
   14318     13769        53
   14372     13823        53
   14432     13883        47
   15416     14905        29
   29075     56424        33
   29117     56466        20
   29185     56486        21
   29743     57157        24
   29784     57198        25
   29845     57253        87
   29943     57351        28
   31038     57878        29
   31082     57922        73
   31250     58080        23
   31729    116570        21
   44512    155252        26
   44539    155279        20
   44560    155300        30
   45616    142899        27
   47245     44645        34
   47280     44680        27
   47308     44708        44
   47414     44815        20
   47639     45053        30
   47858     45278        29
   47891     45311        32
   47941     45361        21
   48027     45447        22
   48050     45470        49
   48284     45700        24
   48309     45725        24
   53389     59618        45
   53461     59690        21
   53495     59723        37
   53617     59841        20
   53733     59957        20
   53896     60120        36
   53965     60189        28
   53994     60218        39
   54232     60486        58
   54537     50914        22
   54598     50975        43
   54661     51038        23
   54730     51107        32
   54763     51140        44
   54868     51245        28
   54897     51274        38
   54962     51339        32
   55077     51454        20
   55116     51493        29
   55172     51549        33
   55275     51652        23
   55338     51715        26
   55365     51742        56
   55436     51813        29
   55488     51865        20
   55557     51934        20
   55595     51972        21
   55628     52005        51
   55688     52065        20
   55758     52135        23
   55782     52159        23
   55881     52258        38
   55935     52312        29
   55977     52354        20
   55998     52375        26
   56052     52429        44
   56109     52486        29
   56163     52540        32
   56196     52573        26
   56238     52615        40
   57061     53498        21
   57121     53558        35
   57319     53756        35
   57361     53798        21
   57420     53857        21
   57448     53885        65
   57610     54047        32
   57643     54080        20
   57694     54131        20
   57808     54245        38
   57847     54284        20
   57877     54314        35
   57958     54395        41
   58021     54458        54
   58087     54524        20
   58126     54563        47
   58213     54650        47
   58276     54713        38
   58387     54824        35
   58435     54872        35
   58576     55031        20
   66284     42602        55
   66340     42658        38
   66379     42697        26
   66416     42734        22
   66442     42760        28
   71574    153677        38
   71714    153799        33
   71748    153833        25
   71819    153904        22
   71878    153964        20
   71907    153993        38
   72056    154128        32
   72213    154216        35
   72333    154336        22
   72704    155593        30
   72926    155810        23
   73090    156017        39
   73146    156072        25
   73253    156182        33
   73321    156251        25
   74174    157073        23
   74382    157281        27
   74508    157646        23
   74615    157716        21
   74926    158039        30
   75044    158157        23
   75077    158190        41
   75119    158232        22
   75195    158308        25
   88276     59573        25
   88700     60714        62
   89120     98005        24
   90152     98236        20
   90412     98469        26
   91872     99476        27
   91970     99574        31
   92283     99917        29
   92329     99963        32
   93321    101921        24
   93613    102210        22
   94136    102844        25
   94464    103175        34
   94548    103259        27
   94886    103597        35
   94954    103665        20
   94988    103699        30
   95210    103924        28
   95648    104542        26
   95727    104621        24
   95970    104700        25
   96251    104909        21
   96283    104950        20
   96346    105019        23
   96423    105085        25
   96466    105130        20
   96506    105170        62
   96573    105237        41
  101928     15090        48
  102883    105608        21
  102908    105633        40
  102952    105677        53
  103032    105757        68
  103101    105826       104
  103206    105931        40
  103248    105972        61
  103352    106078        64
  103442    106168        25
  103505    106230        80
  103586    106311        65
  103652    106377       101
  103754    106479        20
  103775    106500        23
  103799    106524        24
  103835    106561        21
  103859    106584        32
  103903    106627       157
  104061    106785       121
  104191    106909       103
  104336    107054        71
  104408    107126        27
  104436    107154        30
  104488    107206        37
  104526    107244        50
  104586    107304        35
  104649    107367        22
  104707    107429        37
  104746    107468        27
  104775    107497        21
  104814    107534        35
  104874    107595        34
  104906    107628        83
  104990    107712        84
  105075    107797        43
  105119    107841        47
  105175    107896        93
  105266    107990       103
  105386    108108        32
  105456    108178        21
  105478    108200        35
  105514    108236        55
  105570    108292        23
  105621    108340        72
  105722    108423        20
  105751    108451        25
  105779    108479        61
  105841    108541        92
  105925    108633        32
  105958    108666       128
  106087    108795        88
  106172    108889        82
  106277    108994        65
  106343    109060        35
  106379    109096        37
  106425    109142        43
  106485    109197        72
  106605    109317        37
  106643    109355        30
  106697    109408        62
  106763    109474       126
  106918    109629        20
  106939    109650        25
  106965    109676        34
  107010    109717        95
  107113    109820        24
  107147    109854        24
  107172    109879       213
  107386    110093        22
  107409    110116       105
  107517    110224        52
  107572    110279        66
  107647    110354        86
  107741    110448       170
  107912    110619       166
  108079    110786       172
  108274    110981        42
  108317    111024       108
  108427    111134        66
  108505    111213        31
  108528    111242        47
  108576    111336        21
  108906    111747        85
  108992    111833       112
  109105    111946        49
  109169    112010        71
  109241    112082        97
  109348    112189        39
  109388    112229       178
  109567    112408       115
  109683    112524        54
  109738    112579        84
  109922    112741        34
  109957    112776        56
  110014    112833        42
  110057    112876        71
  110123    112938        22
  110146    112961        46
  110219    113024        29
  110252    113057        57
  110310    113115        66
  110432    113287        28
  110571    113421       113
  110755    113588        29
  111268    113759        21
  111290    113781        74
  111371    113862        45
  113196    132410        21
  113351    132553        22
  113402    132604        22
  113815    133017        38
  113965    133167        20
  114100    133302        29
  114447    133649        21
  114499    133701        29
  114624    133826        21
  114658    133860        26
  114700    133902        38
  114747    133949        27
  115719    135930        31
  115752    135963        22
  116752    136657        21
  116822    136722        32
  117025    136937        22
  117373    137282        30
  117656    137553        22
  117679    137576        41
  117901    137798        21
  118353    138283        20
  118407    138337        20
  118548    138478        20
  118721    138651        20
  118745    138675        21
  118776    138706        21
  118808    138738        27
  118871    138801        30
  118920    138850        23
  119016    138946        29
  119253    139183        32
  119433    139363        24
  119520    139450        24
  119663    139593        45
  119815    139732        27
  119843    139760        26
  119921    139838        23
  119969    139886        35
  120053    139970        21
  120443    140412        22
  120526    140495        20
  120560    140529        47
  120626    140595        20
  120748    140712        23
  120871    140830        26
  120910    140869        23
  121099    141058        21
  121171    141130        25
  121303    141262        55
  121844    141804        22
  121880    141840        26
  121907    141867        23
  121943    141903        20
  121964    141924        20
  122006    141966        23
  122063    142023        38
  122138    142098        35
  122247    142207        24
  122379    142327        86
  122466    142414        25
  122492    142440        24
  122517    142465        25
  122619    142567        49
  122715    142663        65
  122811    142759        40
  122859    142807        25
  123049    142997        21
  123371    143240        20
  123774    143669        33
  123850    143743        23
  123965    143857        37
  124006    143898        71
  124123    144015        40
  124200    144092        21
  124247    144139        21
  124294    144186        32
  124339    144231        26
  124366    144258        26
  124393    144285        30
  124443    144335        20
  124465    144357        48
  124533    144425        31
  124577    144469        35
  124613    144505        22
  124646    144538        34
  124681    144573        36
  124738    144630        51
  124835    144727        20
  124918    144810        33
  124952    144844        26
  124997    144889        35
  125033    144925        20
  125057    144949        23
  125163    145055        22
  125186    145078        28
  125244    145136        82
  125336    145228        20
  125423    145315        20
  125483    145375        80
  125564    145456        43
  125608    145500        57
  125666    145558        39
  125725    145617        28
  125931    145882        26
  126522    146988        47
  126725    147203        22
  126765    147243        20
  128271    148656        23
  128377    148762        25
  130201    151252        20
  132335    158337        45
  132387    158389        74
  132462    158464        21
  132967    158627        29
  133067    158710       113
  133291    158929        28
  133375    159063        66
  133442    159130        57
  133503    159191        29
  133559    159237        46
  133606    159284        22
  133623    159297        71
  133695    159369        42
  133738    159412        56
  133795    159469        34
  133929    159581        84
  134014    159666        54
  134069    159721       115
  134185    159837       178
  134364    160016        39
  134413    160065        97
  134511    160163        71
  134597    160249        49
  134647    160299       112
  134760    160412        85
  135154    160887        21
  135176    160955        47
  135215    161000        31
  135258    161044        66
  135326    161112       108
  135435    161221        42
  135500    161286       172
  135673    161459       166
  135840    161626       170
  136018    161804        86
  136113    161899        66
  136182    161968        52
  136237    162023       105
  136343    162129        22
  136366    162152       213
  136580    162366        24
  136614    162400        24
  136646    162432        95
  136752    162534        34
  136787    162569        25
  136813    162595        20
  136862    162644       126
  136992    162774        62
  137078    162859        30
  137109    162890        37
  137194    162975        72
  137283    163059        43
  137335    163111        37
  137373    163149        35
  137409    163185        65
  137497    163273        82
  137576    163361        88
  137665    163450       128
  137794    163579        32
  137818    163611        92
  137911    163704        61
  137975    163768        25
  138009    163801        20
  138058    163832        72
  138158    163929        23
  138182    163953        55
  138238    164009        35
  138274    164045        21
  138333    164104        32
  138382    164151       103
  138483    164255        93
  138585    164356        47
  138633    164404        43
  138677    164448        84
  138762    164533        83
  138843    164615        34
  138902    164675        35
  138955    164726        21
  138978    164749        27
  139007    164778        37
  139080    164855        22
  139130    164905        35
  139175    164950        50
  139226    165001        37
  139285    165060        30
  139316    165091        27
  139344    165119        71
  139457    165232       103
  139569    165338       121
  139691    165460       157
  139860    165628        32
  139895    165662        21
  139928    165696        24
  139953    165721        23
  139977    165745        20
  139998    165766       101
  140100    165868        65
  140166    165934        80
  140284    166051        25
  140335    166102        64
  140442    166211        61
  140505    166273        40
  140546    166314       104
  140651    166419        68
  140746    166514        53
  140803    166571        40
  140847    166615        21
  141836     90192        20
  141954     90306        21
  142006     90358        23
  142030     90382        46
  142318     90661        20
  142428     90737        22
  142483     90792        50
  142587     90890        25
  142704     90954        59
  142776     91027        21
  142814     91065        58
  142897     91148        33
  142931     91182        58
  142993     91244       189
  143255     91501        29
  143280     91525        79
  143360     91605        54
  143415     91660        22
  143438     91683        28
  143483     91744        51
  143535     91796        77
  143716     91977        41
  143959     92220        27
  144050     92311        32
  144248     92414        30
  144406     92555        39
  144491     92640        31
  144544     92693        28
  144616     92765        38
  144655     92804        62
  144734     92883        40
  144785     92934       179
  144965     93114        67
  145041     93190        96
  145138     93287        62
  145244     93393        57
  145307     93456        20
  145328     93477        31
  145393     93535        28
  145565     93706        41
  145654     93796        56
  145728     93870        21
  145795     93937        88
  145884     94026        76
  145961     94103        24
  145986     94128        32
  146039     94181        41
  146081     94223        30
  146112     94254        83
  146196     94338        22
  146219     94361        56
  146279     94421        32
  146312     94454        74
  146394     94536        21
  146555     94697        60
  146616     94758        28
  146659     94801        34
  146765     94914        20
  147137    166966        41
  147183    167012        62
  147265    167094        20
  147303    167134        25
  147382    167202        23
  147798     52914        24
  155427     77728        34
  155446     15169        34
  155482     15205        25
  155609     15311        22
  155632     15334        44
  155713     15415        37
  155751     15453        76
  155828     15530       134
  155963     15665        27
  155991     15693        69
  156073     15775        44
  156152     15854        37
  156190     15892        40
  156227     15928        35
  156267     15968        81
  156349     16050        32
  156464     16160        85
  156580     16276        24
  156667     16363        47
  156715     16411        42
  156774     16470        42
  156822     16518        54
  156910     16606        31
  156972        41        25
