> gi|618626551|gb|KJ414482.1|
       1        36        28
      30        65        48
     504       556        56
     588       640        62
     698       750        78
     793       845        25
     819       871        38
     861       913        56
     999      1051        20
    1058      1110        42
    1101      1153        79
    1182      1234        35
    1245      1297        38
    1287      1339        35
    1323      1375        32
    1359      1411        41
    1401      1453        41
    1455      1507        67
    1544      1596        21
    1598      1651        32
    1755      1845        30
    1842      1957        34
    1977      2090        20
    2194      2304        23
    2218      2328        27
    3145      3270        29
    3591      3729        21
    3953      4108        20
    4179      4341        21
    4263      4425        42
    5214      5420        25
    7814      5885        30
    7845      5916        44
    8033      6109        29
    8309      6431        26
    8366      6488        23
    8461      6582        20
    8787      6988        31
    9053      7229        30
    9090      7266        23
    9114      7290        20
    9738      8219        22
    9812      8300        28
   10002      8490        20
   10112      8602        20
   10259      8783        24
   10439      8959        23
   10463      8983        42
   10513      9033        62
   10825      9841        26
   10852      9868        47
   11052     10245        26
   11111     10304        23
   11218     10411        21
   11249     10442        29
   11279     10472        23
   11315     10508        29
   11345     10538        26
   11450     10643        20
   11471     10664        32
   11519     10712        32
   11591     10784        21
   11622     10815        46
   11669     10862        23
   11693     10886        35
   11777     10970        22
   11800     10993        24
   11843     11036        20
   11936     11129        32
   12005     11198        20
   12050     11243        38
   12131     11324        44
   12203     11396        32
   12304     11497        39
   12356     11549        26
   12383     11576        25
   12425     11618        36
   12464     11657        32
   12512     11705        31
   12558      4927        21
   12566     11759        21
   12588     11787        32
   12768     11967        26
   12855     12054        20
   12939     12138        29
   12978     12177        23
   13036     12235        42
   13697     12972        29
   13776     13051        34
   14087     13477        20
   14228     13614        49
   14278     13664        32
   14318     13704        44
   14384     13770        20
   14405     13791        20
   14438     13824        31
   14510     13891        27
   14901     14333        23
   14926     14363        20
   15054     14933        21
   15192     15076        29
   15222     15106        32
   15255     15139        23
   15303     15187        35
   15378     15262        20
   15420     15304        20
   15566     15450        21
   15603     15487        20
   15684     15568        38
   15771     15655        21
   15834     15718        20
   15855     15739        22
   15896     15780        34
   16114     16001        20
   16154     16062        23
   16183     16091        30
   16226     16134        20
   16274     16182        29
   16306     16214        27
   16349     16257        20
   16467     16375        22
   16499     16407        35
   16541     16449        29
   16613     16521        31
   16646     16554        20
   16667     16575        34
   16702     16610        39
   17349     17298        23
   17376     17325        22
   17399     17348        24
   17424     17373        23
   17503     17452        22
   17546     17495        24
   17571     17520        20
   17598     17547        51
   17650     17599        29
   17680     17629        30
   17778     17727        26
   17805     17754        44
   18075     18042        22
   18129     18102        22
   18155     18128        26
   18411     18384        21
   18894     18855        23
   18996     18966        25
   19040     19010        21
   19309     19279        25
   19383     19353        35
   19436     19406        30
   19476     19446        38
   19881     19851        20
   19938     19914        32
   20027     20003        21
   20109     20085        26
   20145     20121        35
   20250     20226        29
   20292     20268        26
   20391     20367        24
   20451     20427        36
   20567     20543        21
   20595     20571        29
   20643     20619        38
   20682     20658        50
   20790     20766        38
   20843     20819        63
   20950     20926        34
   21006     20982        61
   21086     21062        41
   21165     21141        24
   21195     21171        30
   21257     21233        29
   21345     21321        21
   21432     21412        23
   21516     21496        20
   21537     21517        20
   21645     21625        37
   21869     21843        36
   21921     21895        29
   21966     21940        38
   22035     22009        37
   22090     22064        34
   22161     22135        26
   22188     22162        41
   22239     22213        20
   22272     22246        26
   22323     22297        28
   22404     22378        43
   22521     22495        35
   22560     22534        29
   22596     22570        32
   22629     22603        23
   22653     22627        31
   22720     22694        22
   22854     22828        26
   22905     22879        35
   22941     22915        20
   22983     22957        21
   23028     23002        23
   23233     23255        29
   23679     23698        23
   23719     23738        25
   23753     23772        39
   23849     23868        45
   23895     23914        23
   23940     23959        44
   23985     24004        35
   24021     24040        20
   24048     24067        20
   24072     24091        23
   24097     24116        22
   24123     24142        28
   24183     24202        43
   24251     24270        35
   24287     24306        20
   24362     24381        52
   24431     24450        59
   24491     24510        26
   24536     24555        74
   24683     24702        29
   24815     24834        50
   24890     24909        35
   24959     24978        42
   25104     25123        46
   25178     25197        26
   25315     25334        36
   25355     25374        25
   25410     25429        25
   25479     25498        21
   25540     25559        33
   25574     25593        21
   25712     25731        35
   25760     25779        32
   25793     25812        20
   25850     25869        26
   25894     25913        21
   25964     25983        28
   26039     26058        20
   26099     26118        29
   26156     26175        44
   26234     26253        41
   26328     26347        22
   26357     26376        43
   26462     26481        20
   26498     26517        36
   26561     26580        20
   26657     26676        29
   26719     26738        33
   26833     26852        35
   26912     26931        24
   26939     26958        58
   27044     27063        35
   27083     27102        27
   27152     27171        35
   27188     27207        32
   27287     27306        20
   27327     27346        31
   28203     28190        24
   28317     28307        23
   28660     28682        43
   29422     29738        74
   29497     29813        26
   30462     30763        20
   30531     30833        27
   30582     30884        26
   30744     31044        42
   30834     31130        38
   30959     67488        20
   31547     32038        62
   31715     32555        98
   31831     32730        25
   31857     32756        79
   31964     32863        37
   32710     33509        67
   33080     33877        22
   33371    119792        22
   34203     34768        27
   34278     34843        22
   34301     34866        34
   34341     34906        57
   34486     35051        26
   34564     35129        50
   34636     35201        20
   34657     35222        20
   34750     35315        26
   34777     35342        20
   34822     35387        29
   34861     35426        20
   34883     35448        28
   34931     35496        25
   34957     35522        68
   35026     35591        20
   35047     35612        20
   35068     35633        68
   35188     35753        26
   35218     35783        23
   35251     35816        23
   35275     35840        23
   35299     35864       111
   35426     35991        33
   35462     36027        20
   35483     36048        53
   35552     36117        59
   35636     36201        20
   35657     36222        20
   35696     36261        23
   35753     36318        32
   35786     36351        23
   35828     36393        35
   35864     36429        20
   35894     36459        20
   35939     36504        32
   36020     36585        53
   36126     36691        30
   36176     36741        44
   36233     36798        20
   36254     36819        62
   36317     36882        26
   36371     36936        21
   36413     36978        20
   36434     36999        26
   36461     37026        20
   36548     37113        23
   36591     37156        21
   36638     37203        32
   36671     37236        32
   36963     37524        36
   37385     37971        23
   37412     37998        24
   37437     38023        47
   37515     38101        23
   37869     38938        75
   38119     39226        47
   38262     39377        24
   38326     39454        33
   38360     39488        47
   38408     39536        26
   38441     39569        22
   38483     39611        38
   38543     39671        41
   38666     39794        29
   38840     39962        29
   38873     39995        23
   38921     40043        29
   38969     40091        86
   39056     40178        23
   39097     40219        48
   39146     40268        62
   39209     40331        65
   39314     40436        20
   39367     40489        33
   39522     40644        73
   39596     40718        35
   39632     40754        29
   39689     40811        68
   39857     40979        23
   39929     41051        32
   39989     41111        23
   40106     41228        38
   40145     43491        22
   40229     41351        26
   40259     41381        38
   40316     41438        20
   40394     41516        26
   40454     41576        20
   40475     41597        35
   40529     41651        27
   40586     41708        35
   40671     41793        40
   40742     41864        61
   40814     41936        38
   40853     41975        29
   40883     42005        41
   40925     42047        46
   40972     42094        73
   41087     42209        63
   41151     42273        29
   41187     42309        35
   41226     42348        35
   41262     42384        20
   41283     42405        56
   41400     42522        26
   41427     42549        32
   41466     42588        23
   41532     42654        20
   41592     42714        20
   41613     42735        26
   41661     42783        26
   41739     42861        27
   41775     42897        53
   41829     42951        20
   41850     42972        61
   41979     43101       112
   42105     43227        29
   42150     43272        83
   42249     43371        20
   42327     43449        38
   42389     43511        27
   42437     43559        26
   42480     43602        62
   42558     43680        26
   42609     43731        56
   42708     43830        32
   42873     43995        29
   42954     44076        43
   43026     44148        74
   43101     44223        23
   43128     44250        29
   43158     44280        29
   43188     44310        95
   43361     44464        20
   43386     44489        28
   43463     44566        20
   43531     44614        20
   44076     45160        32
   44182     45266        41
   44469     45522        25
   44515     45568        24
   44577     45630        20
   44652     45712        22
   44675     45735        36
   44746     45808        44
   44804     45866        20
   44863     45914        54
   44918     45969        20
   44957     46008        23
   45017     46068        20
   45038     46089        20
   45059     46110        47
   45144     46200        81
   45268     46324        23
   45358     46419        21
   45392     46453        29
   45526     46582        32
   45560     46616        29
   45707     46768        21
   45850     46917        97
   46855     47487        44
   46902     47537        42
   47215     47858        47
   47287     47930        24
   47450     48093        62
   47543     48186        32
   47629     48272        65
   47695     48338        24
   47795     48438        23
   48100     48722        21
   48184     48807        42
   49020     49080        29
   49231     49299        56
   49299     49367        41
   49344     49409        32
   49409     49485        47
   49724     49851        23
   49775     49902        35
   49811     49938        35
   50221     50350        58
   50280     50409        21
   50721     50986        25
   50956     51241        53
   51074     51359        25
   51116     51401        23
   51202     51487        27
   51281     51566        74
   51356     51641        34
   51752     52058        29
   51832     52138        33
   51899     52205        35
   52085     52391        23
   52121     52427        26
   52152     52458        20
   52334     52652        23
   52361     52679        38
   52400     52718        47
   52448     52766        20
   52469     52787        47
   52552     52870        20
   52573     52891        20
   52598     52916        25
   52978     54076        52
   53057     54155        26
   53078     54174        33
   53260     54368        20
   53322     54440        22
   53361     54483        35
   53582     54701        59
   53716     54843        23
   53805     54932        75
   54023     55188        27
   54127     55315        32
   54179     55367        54
   54234     55422        23
   54262     55450        29
   54292     55480        26
   54370     55558        26
   54406     55594        26
   54433     55621        20
   54454     55642        37
   54543     55731        26
   54570     55758        31
   54602     55790        27
   54696     55884        20
   54735     55923        35
   54771     55959        29
   54864     56052        38
   55029     56217        25
   55074     56262        20
   55095     56283        20
   55161     56349        32
   55194     56382        56
   55317     56505        29
   55347     56535        20
   55386     56574        20
   55446     56634        20
   55488     56676        47
   55587     56775        31
   55674     56862        38
   55724     56912        29
   55961     57149        28
   56086     57287        26
   56273     57535        22
   56406     57636        25
   56524     57763        33
   56661     57891        28
   56690     57920        36
   56727     57957        43
   56789     58019        23
   56813     58043        47
   56969     58199        20
   57041     58271        65
   57107     58337        24
   57179     58409        23
   57203     58433        23
   57287     58517        20
   57308     58538        35
   57353     58583        30
   57395     58625        21
   57554     58784        38
   57623     58853        47
   57728     58958        20
   57749     58979        37
   57800     59030        35
   57878     59108        20
   57974     59204        24
   58034     59264        29
   58064     59294        29
   58138     59368        20
   58445     59688        25
   58678     60145        22
   59415     60886        22
   59438     60909        25
   59496     60967        22
   59523     60994        29
   59556     61027        29
   59640     61111        32
   59706     61177        62
   59850     61321        26
   59877     61348        23
   59901     61372        20
   60042     61513        32
   60170     61641        37
   60995     62592        29
   61521     63112        24
   61615     63206        29
   61675     63266        20
   61939     63530        23
   62008     63599        20
   63109     64724        22
   63205     64808        24
   63240     64843        21
   63271     64874        20
   63297     64900        25
   63386     64989        20
   63452     65055        20
   63473     65076        22
   63496     65099        21
   63605     65208        26
   63865     65445        23
   63976     65556        41
   64051     65631        20
   64102     65682        45
   64148     65728        27
   64279     65859        20
   64302     65882        24
   64336     65916        20
   64393     65973        26
   64420     66000        20
   64441     66021        28
   64525     66105        20
   64587     66167        42
   64647     66227        72
   64807     66387        31
   65125     66744        21
   65267     66920        22
   65919     67284        43
   65976     67341        23
   66028     67393        32
   66145     67561        29
   66175     67591        20
   66196     67612        49
   66258     67678        37
   66309     67729        79
   66433     67853        45
   66569     67989        20
   66590     68010        97
   66689     68109        25
   66731     68151        29
   66783     68203        22
   66847     68267        22
   67936     69556        32
   68208     69859        37
   68252     69903        86
   68380     70028        25
   68484     70148        27
   68512     70176        22
   68692     70425        81
   68786     70530        21
   69046     70783        21
   69112     70893        20
   69547     71390        20
   69747     71628        30
   69850     71731        24
   69875     71756        26
   69920     71801        23
   70115     72097        36
   70184     72166        38
   70237     72219        36
   70348     72330        21
   70745     72764        29
   70800     72819        24
   70859     72878        21
   70905     72924        23
   70936     72955        25
   70983     73002        23
   71025     73044        25
   71296     73351        27
   71467     73530        20
   71504     73567        31
   71645     73728        22
   71799     73879        31
   71847     73927        20
   71880     73960        26
   71907     73987        41
   71949     74029        32
   72091     74205        42
   72154     74268        27
   72292     74406        23
   72425     74544        20
   72619     74721        22
   72698     74854        23
   72903     75048        32
   73009     75154        20
   73099     75244        23
   73168     75313        23
   73220     75365        22
   73267     75418        28
   73956     76171        36
   74036     76251        24
   74502     76746        38
   74571     76815        41
   74628     76872        26
   74688     76932        32
   74721     76965        32
   74763     77007        26
   74817     77061        59
   74913     77157        35
   74997     77241        23
   75069     77313        26
   75099     77343        32
   75177     77421        20
   75207     77451        20
   75228     77472        29
   75270     77514        35
   75321     77565        20
   75360     77604        47
   75408     77652        50
   75551     77795        30
   75585     77829        26
   75672     77916        44
   75756     78000        23
   75780     78024        56
   75846     78090        23
   76005     78249        29
   76264     78508        65
   76463     78726        27
   76491     78754        34
   76581     78843        20
   76696     78971        29
   76747     79022        32
   76781     79056        64
   76990     79279        21
   77012     79301        27
   77075     79367        23
   77339     79647        41
   77534     79886        20
   77735     80104        46
   77797     80166        20
   77836     80205        26
   77863     80232        29
   77896     80265        20
   77923     80292        23
   77947     80316        23
   77971     80340        83
   78145     80514        29
   78175     80544        23
   78208     80577        23
   78280     80649        23
   78328     80697        38
   78367     80736        25
   78632     81003        21
   78718     81096        25
   78936     81405        21
   79274     81695        30
   79313     81734        57
   79428     81849        30
   79557     81978        20
   79608     82029        26
   79668     82089        38
   79764     82185        23
   79789     82210        23
   79854     82266        22
   80198     82681        22
   80338     82827        22
   80379     82868        21
   80659     83148        26
   80689     83178        32
   80745     83234        42
   81000     83489        23
   81106     83637        20
   81153     83684        23
   81223     83754        29
   81268     83799        20
   81385     83916        29
   81682     84238        21
   82192     84813        20
   82230     84851        33
   82317     84938        27
   82556     85174        30
   82629     85247        33
   82826     85529        20
   82901     85604        24
   82940     85643        23
   82964     85667        20
   83344     86073        26
   83462     86191        23
   83525     86254        20
   83546     86275        20
   83618     86347        20
   83713     86442        33
   84018     86728        20
   84255     87002        20
   84343     87077        20
   84673     87456        28
   84888     87719        25
   84980     87811        31
   85012     87843        45
   85070     87901        38
   85394     88225        22
   85442     88273        36
   85727     88689        33
   85768     88730        29
   86056     89058        35
   86098     89100        26
   86236     89238        25
   86319     89325        87
   86407     89413       109
   86521     89527        36
   86566     89572        35
   86617     89623        47
   86687     89693        88
   86789     89795        42
   86906     89910        28
   86947     89951        20
   86976     89980        58
   87054     90058       121
   87168     90179        21
   87199     90210       272
   87472     90483       113
   87604     90615        35
   87640     90651        26
   87667     90678        27
   87695     90706        43
   87743     90763        22
   87830     90850        65
   87959     90979        84
   88044     91064       123
   88168     91188        43
   88225     91245        50
   88275     91298       269
   88576     91599        23
   88604     91627        77
   88698     91721        59
   88758     91781        35
   88794     91817        21
   88816     91839        77
   88904     91927        45
   88955     91978        37
   89006     92029        32
   89058     92081        35
   89094     92117        27
   89122     92145        40
   89202     92225        22
   89225     92248        21
   89247     92270        54
   89302     92325        32
   89335     92358        25
   89380     92403        62
   89443     92466        30
   89474     92497        63
   89552     92581        22
   89623     92652        29
   89653     92682       140
   89794     92823        25
   89856     92909       114
   89981     93034        23
   90014     93067        23
   90041     13882        20
   90055     93108        75
   90155     93208        24
   90193     93246        35
   90247     93300       109
   90373     93426        70
   90450     93503        44
   90495     93548        50
   90552     93605        33
   90599     93652        66
   90683     93736        32
   90716     93769        80
   90797     93850        34
   90833     93886        26
   90869     93922        22
   90892     93945        29
   90932     93985        24
   90951     94010        58
   91010     94069        26
   91037     94096        24
   91062     94121        21
   91088     94147        34
   91123     94182        36
   91162     94221        42
   91214     94273        38
   91253     94312        43
   91314     94373        34
   91349     94408        28
   91403     94462        24
   91429     94488        33
   91465     94524        49
   91543     94602        47
   91599     94658        45
   91665     94724        23
   91692     94751        29
   91725     94784        21
   91747     94806        25
   91806     94865        33
   91858     94917        62
   91936     94995        20
   91957     95016        27
   91989     95048        40
   92030     95089        43
   92086     95145        26
   92113     95172        80
   92227     95286        91
   92319     95378        20
   92358     95417        37
   92437     95502        49
   92487     95552        39
   92532     95597        29
   92562     95627        23
   92587     95652        46
   92644     95709        42
   92691     95756        24
   92736     95801        50
   92810     95866        25
   92836     95892        48
   92902     95958        26
   92938     95994        20
   92967     96023        28
   92996     96052        61
   93058     96114        45
   93124     96180        69
   93222     96278        39
   93273     96329        23
   93297     96353        25
   93323     96379        43
   93394     96450        29
   93424     96480        21
   93484     96525        42
   93591     96638        28
   93620     96667        49
   93670     96717        32
   93703     96750        54
   93758     96805        68
   93841     96888        29
   93871     96918        93
   93965     97012        42
   94008     97055        69
   94096     97143        26
   94123     97170        75
   94226     97273        75
   94302     97349        57
   94369     97416        43
   94423     97470        45
   94486     97533        45
   94560     97607        21
   94608     97655        42
   94660     97713        86
   94747     97800        36
   94801     97854        56
   94858     97911        25
   94884     97937        28
   94913     97966        28
   94948     98001        23
   94972     98025        38
   95011     98064        50
   95129     98182        41
   95175     98228        48
   95264     98317        55
   95363     98426        31
   95455     98509        91
   95554     98915        25
   95580     98941        21
   95602     98963        33
   95636     98997        21
   95690     99056        61
   95805     99179        27
   95861     99234        29
   95891     99264        39
   96010     99352       115
   96126     99468        42
   96189     99531        49
   96300     99653        25
   96381     99751        23
   96403     99781        45
   96449     99827        26
   96477     99857        56
   96543     99923        40
   96589     99969        55
   96682    100062        91
   96774    100154        22
   96797    100177        21
   96819    100199        53
   96889    100269        45
   96935    100315       177
   97122    100502        30
   97153    100533        55
   97209    100589        44
   97275    100655        78
   97354    100734       126
   97481    100861        33
   97515    100895        20
   97527    100913        53
   97581    100967        55
   97658    101047        33
   97692    101081        41
   97743    101132        27
   97780    101169        54
   97835    101224        28
   97874    101263        28
   97903    101292        25
   97929    101318        33
   97978    101367        43
   98022    101411        20
   98076    101465        84
   98170    101559        77
   98257    101646        58
   98316    101705        85
   98402    101791        31
   98440    101829        62
   98514    101903       116
   98631    102020        24
   98659    102048        46
   98711    102106        36
   98758    102153        20
   98779    102174       104
   98884    102279        22
   98917    102316        27
   98990    102380        25
   99047    102437        39
   99095    102485        21
   99117    102507        28
   99182    102565        74
   99272    102655        66
   99339    102722        31
   99377    102760        35
   99413    102796       103
   99517    102900        66
   99634    103017        28
   99724    103112        39
   99764    103152        61
   99826    103214        51
   99888    103276       132
  100032    103420        22
  100055    103443        20
  100076    103464        46
  100123    103511        78
  100202    103590       158
  100396    103784       152
  100549    103937        72
  100667    104063        32
  100759    104149        26
  100771    104174        25
  100812    104215        29
  100843    104246        30
  100935    104323        21
  101094    104497        22
  101125    104528        21
  101216    104625        59
  101310    104719        20
  101341    104751        20
  101362    104772        21
  101384    104794        26
  101411    104821        35
  101452    104868        30
  101520    104936        24
  101580    104995        30
  101611    105026        35
  101642    105062        26
  101682    105102        23
  101721    105141        30
  101759    105188        36
  101795    105240        33
  101842    105287        22
  101864    105314        21
  101904    105354        22
  101938    105388        34
  101973    105423        26
  102053    105503        31
  102130    105592        54
  102226    105684        27
  102254    105712        46
  102301    105759        28
  102339    105797        59
  102420    105878        26
  102460    105921        43
  102537    105998        24
  102574    106035        62
  102637    106098       393
  103031    106492       156
  103188    106649        44
  103233    106694       102
  103336    106797        79
  103416    106877       303
  103720    107181        20
  103741    107202       400
  104142    107603        36
  104236    107702        68
  104336    143345        20
  104349    107814        53
  104413    107878        86
  104500    107965        72
  104606    108071        40
  104664    108129        33
  104691    108155        24
  104735    108199        62
  104819    108286        28
  104866    108333        33
  104895    108359        53
  104955    108419        21
  104977    108441        47
  105044    108510        49
  105101    108567        44
  105144    108604        42
  105253    108713        20
  105274    108734        35
  105310    108770        37
  105348    108813        23
  105380    108845        74
  105481    108946        20
  105502    108967       187
  105697    109162        64
  105762    109227        45
  105808    109273        27
  105836    109301        35
  105872    109336        37
  105926    109390        39
  105978    109442        20
  106016    109483        21
  106038    109505        52
  106147    109613        26
  106174    109640        38
  106219    109681        26
  106246    109708        87
  106337    109798        21
  106359    109820        52
  106412    109873        31
  106453    109914        41
  106494    109954        41
  106541    110011       101
  106643    110113        34
  106678    110148        24
  106711    110181        27
  106770    110240       104
  106886    110356        53
  106940    110410       162
  107103    110573       103
  107207    110677       540
  107748    111218        24
  107802    111273       233
  108071    111541       247
  108319    111789       316
  108636    112106        49
  108686    112156        27
  108714    112184       209
  108924    112394       454
  109402    112872        22
  109425    112895       165
  109649    113087        39
  109702    113136        23
  109756    113189        47
  109799    113236        91
  109891    113328        98
  109987    113430        37
  110030    113473        36
  110093    113544        39
  110172    113619       117
  110290    113737        29
  110437    113896        29
  110476    113935        33
  110497    113968        23
  110535    114006        42
  110583    114054        24
  110622    114100        33
  110683    114165        20
  110704    114186        31
  110736    114223        23
  110830    114319        43
  110874    114363        54
  110929    114418        54
  111023    114512        85
  111108    114598        21
  111162    114712        83
  111246    114796        37
  111284    114834        50
  111338    114888        31
  111377    114927        44
  111422    114972        30
  111474    115024       113
  111622    115172        30
  111653    115203        26
  111685    115235        33
  111719    115269        69
  111854    115404        37
  111896    115446        37
  111934    115484        25
  111960    115510        26
  112084    115661        26
  112145    115722        32
  112178    115755        20
  112228    115805        21
  112426    116157        31
  112659    116384        21
  113176    116916        29
  113239    116979        26
  113266    117006        20
  113545    117285        35
  113581    117321        32
  113616    117356        21
  113734    117474        20
  113876    117616        22
  113914    117654        22
  113974    117714        20
  114053    117793        67
  114128    117868        34
  114163    117903        53
  114265    118005        24
  114326    118066        20
  114408    118148        22
  114908     53286        20
  115202    119368        30
  115326    119492        22
  116302    120461        56
  116599    120809        26
  116865    121078        26
  116892    121105        35
  117147    121372        23
  117195    121420        23
  117320    121548        21
  117375    121603        29
  117696    121961        23
  117770    122035        21
  117833    122098        25
  117859    122124        27
  117905    122170        34
  117951    122216        22
  118040    122305        22
  118094    122359        27
  118122    122387        20
  118215    122480        29
  118251    122516        20
  118395    122660        23
  118419    122684        26
  118461    122726        35
  118551    122816        32
  118686    122951        25
  118721    122986        21
  119293    123553        24
  119320    123580        33
  119438    123698        41
  119504    123764        20
  119525    123785        22
  119818    124193        28
  119918    124293        40
  119967    124342        21
  120013    124388        32
  120343    124735        28
  120409    124801        24
  120507    124899        29
  120597    124989        23
  120622    125014        20
  120765    125157        25
  120805    125197        28
  121261    125725        23
  121321    125785        80
  121420    125884        32
  121528    125992        41
  121711    126175        20
  121883    126337        26
  121946    126400        20
  121967    126421        27
  121997    126451        21
  122102    126556        26
  122159    126613        23
  122201    126655        38
  122321    126775        20
  122342    126796        40
  122411    126865        24
  123275    127829        22
  123556    128099        23
  123605    128148        34
  123862    128405        20
  123915    128458        23
  124017    128578        43
  124061    128622        23
  124085    128646        22
  124286    128847        20
  124375    128936        21
  124460    129021        20
  124528    129089        36
  124589    129150        28
  124626    129187        29
  124660    129221        21
  124730    129291        25
  124867    129428        45
  124979    129540        44
  125024    129585        20
  125126    129687        32
  125220    129781        21
  125337    129915        27
  125422    130000        21
  126035    130711        48
  126603    131276        40
  126775    131448        23
  127106    131758        25
  127958    132610        30
  128416    133104        25
  128984    133687        30
  130380    135134        22
  130550    135307        21
  130601    135358        20
  130622    135379        32
  130689    135446        26
  130813    135597        26
  130840    135624        25
  130866    135650        37
  130908    135692        37
  131011    135795        69
  131081    135865        33
  131120    135904        26
  131147    135931        30
  131212    135996       113
  131347    136131        30
  131378    136162        44
  131430    136214        31
  131465    136249        50
  131516    136300        37
  131554    136338        83
  131670    136514        21
  131691    136536        85
  131816    136661        54
  131871    136716        54
  131926    136771        43
  132040    136887        23
  132064    136916        31
  132096    136948        20
  132144    137000        33
  132192    137055        24
  132222    137085        42
  132279    137142        23
  132290    137165        33
  132333    137208        29
  132480    137367        29
  132510    137397       117
  132667    137550        39
  132733    137624        36
  132775    137666        37
  132810    137707        98
  132909    137806        91
  132996    137897        47
  133074    137974        23
  133111    138007        39
  133209    138073       165
  133375    138239        22
  133421    138285       454
  133876    138740       209
  134086    138950        27
  134114    138978        49
  134164    139028       316
  134481    139345       247
  134764    139627       233
  135027    139891        24
  135052    139916       540
  135593    140457       103
  135697    140561       162
  135860    140724        53
  135925    140789       104
  136061    140925        27
  136097    140961        24
  136122    140986        34
  136157    141021       101
  136264    141138        41
  136305    141178        41
  136356    141229        31
  136388    141261        52
  136441    141314        21
  136466    141338        87
  136554    141426        26
  136587    141455        38
  136626    141494        26
  136709    141576        52
  136762    141629        21
  136801    141671        20
  136834    141704        39
  136890    141760        37
  136928    141797        35
  136964    141833        27
  136992    141861        45
  137038    141907        64
  137110    141979       187
  137298    142167        20
  137345    142214        74
  137428    142297        23
  137452    142326        37
  137490    142364        35
  137526    142400        20
  137613    142487        42
  137654    142522        44
  137706    142574        49
  137775    142645        47
  137823    142693        21
  137851    142721        53
  137900    142767        33
  137952    142819        28
  138002    142872        62
  138084    142954        24
  138102    142971        33
  138153    143022        40
  138227    143096        72
  138300    143169        86
  138397    143266        53
  138443    107768        20
  138495    143363        68
  138621    143494        36
  138658    143531       400
  139059    143932        20
  139080    143953       303
  139384    144257        79
  139464    144337       102
  139567    144440        44
  139612    144485       156
  139769    144642       393
  140163    145036        62
  140238    145111        24
  140296    145169        43
  140353    145229        26
  140401    145277        59
  140470    145346        28
  140499    145375        46
  140546    145422        27
  140615    145487        54
  140715    145599        31
  140800    145684        26
  140827    145711        34
  140873    145757        22
  140914    145798        21
  140935    145824        22
  140971    145860        33
  141004    145909        36
  141048    145962        30
  141094    146008        23
  141131    146045        26
  141153    146072        35
  141189    146108        30
  141255    146173        24
  141317    146235        30
  141353    146277        35
  141389    146313        26
  141416    146340        21
  141438    146362        20
  141469    146394        20
  141524    146449        59
  141653    146584        21
  141683    146614        22
  141843    146789        21
  141926    146857        30
  141958    146889        29
  142003    146934        25
  142014    146958        26
  142100    147038        32
  142178    147124        72
  142251    147197       152
  142439    147385       158
  142598    147544        78
  142677    147623        46
  142724    147670        20
  142745    147691        22
  142779    147725       132
  142922    147868        51
  142974    147920        61
  143036    147982        39
  143137    148088        28
  143216    148167        66
  143283    148234       103
  143387    148338        35
  143429    148380        31
  143461    148412        66
  143543    148494        74
  143654    148598        28
  143683    148627        21
  143713    148657        39
  143784    148728        25
  143855    148790        27
  143893    148832        22
  143916    148855       104
  144021    148960        20
  144052    148991        36
  144094    149039        46
  144144    149089        24
  144169    149114       116
  144297    149242        62
  144366    149311        31
  144398    149343        85
  144484    149429        58
  144552    149497        77
  144639    149584        84
  144757    149702        20
  144778    149723        43
  144837    149782        33
  144871    149816        25
  144897    149842        28
  144936    149881        28
  144965    149910        54
  145029    149974        27
  145066    150011        41
  145108    150053        33
  145163    150111        55
  145219    150167        53
  145264    150218        20
  145285    150239        33
  145319    150273       126
  145446    150400        78
  145546    150500        44
  145591    150545        55
  145647    150601        30
  145687    150641       177
  145865    150819        45
  145927    150881        53
  145981    150935        21
  146003    150957        22
  146026    150980        91
  146155    151109        55
  146216    151170        40
  146266    151220        56
  146324    151280        26
  146351    151307        45
  146395    151359        23
  146474    151455        25
  146561    151553        49
  146631    151623        42
  146674    151666       115
  146869    151830        39
  146909    151870        29
  146967    151927        27
  147048    152016        61
  147142    152115        21
  147164    152137        33
  147198    152171        21
  147220    152193        25
  147253    152533        91
  147405    152676        31
  147480    152761        55
  147576    152857        48
  147629    152910        41
  147738    153019        50
  147789    153070        38
  147828    153109        23
  147858    153139        28
  147887    153168        28
  147916    153197        25
  147942    153223        56
  148016    153297        36
  148053    153334        86
  148149    153436        42
  148218    153505        21
  148268    153555        45
  148331    153618        45
  148387    153674        43
  148440    153727        57
  148498    153785        75
  148601    153888        75
  148677    153964        26
  148722    154009        69
  148792    154079        42
  148835    154122        93
  148929    154216        29
  148973    154260        68
  149042    154329        54
  149097    154384        32
  149130    154417        49
  149180    154467        28
  149273    154566        42
  149354    154632        21
  149376    154654        29
  149433    154711        43
  149477    154755        25
  149503    154781        23
  149538    154816        39
  149606    154884        69
  149696    154974        45
  149742    155020        61
  149804    155082        28
  149841    155119        20
  149871    155149        26
  149915    155193        48
  149964    155242        25
  150013    155282        50
  150084    155353        24
  150113    155382        42
  150166    155435        46
  150214    155483        23
  150238    155507        29
  150273    155542        39
  150313    155582        49
  150404    155679        37
  150460    155735        20
  150481    155756        91
  150606    155881        80
  150687    155962        26
  150726    156001        43
  150770    156045        40
  150815    156090        27
  150843    156118        20
  150879    156154        62
  150960    156235        33
  151027    156302        25
  151053    156328        21
  151078    156353        29
  151111    156386        23
  151155    156430        45
  151209    156484        47
  151285    156560        49
  151337    156612        33
  151372    156647        24
  151422    156697        28
  151451    156726        34
  151503    156778        43
  151547    156822        38
  151595    156870        42
  151640    156915        36
  151677    156952        34
  151716    156991        21
  151738    157013        24
  151763    157038        26
  151790    157065        58
  151843    157124        24
  151878    157159        29
  151908    157189        22
  151940    157221        26
  151968    157249        34
  152003    157284        80
  152084    157365        32
  152134    157415        66
  152214    157495        33
  152254    157535        50
  152305    157586        44
  152356    157637        70
  152443    157724       109
  152571    157852        35
  152620    157901        24
  152669    157950        75
  152762    158043        23
  152795    158076        23
  152829    158110       114
  152980    158285        25
  153006    158311       140
  153147    158452        29
  153225    158530        22
  153262    158573        63
  153326    158637        30
  153357    158668        62
  153439    158750        25
  153465    158776        32
  153498    158809        54
  153553    158864        21
  153575    158886        22
  153637    158948        40
  153678    158989        27
  153706    159017        35
  153761    159072        32
  153807    159118        37
  153850    159161        45
  153906    159217        77
  153984    159295        21
  154006    159317        35
  154042    159353        59
  154118    159429        77
  154200    159511        23
  154255    159566       269
  154524    159838        50
  154588    159902        43
  154632    159946       123
  154756    160070        84
  154904    160218        65
  155034    160348        22
  155061    160384        43
  155105    160428        27
  155133    160456        26
  155160    160483        35
  155214    160537       113
  155328    160651       272
  155610    160933        21
  155624    160954       121
  155765    161095        58
  155832    161162        20
  155865    161195        28
  155968    161296        42
  156024    161352        88
  156135    161463        47
  156198    161526        35
  156242    161570        36
  156283    161611       109
  156393    161721        87
  156538    161870        25
