> gi|442568712|gb|KC180799.1|
       1         1        54
      56        56        24
     443       378        39
     504       439        50
     615       550        50
     666       601        31
     720       655        98
     819       754        41
     861       796        56
     927       862        41
     969       904        20
    1014       949        23
    1038       973        62
    1112      1047        84
    1197      1132        20
    1245      1180        38
    1284      1219        29
    1323      1258        47
    1371      1306        23
    1395      1330        53
    1455      1390        73
    1529      1464        41
    1596      1537        34
    1755      1738        46
    1977      1967        20
    2079      2060        23
    2222      2209        23
    2249      2236        27
    2284      2271        26
    2311      2298        20
    2422      2409        25
    2493      2480        30
    2897      2887        20
    2981      2971        21
    3138      3122        27
    3434      3427        37
    3507      3500        23
    3584      3590        28
    3631      3636        26
    3778      3784        20
    3969      3993        27
    4083      4101        21
    4131      4149        28
    4179      4196        21
    4258      4275        50
    5208      5015        99
    5321      5129        20
    5983      5790        35
    6083      5889        35
    6149      5959        63
    6856      6579        25
    7814      7428        30
    7845      7459        44
    8016      7631        42
    8215      7852        37
    8357      7994        29
    8390      8027        28
    8756      8370        21
    8787      8405        31
    8843      8461        20
    8864      8482        51
    9048      8676        35
    9087      8715        26
    9114      8742        20
    9807      9556        33
    9913      9667        33
   10024      9777        20
   10112      9871        20
   10260     10038        23
   10436     10239        69
   10506     10309        72
   10825     10634        26
   10852     10661        46
   11162     11192        47
   11216     11246        32
   11273     11303        41
   11315     11345        56
   11411     11441        35
   11450     11480        44
   11498     11528        20
   11519     11549        47
   11591     11621        21
   11639     11669        29
   11669     11699        20
   11690     11720        38
   11745     11775        22
   11804     11834        20
   11904     11934        64
   11993     12023        32
   12044     12074        44
   12089     12119        28
   12197     12227        29
   12299     12329        50
   12350     12380        35
   12386     12416        22
   12437     12467        24
   12462     12492        60
   12523     12553        27
   12566     12592        21
   12588     12614        41
   12663     12689        22
   12686     12712        56
   12774     12800        26
   12801     12827        22
   12873     12899        26
   12944     12970        75
   13020     13046        27
   13048     13074        30
   13079     13105        33
   13138     13163        24
   13200     13225        20
   13220     13260        30
   13256     13295        27
   13698     13767        28
   13727     13796        29
   13757     13826        47
   13838     13907        30
   14058     14306        22
   14311     14559        48
   14363     14611        62
   14438     14686        20
   14459     14707        32
   14660     14915        21
   14869     15134        25
   15192     15871        80
   15273     15952        20
   15294     15973        56
   15351     16030        89
   15516     16195        49
   15591     16270        29
   15684     16363        35
   15842     16521        30
   15931     16610        25
   15959     16638        26
   16113     16793        32
   16147     16827        30
   16178     16858        47
   16256     16936        29
   16304     16984        29
   16370     17050        50
   16490     17170        59
   16550     17230        51
   16637     17317        29
   16667     17347        33
   16701     17381        34
   16763     17443        20
   16802     17482        23
   16907     17585        25
   17144     17841        23
   17193     17890        23
   17240     17937        24
   17300     17997        21
   17340     18037        58
   17473     18170        25
   17503     18200        22
   17598     18295        38
   17637     18334        22
   17742     18439        20
   17778     18475        38
   17817     18514        49
   17892     18589        23
   17930     18627        27
   17990     18693        36
   18058     18779        30
   18124     18851        25
   18150     18877        29
   18308     19035        28
   18378     19105        24
   18433     19160        20
   18606     19324        22
   18710     19428        30
   18743     19461        24
   18840     19558        24
   18918     19636        32
   18984     19711        55
   19104     19831        22
   19151     19878        21
   19262     19989        30
   19338     20065        44
   19584     20311        22
   19770     20500        20
   19820     20550        21
   19854     20584        23
   19878     20608        23
   19935     20671        34
   20018     20754        30
   20163     20899        40
   20214     20950        59
   20292     21028        27
   20340     21076        22
   20363     21099        23
   20451     21187        26
   20496     21232        28
   20571     21307        23
   20595     21331        41
   20637     21373        44
   20682     21418        26
   20709     21445        23
   20739     21475        29
   20793     21529        35
   20835     21571        58
   20961     21697        23
   20997     21733        29
   21027     21763        40
   21087     21823        40
   21189     21925        27
   21494     22230        30
   21534     22270        22
   21638     22374        44
   21724     22460        28
   21841     22577        26
   21870     22606        35
   21906     22642        23
   21930     22666        35
   21980     22716        27
   22080     22816        20
   22149     22885        22
   22188     22924        20
   22209     22945        20
   22233     22969        22
   22287     23023        68
   22407     23143        47
   22479     23215        35
   22521     23257        47
   22629     23365        34
   22677     23413        26
   22779     23515        23
   22809     23545        20
   22854     23590        26
   22884     23620        32
   22917     23653        21
   22941     23677        20
   22962     23698        63
   23039     23775        27
   23131     23862        20
   23226     23972        42
   23310     24040        28
   23342     24072        22
   23395     24125        33
   23681     24405        20
   23702     24426        48
   23754     24478        31
   23807     24531        30
   23856     24580        38
   23895     24619        29
   23925     24649        59
   23985     24709        20
   24015     24739        71
   24099     24823        62
   24183     24907        54
   24262     24986        48
   24380     25104        38
   24443     25167        86
   24536     25260        52
   24589     25313        21
   24611     25335        23
   24644     25368        40
   24685     25409        35
   24734     25458        20
   24803     25527        32
   24866     25590        23
   24917     25641        23
   24962     25686        29
   25028     25752        31
   25106     25830        41
   25210     25934        20
   25231     25955        27
   25276     26000        20
   25315     26039        55
   25454     26178        66
   25530     26254        43
   25574     26298        25
   25639     26363        36
   25703     26427        44
   25787     26511        20
   25870     26594        21
   25892     26616        32
   25996     26720        24
   26099     26829        32
   26183     26913        23
   26207     26937        41
   26267     26997        32
   26324     27054        75
   26450     27180        23
   26474     27204        23
   26516     27246        24
   26543     27273        53
   26609     27339        20
   26630     27360        32
   26663     27393        40
   26705     27435        71
   26804     27534        28
   26833     27563        48
   26882     27612        37
   26937     27667        28
   26966     27696        35
   27029     27759        52
   27152     27882        71
   27233     27963        32
   27335     28065        33
   27498     28230        24
   27556     28287        20
   27715     28418        28
   28177     28889        20
   28258     28969        22
   28660     29411        33
   29361     30284        21
   29385     30313        22
   29452     30374        44
   29497     30419        26
   29560     30484        27
   30041     30750        25
   30137     30864        31
   30653     31455        20
   30674     31476        20
   30695     31497        25
   30744     31540        33
   30778     31574        21
   30827     31619        31
   30903     31695        23
   31547     32377        39
   31587     32417        20
   31718     32878        95
   31838     32998        51
   31890     33050        72
   31966     33136        44
   32271     33477        21
   32710     33997        75
   32857     34134        20
   33128     34422        28
   34172     35334        20
   34257     35431        20
   34278     35452        21
   34300     35474        77
   34378     35552        20
   34414     35588        20
   34444     35618        41
   34549     35723        80
   34660     35834        35
   34696     35870        23
   34750     35924        47
   34798     35972        23
   34882     36056        29
   34933     36107        92
   35026     36200        20
   35056     36230       114
   35185     36359        20
   35218     36392        23
   35242     36416       183
   35432     36606        26
   35465     36639        77
   35552     36726        33
   35586     36760        28
   35624     36798        20
   35645     36819        29
   35687     36861        32
   35732     36906        20
   35753     36927        41
   35795     36969        23
   35819     36993        29
   35861     37035        23
   35885     37059        48
   35934     37108        25
   35972     37146        20
   35993     37167        20
   36020     37194        32
   36053     37227        26
   36176     37350        35
   36230     37404        20
   36251     37425        65
   36332     37506        38
   36371     37545        21
   36404     37578        29
   36434     37608        32
   36482     37656        20
   36503     37677        26
   36542     37716        48
   36591     37765        21
   36638     37812        44
   36683     37857        41
   36963     38143        35
   37007     38187        25
   37048     38228        22
   37412     38586        50
   37471     38645        34
   37515     38689        23
   37566     38740        26
   37844     39628        21
   37869     39646        39
   37909     39686        36
   38119     39921        47
   38262     40072        22
   38326     40136        60
   38408     40218        56
   38491     40301        23
   38543     40353        41
   38612     40422        50
   38666     40476        37
   38807     40621        50
   38870     40684        26
   38921     40735        56
   38978     40792        53
   39035     40849        20
   39056     40870        23
   39097     40911        48
   39146     40960        29
   39176     40990        26
   39209     41023        20
   39230     41044        23
   39254     41068        35
   39290     41104        44
   39367     41181        45
   39431     41245        34
   39539     41353        47
   39605     41419        26
   39632     41446        29
   39689     41503        68
   39773     41587        26
   39827     41641        20
   39848     41662        41
   39890     41704        50
   39980     41794        26
   40064     41878        68
   40123     44161        41
   40159     41973        33
   40193     42007        25
   40221     42035        26
   40265     42079        32
   40310     42124        20
   40361     42175        32
   40430     42244        44
   40475     42289        35
   40520     42334        29
   40556     42370        20
   40586     42400        42
   40671     42485        40
   40741     42555        48
   40790     42604        83
   40889     42703        82
   40972     42786        88
   41061     42875       119
   41181     42995        98
   41283     43097        44
   41328     43142        23
   41391     43205        35
   41433     43247        32
   41466     43280        20
   41532     43346        38
   41571     43385        41
   41616     43430        29
   41646     43460        35
   41730     43544        26
   41767     43581        67
   41853     43667        69
   41923     43737        28
   41958     43772        47
   42036     43850        20
   42060     43874        41
   42102     43916        32
   42135     43949        92
   42228     44042        44
   42303     44117        34
   42338     44152        27
   42383     44197        30
   42417     44231        41
   42474     44288        40
   42515     44329        27
   42543     44357        41
   42585     44399        23
   42609     44423        35
   42654     44468        26
   42708     44522        32
   42753     44567        47
   42801     44615        23
   42828     44642        38
   42873     44687        20
   42972     44786        25
   43026     44840        36
   43063     44877        67
   43131     44945        30
   43162     44976        52
   43215     45029        64
   43386     45181        27
   43415     45210        27
   43443     45238        27
   43471     45266        20
   43531     45325        20
   44040     45811        35
   44076     45847        53
   44170     45941        54
   44371     46118        46
   44507     46253        32
   44540     46286        24
   44656     46406        22
   44679     46429        32
   44717     46467        26
   44761     46516        29
   44796     46550        28
   44855     46623        53
   44909     46677        26
   44957     46725        74
   45032     46800        83
   45142     46910        40
   45183     46951        45
   45268     47036        23
   45292     47060        20
   45453     47222        20
   45527     47297        26
   45648     47419        23
   45698     47464        26
   45776     47549        23
   45830     47634       124
   45970     47774        23
   46041     47845        24
   46237     48093        27
   46855     48605        44
   46900     48650        44
   47215     48976        68
   47450     49211        25
   47477     49238        42
   47522     49283        26
   47549     49310        37
   47612     49373        82
   47695     49456        27
   47726     49487        20
   47769     49530        22
   47795     49556        23
   47819     49580        28
   48166     49783        60
   49014     50901        34
   49235     51099        74
   49310     51174        32
   49347     51208        29
   49415     51289        24
   49701     51554        82
   49784     51637        25
   49811     51664        35
   50221     51862        58
   50280     51921        21
   50302     51943        20
   50328     51987        28
   50956     52689        30
   50987     52720        39
   51027     52760        22
   51072     52805        41
   51191     52924        50
   51266     52999        68
   51335     53068        29
   51395     53128        50
   51561     53277        26
   51638     53354        57
   51745     53461        39
   51821     53537        38
   51866     53582        29
   51896     53612        38
   51935     53651        44
   52016     53732        29
   52066     53782        27
   52127     53843        23
   52151     53867        25
   52239     53961        24
   52283     54005        21
   52318     54040        33
   52358     54080        47
   52406     54128        31
   52448     54170        20
   52469     54191        20
   52517     54239        22
   52552     54274        20
   52574     54296        23
   52598     54320        32
   52789     54519        20
   52952     31160        20
   52978     54866        70
   53076     54965        34
   53169     55053        20
   53200     55084        26
   53227     55111        25
   53322     55208        21
   53361     55247        20
   53397     55285        34
   53486     55376        25
   53600     55500        41
   53805     55713        96
   53996     55960        20
   54103     56076        45
   54204     56177        21
   54258     56231        48
   54322     56295        47
   54370     56343        26
   54404     56377        28
   54433     56406        23
   54460     56433        31
   54525     56498        35
   54561     56534        40
   54602     56575        42
   54645     56618        23
   54687     56660        35
   54723     56696        89
   54816     56789        20
   54846     56819        56
   54930     56903        26
   54984     56957        35
   55029     57002        47
   55077     57050        41
   55143     57116        86
   55251     57224        20
   55287     57260        26
   55317     57290        29
   55347     57320        29
   55419     57392        32
   55488     57461       107
   55674     57647        20
   55695     57668        68
   55764     57737        39
   55827     57800        41
   55884     57857        21
   55961     57934        20
   56041     58012        37
   56413     58406        27
   56503     58515        20
   56524     58536        51
   56670     58676        56
   56727     58733        61
   56793     58799        67
   56906     58912        41
   57038     59044        35
   57074     59080        62
   57179     59185        23
   57236     59242        41
   57287     59293        20
   57329     59335        23
   57353     59359        30
   57384     59390        21
   57411     59417        58
   57482     59488        26
   57509     59515        26
   57536     59542        56
   57593     59599        50
   57680     59686        20
   57701     59707        38
   57752     59758        23
   57800     59806        59
   57866     59872        47
   57932     59938        77
   58028     60034        35
   58064     60070        44
   58138     60144        23
   58162     60168        33
   58196     60202        46
   58342     60358        21
   58378     60394        20
   58442     60461        23
   58678     60839        31
   59003     61160        22
   59414     61598        49
   59496     61680        22
   59556     61740        41
   59640     61824        32
   59724     61908        44
   59847     62031        20
   59877     62061        21
   59899     62083        22
   59952     62136        23
   60042     62226        32
   60077     62261        21
   60134     62318        24
   60255     62482        20
   60339     62579        23
   60911     63116        30
   60991     63199        56
   61447     63640        22
   61489     63682        30
   61546     63739        30
   61732     63925        20
   61753     63946        23
   61777     63970        47
   61874     64067        28
   61990     64183        23
   62185     64418        28
   62469     64698        23
   62809     65105        20
   62897     65201        26
   62973     65278        28
   63002     65307        21
   63073     65378        23
   63097     65402        24
   63195     65488        34
   63253     65546        21
   63303     65596        36
   63358     65651        24
   63386     65679        20
   63407     65700        44
   63472     65765        23
   63599     65892        32
   63838     66111        46
   63976     66249        50
   64030     66303        50
   64093     66366        54
   64150     66423        25
   64255     66528        35
   64300     66573        26
   64334     66607        20
   64355     66628        28
   64393     66666        26
   64441     66714        23
   64470     66743        33
   64654     66927        26
   64702     66975        23
   64732     67005        20
   64804     67077        34
   65324     67587        20
   65898     68130        32
   65931     68163        31
   65963     68195        36
   66124     68374       104
   66258     68508        43
   66302     68552        29
   66341     68591        48
   66406     68656        27
   66434     68684        44
   66494     68744        20
   66536     68786        38
   66584     68834        63
   66648     68898        25
   66773     69024        29
   66803     69054        22
   67783     70013        20
   67832     70067        21
   67896     70118        21
   67943     70171        25
   68015     70243        23
   68213     70432        29
   68282     70501        41
   68352     70577        26
   68448     70671        88
   68684     70931        89
   68820     71068        24
   69737     71955        50
   69837     72055        37
   69880     72098        21
   69902     72120        23
   70184     72430        92
   70310     72556        37
   70359     72605        27
   70608     72869        35
   70749     73019        25
   70797     73067        26
   70968     73238        56
   71037     73307        22
   71062     73332        42
   71114     73385        20
   71170     73441        28
   71303     73573        20
   71434     73704        32
   71467     73737        20
   71746     74003        24
   71803     74055        52
   71856     74108        50
   71907     74159        48
   71952     74208        29
   72095     74365        22
   72118     74388        33
   72182     74452        26
   72418     74680        27
   72613     74882        28
   72843     75157        34
   72890     75204        43
   72970     75284        23
   73000     75314        28
   73054     75368        29
   73099     75413        38
   73159     75473        42
   73267     75584        28
   73421     75768        33
   73506     75855        23
   73545     75897        28
   73920     76321        23
   73968     76369        30
   74006     76407        20
   74036     76437        23
   74079     76480        29
   74510     76863        33
   74565     76918        47
   74628     76981        29
   74661     77014        23
   74703     77056        38
   74769     77122        26
   74817     77170        51
   74889     77242        29
   74925     77278        20
   74994     77347        41
   75042     77395        26
   75072     77425        23
   75096     77449        32
   75198     77551        29
   75237     77590        32
   75270     77623        32
   75318     77671        26
   75360     77713        27
   75391     77744        61
   75453     77806        20
   75550     77903        61
   75696     78049        20
   75750     78103        32
   75807     78160        29
   75846     78199        23
   75906     78259        24
   75963     78316        44
   76008     78361        35
   76181     78467        24
   76228     78514        26
   76270     78556        26
   76297     78583        21
   76463     78754        27
   76491     78782        49
   76541     78832        32
   76580     78871        25
   76682     78975        22
   76705     78998        32
   76798     79091        21
   76825     79118        20
   76963     79266        30
   77356     79638        24
   77386     79668        20
   77686     79983        20
   77782     80088        35
   77818     80124        30
   77849     80155        43
   77893     80199        23
   77926     80232        62
   77989     80295        35
   78043     80349        20
   78103     80409        29
   78139     80445        35
   78208     80514        23
   78250     80556        65
   78400     80706        27
   78467     80772        28
   78497     80802        20
   78541     80851        47
   78589     80899        21
   78654     80964        29
   78718     81030        24
   78767     81085        29
   78917     81236        40
   79009     81331        24
   79302     81635        50
   79353     81686        23
   79377     81710        35
   79428     81761        30
   79539     81872        53
   79608     81941        32
   79641     81974        26
   79686     82019        23
   79743     82076        20
   79764     82097        48
   79824     82148        20
   79854     82178        22
   80074     82407        22
   80182     82515        32
   80302     82641        25
   80379     82718        24
   80404     82743        40
   80446     82785        29
   80494     82833        26
   80678     83017        30
   80712     83051        32
   80745     83084        39
   80836     83175        20
   80857     83196        21
   80922     83261        36
   80980     83319        21
   81002     83341        22
   81031     83378        30
   81079     83426        56
   81146     83493        30
   81220     83567        23
   81268     83615        20
   81357     83704        27
   81385     83732        48
   81529     83869        24
   81606     83984        25
   81676     84054        28
   81889     84267        29
   82192     84585        94
   82392     84782        21
   82548     84938        38
   82826     85216        26
   82853     85243        47
   82964     85354        20
   83054     85444        20
   83117     85507        24
   83270     85684        53
   83324     85738        50
   83414     85828        20
   83455     85869        30
   83519     85933        47
   83618     86032        23
   83685     86099        27
   83831     86204        32
   84018     86405        22
   84051     86442        21
   84272     86664        21
   84511     86887        48
   84680     87059        23
   84888     87293        34
   84941     87346        29
   84980     87385        34
   85022     87427        20
   85043     87448        26
   85076     87481        34
   85136     87541        23
   85183     87588        20
   85225     87630        23
   85428     87833        50
   85639     88047        23
   85734     88142        26
   85822     88230        20
   85867     88275        32
   86056     88488        38
   86096     88528        28
   86125     88557        20
   86236     88668        23
   86319     88746        42
   86362     88789        44
   86412     88839        24
   86437     88864        44
   86482     88909        34
   86518     88945        20
   86555     88982       131
   86687     89114       152
   86871     89293        24
   86904     89326        30
   86935     89357       117
   87054     89476        31
   87098     89520        85
   87199     89620       352
   87552     89973        29
   87604     90025        98
   87703     90124        35
   87743     90164        22
   87816     90243        97
   87950     90377        21
   87972     90399        71
   88044     90471        57
   88120     90547        20
   88168     90599        31
   88223     90654        40
   88264     90695       150
   88415     90846        20
   88436     90867       108
   88565     90996        34
   88600     91031        81
   88687     91118        70
   88758     91189        57
   88819     91250        41
   88861     91292        32
   88904     91335        34
   88950     91381       107
   89058     91489        63
   89123     91554        22
   89225     91656        21
   89247     91678        54
   89302     91733        32
   89339     91770        22
   89380     91811        70
   89451     91882        22
   89474     91905       103
   89583     92014        29
   89613     92044        39
   89653     92084        85
   89739     92170        34
   89794     92225        21
   89821     92243        27
   89857     92279        58
   89916     92338        54
   89971     92393        33
   90014     92436        23
   90055     92477        97
   90170     92592        26
   90197     92619        22
   90220     92642        97
   90318     92740        42
   90372     92794        71
   90455     92877        39
   90495     92917        54
   90550     92972        52
   90603     93025        56
   90660     93082        22
   90683     93105        32
   90754     93176        63
   90832     93254        21
   90869     93291        68
   90938     93360        25
   90964     93386        72
   91090     93512        32
   91137     93559        22
   91163     93585        89
   91258     93680        38
   91306     93728        23
   91330     93752        47
   91393     93815        34
   91428     93850        36
   91465     93887        76
   91542     93964        24
   91609     94031        35
   91692     94114        80
   91776     94198        25
   91822     94244       135
   91958     94380        30
   91989     94411        90
   92080     94502        32
   92125     94547        44
   92170     94592        25
   92196     94618       104
   92320     94742        86
   92437     94865        51
   92495     94923        31
   92532     94960        38
   92593     95021        26
   92634     95062        43
   92687     95115        48
   92759     95187        30
   92810     95229        35
   92869     95288        68
   92938     95357        57
   92996     95415        25
   93022     95441        45
   93068     95487        35
   93110     95529        83
   93198     95617        23
   93222     95641        46
   93297     95716        25
   93331     95750        35
   93367     95786        26
   93394     95813        29
   93424     95843        59
   93559     95942        24
   93591     95980        28
   93620     96009        22
   93643     96032        26
   93670     96059        87
   93758     96147        32
   93792     96181        48
   93841     96230        29
   93871     96260        53
   93925     96314        35
   93961     96350        46
   94008     96397        51
   94096     96485        26
   94123     96512       102
   94226     96615       131
   94369     96758        34
   94404     96793        64
   94506     96895        26
   94550     96939        31
   94598     96987        57
   94660     97055        23
   94684     97079        62
   94784     97179        38
   94828     97223        84
   94913     97308        63
   94978     97373        32
   95011     97406        48
   95081     97476        47
   95129     97524        41
   95193     97588        30
   95233     97628        74
   95363     97768        25
   95422     97827        20
   95443     97848        25
   95469     97874        65
   95554     98254        25
   95602     98302        40
   95690     98390        48
   95798     98511        28
   95830     98543        20
   95867     98580        23
   95891     98604        39
   96006     98650       168
   96189     98833        24
   96239     98883        32
   96275     98931        24
   96300     98956        21
   96339     98995        20
   96378     99038        24
   96401     99069        33
   96449     99117        26
   96490     99160        21
   96512     99182        38
   96551     99221        32
   96584     99254        63
   96649     99319       124
   96774     99444        22
   96801     99471        64
   96900     99570        34
   96935     99605       207
   97153     99823       106
   97260     99930        93
   97354    100024       126
   97481    100151       164
   97639    100312        52
   97692    100365        50
   97743    100416        36
   97780    100453       148
   97946    100619        31
   97978    100651        43
   98037    100710        94
   98132    100805        28
   98180    100853       172
   98353    101026       119
   98491    101164        22
   98514    101187        90
   98612    101285        76
   98704    101383        53
   98758    101437        76
   98835    101514        38
   98896    101575        41
   98945    101624        42
   98988    101667        25
   99014    101693        30
   99069    101748        47
   99117    101796        22
   99200    101879        56
   99257    101936        80
   99339    102018        73
   99413    102092        62
   99476    102155       107
   99634    102313        32
   99680    102359        27
   99724    102403        39
   99757    102440        61
   99829    102512        34
   99888    102571        78
   99961    102649        59
  100032    102720        52
  100085    102773       137
  100227    102915       377
  100605    103293        28
  100669    103365        35
  100711    103401        23
  100769    103459        38
  100810    103500        22
  100833    103523        36
  100879    103569        33
  100935    103604        21
  100958    103665        36
  101037    103737        24
  101091    103795        25
  101118    103822        32
  101166    103876        36
  101214    103924        75
  101293    104003        48
  101341    104052        20
  101362    104073        33
  101411    104122        35
  101452    104156        32
  101486    104190        21
  101537    104241        27
  101688    104396        20
  101709    104417        32
  101742    104450        55
  101798    104506        22
  101832    104540        22
  101886    104604        51
  101938    104656        34
  102010    104728        22
  102053    104762        31
  102085    104794        39
  102141    104850        22
  102164    104873        20
  102244    104953        34
  102269    104986        31
  102301    105018        25
  102339    105056        76
  102423    105140        20
  102460    105177        43
  102504    105221        31
  102536    105253        59
  102596    105313        40
  102637    105354       550
  103188    105905       162
  103351    106068       260
  103612    106329       107
  103720    106437       451
  104238    106960        66
  104331    107053        22
  104363    107085        24
  104413    107134       159
  104616    107336        47
  104664    107384        33
  104705    107424        94
  104797    107519        21
  104819    107541        28
  104848    107570        53
  104893    107614        55
  104950    107671        26
  104977    107698        66
  105044    107767        56
  105101    107824        44
  105144    107861        62
  105202    107923        22
  105225    107946        48
  105274    107995        35
  105310    108031        61
  105372    108093        82
  105456    108182       134
  105591    108317       133
  105725    108451        46
  105784    108510        23
  105808    108534        85
  105919    108645        58
  106045    108766        45
  106091    108812        44
  106136    108857        37
  106174    108895        39
  106222    108939       104
  106337    109054        21
  106359    109076        84
  106470    109187        45
  106516    109233        24
  106541    109258       101
  106643    109360        59
  106703    109420       155
  106883    109600        56
  106940    109657        63
  107004    109721        95
  107106    109826       100
  107207    109927       282
  107497    110217       275
  107797    110518       238
  108047    110768        39
  108087    110808       231
  108319    111040       244
  108565    111286       120
  108700    111421       335
  109036    111757       323
  109370    112091        31
  109402    112123        72
  109475    112196       117
  109593    112314        48
  109639    112328        52
  109686    112371        69
  109774    112459       181
  110030    112725        36
  110084    112779        57
  110142    112839        29
  110179    112876        78
  110295    112993        26
  110325    113023        35
  110439    113139        44
  110531    113235        46
  110608    113319        46
  110671    113388        21
  110693    113410        25
  110727    113444        40
  110773    113496        24
  110815    134885        22
  110831    113568        42
  110874    113611        54
  110929    113666        31
  110984    113721        36
  111026    113763        60
  111087    113824        32
  111169    113917        27
  111297    114051        72
  111375    114129        46
  111432    114186        40
  111474    114228        49
  111524    114278        83
  111622    114376       153
  111793    114547        20
  111836    133833        22
  111845    114599        46
  111896    114650        32
  111929    114683        30
  112000    114775        23
  112024    114799        56
  112085    114854        43
  112423    115360        23
  112496    115433        49
  112834    115771        20
  112934    115871        22
  113155    116092        23
  113215    116152        20
  113245    116182        20
  113266    116203        29
  113296    116233        28
  113368    116305        46
  113458    116395        26
  113502    116439        21
  113539    116476        23
  113581    116518        32
  113704    116641        35
  113755    116692        32
  113860    116797        26
  113937    116874        30
  114064    117001        32
  114097    117034        30
  114128    117065        58
  114233    117170        22
  114271    117208        24
  114296    117233        21
  114328    117265        20
  115326    118548        20
  116302    119187        56
  116466    119370        26
  116598    119499        27
  116626    119527        21
  116791    119695        25
  116895    119799        35
  117130    120040        55
  117186    120096        37
  117224    120134        22
  117255    120165        29
  117321    120231        23
  117376    120286        20
  117633    103633        26
  117814    120779        37
  117859    120824        77
  117944    120909        24
  118106    121071        30
  118146    121111        44
  118215    121180        35
  118251    121216        39
  118335    121300        20
  118356    121321        38
  118419    121384        20
  118461    121426        33
  118721    121686        39
  118761    121726        74
  118856    121821        21
  118902    121867        26
  118999    121964        21
  119097    122062        20
  119135    122100        34
  119318    122305        32
  119402    122389        41
  119453    122440        23
  119504    122491        20
  119774    122796        22
  119800    122822        44
  119863    122885        36
  119932    122954        26
  119968    122990        23
  120001    123023        23
  120031    123053        41
  120101    123123        20
  120343    123367        20
  120373    123397        35
  120596    123620        24
  120631    123655        35
  120765    123789        25
  120805    123829        28
  120920     74901        20
  121293    124154        27
  121324    124185        83
  121441    124302        23
  121483    124344        23
  121507    124368        62
  121671    124532        38
  121710    124571        41
  121771    124632        23
  121857    124724        25
  121892    124759        31
  121943    124810        29
  121973    124840        35
  122102    124969        23
  122192    125059        26
  122255    125122        25
  122284    125151        48
  122342    125209        40
  122428    125295        32
  122547    125460        28
  122953    125790        25
  122996    125833        25
  123097    125946        22
  123470    126296        25
  123502    126328        20
  123535    126361        20
  123556    126382        26
  123613    126439        30
  123801    126627        21
  123856    126682        26
  123892    126718        20
  123913    126739        20
  123970    126796        23
  124029    126855        79
  124109    126935        22
  124259    127085        26
  124286    127112        20
  124493    127319        29
  124529    127355        20
  124550    127376        23
  124594    127420        23
  124626    127452        24
  124730    127556        25
  124829    127655        20
  124867    127693        24
  124892    127718        53
  124956    127782        22
  124979    127805        38
  125039    127865        20
  125129    127955        32
  125162    127988        34
  126011    128875        23
  126049    128913        21
  126565    129417        20
  126628    129480        27
  126951    129809        20
  127211    130069        21
  127772    130633        21
  127957    130818        21
  128413    131301        26
  128741    131632        20
  128966    131857        48
  129461    132355        26
  129671    132565        24
  129713    132607        30
  130671    133538        43
  130719    133580        56
  130776    133637        23
  130840    133722        30
  130871    133753        32
  130908    133790        46
  130941    114580        22
  130986    133868        20
  131024    133906       153
  131192    134074        83
  131276    134158        49
  131327    134209        40
  131378    134260        46
  131430    134312        72
  131603    134491        27
  131680    134579        32
  131713    134612        60
  131779    134678        36
  131839    134738        31
  131871    134770        54
  131926    134825        42
  131962    113528        22
  132002    134915        24
  132032    134951        40
  132081    135000        25
  132107    135026        21
  132145    135070        46
  132222    135154        46
  132316    135252        44
  132439    135377        35
  132478    135416        26
  132542    135481        78
  132628    135567        29
  132658    135599        57
  132733    135674        36
  132844    135795       181
  133044    135995        69
  133108    136055        52
  133158    136073        48
  133207    136122       117
  133325    136240        72
  133398    136313        31
  133440    136355       323
  133764    136679       335
  134114    137029       120
  134236    137151       244
  134481    137396       231
  134713    137628        39
  134764    137679       238
  135027    137943       275
  135310    138226       282
  135593    138509       100
  135700    138619        95
  135796    138715        63
  135860    138779        56
  135941    138860       155
  136097    139016        59
  136157    139076       101
  136259    139178        24
  136284    139203        45
  136356    139275        84
  136441    139360        21
  136473    139392       104
  136586    139501        39
  136626    139541        37
  136664    139579        44
  136709    139624        45
  136822    139732        58
  136906    139816        85
  136992    139902        23
  137028    139938        46
  137075    139985       133
  137209    140119       134
  137345    140260        82
  137428    140343        61
  137490    140405        35
  137526    140441        48
  137575    140490        22
  137593    140512        62
  137654    140567        44
  137699    140612        56
  137756    140671        66
  137823    140738        26
  137851    140766        55
  137898    140812        53
  137952    140866        28
  137981    140895        21
  138000    140917        94
  138102    141018        33
  138136    141052        47
  138227    141142       159
  138412    141326        24
  138446    141360        22
  138495    141409        66
  138628    141547       451
  139080    141999       107
  139188    142107       260
  139449    142368       162
  139612    142531       550
  140163    143082        40
  140204    143123        59
  140264    143183        31
  140296    143215        43
  140356    143275        20
  140384    143303        76
  140473    143392        25
  140499    143418        31
  140521    143448        34
  140615    143542        20
  140636    143563        22
  140675    143602        39
  140715    143642        31
  140767    143685        22
  140827    143745        34
  140862    143780        51
  140945    143873        22
  140979    143907        22
  141002    143930        55
  141058    143986        32
  141091    144019        20
  141235    144167        27
  141292    144224        21
  141315    144247        32
  141353    144278        35
  141404    144329        33
  141438    144363        20
  141458    144384        48
  141510    144436        75
  141597    144523        36
  141649    144581        32
  141683    144615        25
  141738    144674        24
  141805    144734        36
  141843    144810        21
  141887    144833        33
  141930    144876        36
  141967    144913        22
  141992    144938        38
  142065    145011        23
  142095    145035        35
  142166    145114        28
  142195    145143       377
  142577    145525       137
  142715    145663        52
  142779    145727        59
  142833    145786        78
  142936    145889        34
  142981    145934        61
  143036    145993        39
  143092    146049        27
  143133    146090        32
  143216    146173       107
  143324    146281        62
  143387    146344        73
  143462    146419        80
  143543    146500        56
  143660    146617        22
  143683    146640        47
  143755    146712        30
  143786    146743        25
  143812    146769        42
  143862    146819        41
  143926    146883        38
  143965    146922        76
  144042    146999        53
  144111    147074        76
  144195    147158        90
  144286    147249        22
  144327    147290       119
  144447    147410       172
  144639    147602        28
  144668    147631        94
  144778    147741        43
  144822    147785        31
  144871    147834       148
  145020    147983        36
  145057    148020        50
  145108    148071        52
  145154    148120       164
  145319    148285       126
  145446    148412        93
  145540    148506       106
  145657    148623       207
  145865    148831        34
  145934    148900        64
  146003    148969        22
  146026    148992       124
  146152    149118        63
  146216    149182        32
  146249    149215        38
  146288    149254        21
  146324    149292        26
  146365    149333        33
  146397    149373        24
  146440    149420        20
  146478    149458        21
  146500    149480        24
  146528    149520        32
  146586    149578        24
  146625    149617       168
  146869    149792        39
  146909    149832        23
  146949    149872        20
  146973    149896        28
  147061    149997        48
  147157    150093        40
  147220    150156        25
  147265    150496        65
  147331    150562        25
  147357    150588        20
  147411    150642        25
  147492    150733        74
  147576    150817        30
  147629    150870        41
  147671    150912        47
  147740    150981        48
  147789    151030        32
  147823    151064        63
  147887    151128        84
  147977    151218        38
  148053    151294        62
  148116    151357        23
  148144    151391        57
  148218    151465        31
  148267    151514        26
  148331    151578        64
  148396    151643        34
  148442    151689       131
  148574    151821       102
  148677    151924        26
  148740    151987        51
  148792    152039        46
  148839    152086        35
  148875    152122        53
  148929    152176        29
  148959    152206        48
  149009    152256        32
  149042    152289        87
  149130    152377        26
  149157    152404        22
  149180    152427        28
  149216    152469        24
  149316    152533        59
  149376    152593        29
  149406    152623        26
  149433    152650        35
  149477    152694        25
  149531    152748        46
  149578    152795        23
  149606    152823        83
  149696    152913        35
  149732    152949        45
  149778    152995        25
  149804    153021        57
  149862    153079        68
  149954    153171        35
  150010    153218        30
  150064    153272        48
  150122    153330        43
  150180    153388        26
  150229    153437        38
  150273    153481        31
  150311    153519        51
  150393    153607        86
  150499    153713       104
  150604    153818        25
  150630    153844        44
  150687    153901        32
  150720    153934        90
  150811    154025        30
  150842    154056       135
  150998    154212        25
  151027    154241        80
  151155    154369        35
  151233    154447        24
  151258    154472        76
  151335    154549        36
  151372    154586        34
  151422    154636        47
  151470    154684        23
  151503    154717        38
  151547    154761        89
  151640    154854        22
  151677    154891        32
  151763    154977        72
  151836    155050        25
  151862    155076        68
  151946    155160        21
  151982    155196        63
  152084    155298        32
  152117    155331        22
  152140    155354        56
  152197    155411        52
  152250    155464        54
  152305    155519        39
  152356    155570        71
  152439    155653        42
  152482    155696        97
  152580    155794        22
  152603    155817        26
  152647    155861        97
  152762    155976        23
  152795    156009        33
  152829    156043        54
  152884    156098        58
  152951    156165        27
  152984    156189        21
  153026    156231        34
  153061    156266        85
  153147    156352        39
  153187    156392        29
  153222    156427       103
  153326    156531        22
  153349    156554        70
  153438    156643        22
  153465    156670        32
  153498    156703        54
  153553    156758        21
  153654    156859        22
  153678    156883        63
  153742    156947       107
  153861    157066        34
  153906    157111        32
  153939    157144        41
  153984    157189        57
  154042    157247        70
  154118    157323        81
  154200    157405        34
  154255    157460       108
  154364    157569        20
  154385    157590       150
  154536    157741        40
  154600    157805        31
  154659    157868        20
  154698    157907        57
  154756    157965        71
  154828    158037        21
  154886    158095        97
  155034    158249        22
  155061    158276        35
  155097    158312        98
  155218    158433        29
  155248    158463       352
  155616    158830        85
  155714    158928        31
  155747    158961       117
  155865    159079        30
  155904    159118        24
  155960    159169       152
  156113    159322       131
  156261    159470        20
  156283    159492        34
  156318    159527        44
  156363    159572        24
  156393    159602        44
  156438    159647        42
