> gi|326457455|gb|JF317356.1|
       3         1        52
      56        54        24
     450       431        54
     505       486        56
     628       609        23
     667       648        31
     699       680        21
     721       702        98
     820       801        41
     862       843        56
    1003       984        29
    1039      1020        53
    1113      1094        59
    1182      1163        36
    1234      1215        50
    1324      1305        71
    1396      1377        35
    1432      1413        23
    1456      1437       106
    1594      1570        37
    1756      1821        37
    1982      2071        20
    2219      2327        27
    2312      2420        20
    2345      2453        23
    2505      2613        27
    2545      2653        30
    2853      2961        22
    2970      3069        21
    3140      3239        39
    3265      3373        21
    3446      3557        27
    3592      3703        21
    3632      3742        26
    3712      3823        31
    3755      3861        23
    3779      3885        20
    4180      4292        21
    4264      4376        45
    4610      4661        34
    5211      5364        26
    5253      5406        62
    5345      5500        32
    6137      6303        63
    6230      6381        20
    7801      6936        32
    7838      6973        44
    8009      7152        20
    8030      7173        29
    8184      7336        21
    8208      7359        20
    8278      7429        41
    8359      7510        23
    8456      7615        20
    8779      7962        25
    8829      8012        47
    9041      8157        34
    9106      8222        20
    9141      8257        22
    9741      9052        20
    9796      9128        33
    9891      9223        44
   10043      9420        24
   10101      9478        20
   10249      9622        23
   10350      9729        24
   10417      9835        39
   10457      9875        28
   10502      9920        63
   10814     10185        26
   10841     10212        50
   11098     10402        24
   11124     10428        25
   11165     10469        32
   11229     10533        31
   11327     10631        23
   11387     10691        26
   11441     10745        41
   11483     10787        23
   11558     10862        20
   11579     10883        20
   11601     10905        25
   11636     10940        20
   11657     10961        20
   11681     10985        35
   11768     11072        23
   11792     11096        20
   11828     11132        23
   11864     11168        26
   11891     11195        65
   11981     11285        29
   12032     11336        44
   12125     11429        41
   12182     11486        32
   12227     11531        26
   12287     11591        41
   12344     11648        65
   12450     11754        60
   12582     11905        22
   12672     11995        21
   12750     12073        37
   12788     12111        28
   12841     12164        23
   12925     12248        40
   12966     12289        21
   13027     12359        31
   13059     12391        32
   13244     12687        25
   13675     13086        37
   13713     13124        29
   13743     13154        46
   13790     13201        20
   13824     13235        39
   14219     13827        29
   14283     13891        35
   14345     13953        27
   14373     13981        43
   14451     14059        29
   14501     14104        21
   14894     14517        21
   15166     14800        20
   15411     15079        23
   15432     15105        20
   15457     15126        48
   15615     15328        29
   15645     15358        20
   15691     15404        40
   15732     15445        38
   15860     15573        21
   15900     15613        44
   15945     15658        32
   15996     15709        44
   16186     15899        23
   16235     15948        30
   16324     16028        23
   16499     16215        33
   16567     16283        24
   16592     16308        20
   16651     16367        21
   16757     16473        36
   16808     16524        40
   16916     16632        41
   16958     16674        20
   16995     16711        38
   17054     16770        25
   17093     16809        20
   17150     16866        20
   17308     17032        21
   17543     17252        21
   17626     17335        21
   17686     17395        69
   17825     17534        24
   17889     17598        34
   17932     17641        51
   17996     17705        28
   18025     17734        20
   18066     17775        30
   18128     17837        35
   18164     17873        71
   18375     18090        28
   18450     18177        21
   18983     18707        37
   19160     18884        20
   19273     18997        36
   19310     19034        32
   19368     19101        31
   19460     19193        26
   19496     19229        29
   19535     19268        39
   19598     19331        42
   19649     19382        22
   19705     19438        21
   19730     19463        23
   19775     19508        32
   20183     19922        20
   20234     19973        26
   20261     20000        32
   20316     20055        52
   20369     20108        23
   20532     20271        34
   20567     20306        34
   20630     20369        32
   20718     20457        42
   20846     20585        47
   20950     20689        42
   20993     20732        26
   21041     20780        38
   21080     20819        26
   21116     20855        50
   21173     20912        23
   21197     20936        23
   21227     20966        71
   21305     21044        30
   21341     21080        41
   21407     21146        58
   21470     21209        55
   21575     21314        25
   21655     21394        26
   21833     21577        32
   21932     21676        23
   21956     21700        22
   21992     21736        22
   22058     21802        22
   22101     21839        38
   22239     21977        26
   22268     22006        27
   22316     22054        20
   22337     22075        23
   22364     22102        38
   22564     22302        24
   22589     22327        41
   22721     22459        32
   22787     22525        62
   22871     22609        41
   22919     22657        38
   22958     22696        23
   22982     22720        32
   23027     22765        47
   23075     22813        62
   23156     22894        20
   23201     22939        31
   23282     23020        20
   23339     23077        32
   23372     23110        23
   23623     23355        38
   23711     23430        25
   23982     23721        24
   24035     23774        36
   24072     23811        29
   24117     23856        31
   24155     23894        20
   24254     23993        62
   24338     24077        23
   24362     24101        20
   24383     24122        29
   24413     24152        56
   24473     24212        20
   24518     24257        38
   24557     24296        20
   24585     24324        50
   24679     24418        29
   24715     24454        29
   24760     24499        35
   24796     24535        32
   24829     24568        35
   24889     24628        44
   24934     24673        41
   25009     24748        23
   25119     24858        30
   25212     24951        51
   25345     25084        26
   25576     25315        26
   25629     25368        27
   25713     25452        27
   25741     25480        27
   25852     25591        23
   25940     25679        31
   25972     25711        22
   26101     25840        35
   26137     25876        20
   26158     25897        35
   26194     25933        37
   26248     25987        23
   26272     26011        29
   26350     26089        29
   26548     26287        39
   26614     26353        29
   26644     26383        20
   26665     26404        20
   26749     26488        35
   26799     26538        21
   26848     26587        23
   26872     26611        23
   26896     26635        36
   26941     26680        49
   27005     26744        22
   27028     26767        20
   27049     26788        29
   27079     26818        22
   27117     26856        54
   27208     26947        22
   27231     26970        48
   27292     27031        42
   27340     27079        23
   27367     27106        23
   27391     27130        20
   27427     27166        50
   27556     27295        50
   27631     27370        38
   27673     27412        38
   27735     27474        27
   27891     27638        30
   28108     27854        36
   29035     28763        21
   29057     28785        24
   29101     28830        22
   29828     29426        20
   29849     29447        35
   29885     29483        29
   29952     29553        32
   30158     29763        22
   30981     30359        24
   31053     30427        20
   31092     30466        20
   31141     30511        33
   31221     30587        34
   31276     30642        21
   31950     31007        70
   32118     31566        98
   32233     31681        77
   32323     31771        24
   32379     31827        32
   33112     32629        74
   33518     33044        25
   33544     33070        24
   34311     33743        25
   34332     33758        22
   34604     34031        23
   34679     34103        22
   34702     34126        34
   34737     34161        62
   34810     34234        25
   34854     34278        23
   34878     34302        20
   34902     34326        29
   34947     34371        95
   35058     34482        23
   35151     34575        47
   35199     34623        23
   35229     34653        32
   35262     34686        20
   35283     34707        29
   35332     34756        31
   35364     34788        62
   35427     34851        20
   35448     34872       123
   35586     35010        20
   35625     35049        41
   35667     35091       117
   35785     35209        41
   35836     35260        24
   35866     35290        74
   35959     35383        41
   36025     35449        56
   36082     35506        44
   36151     35575        44
   36220     35644        50
   36286     35710        35
   36335     35759        25
   36394     35818        20
   36415     35839        33
   36449     35873        31
   36523     35947        29
   36577     36001        44
   36625     36049        86
   36721     36145        29
   36751     36175        20
   36772     36196        21
   36862     36286        26
   36937     36361        26
   36992     36416        21
   37072     36496        32
   37360     36802        47
   37409     36851        25
   37435     36877        31
   37764     37216        22
   37787     37239        23
   37814     37266        48
   37887     37339        28
   37950     37402        23
   37974     37426        20
   38271     38117        76
   38532     38367        43
   38643     38475        45
   38721     38561        38
   38775     38615        74
   38891     38731        23
   38943     38783        41
   39031     38871        26
   39066     38906        29
   39174     39019        26
   39210     39055        20
   39231     39076        23
   39270     39115        26
   39321     39166        29
   39369     39214        20
   39390     39235        44
   39435     39280        20
   39497     39342        48
   39549     39394        26
   39576     39421        32
   39609     39454        41
   39651     39496        20
   39678     39523        44
   39723     39568        20
   39767     39612        33
   39816     39661        41
   39858     39703        20
   39882     39727        32
   39951     39796        20
   39996     39841        29
   40089     39934        68
   40203     40048        20
   40227     40072        20
   40248     40093        41
   40290     40135        41
   40332     40177        29
   40380     40225        32
   40479     40324        20
   40559     40404        59
   40621     40466        34
   40656     40501        31
   40710     40555        35
   40761     40606        20
   40794     40639        26
   40830     40675        26
   40875     40720        44
   40926     40771        23
   40950     40795        26
   40983     40828        32
   41067     40912        41
   41154     40999        59
   41214     41059        68
   41283     41128        50
   41334     41179        37
   41372     41217        52
   41425     41270        35
   41467     41312       163
   41650     41495        32
   41689     41534        20
   41710     41555        20
   41791     41636        55
   41847     41692        42
   41944     41789        26
   41977     41822        53
   42031     41876        56
   42142     41987        26
   42180     42025        69
   42250     42095        72
   42323     42168        28
   42358     42203        80
   42451     42296        50
   42502     42347        32
   42535     42380        77
   42646     42491        26
   42778     42623        20
   42817     42662        41
   42874     42719        38
   42913     42758        20
   42982     42827        26
   43045     42890        35
   43162     43007        62
   43228     43073        29
   43276     43121        26
   43318     43163        20
   43354     43199        32
   43441     43286        26
   43468     43313        23
   43492     43337        32
   43531     43376        23
   43564     43409        25
   43590     43435        93
   43731     43569        23
   43781     43627        33
   43815     43661        27
   43859     43705        29
   43949     43801        20
   44264     44069        36
   44441     44447        77
   44531     44537        20
   44572     44578        52
   44772     44782        26
   44859     44879        24
   45048     45068        26
   45075     45095        21
   45171     45190        20
   45205     45224        20
   45270     45328        39
   45310     45368        29
   45343     45401        29
   45394     45452        29
   45424     45482        62
   45490     45548        26
   45601     45660        22
   45760     45821        29
   45801     45862        20
   45823     45884        26
   45858     45919        27
   45928     45985        32
   45961     46018        21
   46099     46150        22
   46131     46182        32
   46231     46331        26
   46258     46358        96
   46355     46455        34
   46437     46542        24
   47227     46749        56
   47288     46810        34
   47596     47112        48
   47645     47161        22
   47834     47350        21
   47861     47377        35
   47906     47422        44
   48008     47524        35
   48044     47560        34
   48110     47626        20
   48179     47695        23
   48551     48264        59
   49319     49286        20
   49618     49654       103
   49725     49758        28
   49795     49852        31
   50093     50177        36
   50139     50229        52
   50192     50282        33
   50612     50729        42
   50698     50815        27
   51346     51512        29
   51445     51611        20
   51495     51661        24
   51571     51737        44
   51631     51797        59
   51691     51857        23
   51715     51881        35
   51794     51960        25
   51979     52167        26
   52053     52241        22
   52120     52308        44
   52222     52410        38
   52279     52467        20
   52315     52503        20
   52339     52527        44
   52501     52689        29
   52531     52719        46
   52665     52863        34
   52740     52938        89
   52851     53049        41
   52905     53103        20
   52956     53154        23
   52980     53178        34
   53362     54059        49
   53412     54109        22
   53442     54139        28
   53464     54159        34
   53614     54326        25
   53640     54352        27
   53755     54467        31
   53799     54511        29
   53871     54581        27
   53941     54656        20
   53987     54702        22
   54208     54951        74
   54508     55286        27
   54588     55366        32
   54621     55399        23
   54658     55436        47
   54709     55487        47
   54757     55535        26
   54788     55566        31
   54820     55598        23
   54853     55631        25
   54879     55657        21
   54921     55699        41
   54963     55741        25
   54993     55771        32
   55125     55903        50
   55203     55981        23
   55281     56059        23
   55305     56083        26
   55371     56149        35
   55416     56194        65
   55482     56260        32
   55515     56293        32
   55548     56326        65
   55614     56392        20
   55635     56413        23
   55704     56482        29
   55749     56527        23
   55806     56584        29
   55896     56674        44
   55974     56752        38
   56075     56853        31
   56124     56902        26
   56151     56929        29
   56202     56980        20
   56232     57010        23
   56437     57208        29
   56790     57601        34
   56924     58023        42
   57056     58137        20
   57077     58158        33
   57111     58192        58
   57173     58254        21
   57205     58286        24
   57266     58347        23
   57290     58371        26
   57338     58419        35
   57422     58503        95
   57521     58602        20
   57581     58662        32
   57623     58704        38
   57671     58752        20
   57701     58782        26
   57728     58809        23
   57768     58849        26
   57795     58876        70
   57893     58974        20
   57932     59013        44
   57977     59058        20
   58007     59088        56
   58064     59145        20
   58103     59184        20
   58136     59217        23
   58193     59274        26
   58250     59331        30
   58322     59403        60
   58451     59532        41
   58522     59659        20
   58568     59700        51
   58753     59869        30
   59062     60318        20
   59386     60641        21
   59560     60821        25
   59800     61052        20
   59812     61070        20
   59856     61114        23
   59880     61138        22
   59927     61185        20
   59970     61228        23
   60029     61287        24
   60105     61363        29
   60237     61495        23
   60261     61519        23
   60285     61543        29
   60336     61594        20
   60366     61624        32
   60414     61672        29
   60518     61776        25
   60592     61850        20
   61134     62442        23
   61386     62665        39
   61873     63138        20
   61941     63206        23
   62013     63278        26
   62070     63335        20
   62142     63407        26
   62199     63464        20
   62269     63534        28
   62329     63594        28
   62367     63632        20
   62502     63775        22
   62739     64026        26
   63009     64331        20
   63290     64650        24
   63323     64684        20
   63361     64722        35
   63397     64758        21
   63468     64829        23
   63674     65029        35
   63775     65130        20
   63841     65196        21
   63863     65218        21
   63892     65247        26
   63919     65274        29
   63979     65334        20
   64000     65355        20
   64227     65575        71
   64300     65648        34
   64392     65740        20
   64413     65761        35
   64482     65830        26
   64516     65864        20
   64537     65885        25
   64563     65911        20
   64644     65992        34
   64695     66043        20
   64731     66079        35
   64839     66187        23
   64894     66242        34
   64992     66340        26
   65085     66433        23
   65166     66514        26
   65206     66554        21
   65624     66971        24
   65657     67004        22
   66286     67703        42
   66354     67771        36
   66429     67846        21
   66512     67938       134
   66649     68079       131
   66797     68227        26
   66824     68254        45
   66885     68315        20
   66942     68372        23
   66966     68396        73
   67040     68470        20
   67068     68489        24
   67124     68545        27
   67160     68581        59
   67236     68659        23
   68219     69207        24
   68268     69252        40
   68327     69311        48
   68407     69391        20
   68599     69578        37
   68643     69622        35
   68695     69674        37
   68839     69860        35
   68875     69896        53
   69074     70117        90
   69440     70431        20
   69652     70669        20
   69719     70740        22
   70135     71183        21
   70157     71205        20
   70300     71348        29
   70561     71786        55
   70617     71842        33
   70651     71876        20
   70687     71912        44
   70732     71957        20
   70788     72013        28
   71176     72349        24
   71269     72442        34
   71306     72479        61
   71406     72579        21
   71457     72624        21
   71486     72646        25
   71670     72845        43
   71761     72927        28
   71875     73042        29
   71932     73099        28
   71974     73141        32
   72024     73190        33
   72191     73341        32
   72248     73398        20
   72283     73433        30
   72335     73485        22
   72495     73698        62
   72559     73762        36
   72613     73816        26
   72652     73855        26
   72679     73882        30
   72807     74017        22
   72946     74173        22
   72995     74202        28
   73220     74498        32
   73285     74571        39
   73326     74612        28
   73355     74641        20
   73382     74668        29
   73436     74722        40
   73481     74767        54
   73541     74827        42
   73657     74942        20
   73836     75169        37
   73887     75232        24
   74352     75756        23
   74413     75817        27
   74879     76241        38
   75038     76400        23
   75080     76442        47
   75152     76514        29
   75194     76556        41
   75236     76598        29
   75269     76631        32
   75302     76664        26
   75371     76733        23
   75446     76808        23
   75473     76835        35
   75584     76946        20
   75614     76976        65
   75698     77060        20
   75762     77124        70
   75914     77276        23
   75938     77300        20
   75959     77321        29
   76052     77414        41
   76094     77456        20
   76127     77489        86
   76283     77645        44
   76337     77699        47
   76385     77747        31
   76564     77926        25
   76605     77967        21
   76629     77991        51
   76774     78136        22
   76822     78184        45
   76881     78243        33
   76958     78320        22
   77022     78386        36
   77064     78428        29
   77100     78464        23
   77124     78488        32
   77158     78522        31
   77197     78561        25
   77340     78709        47
   77388     78757        20
   77762     79159        35
   77829     79241        21
   77993     79409        27
   78063     79472        20
   78153     79570        41
   78226     79643        28
   78273     79690        26
   78300     79717       101
   78498     79915        23
   78597     80014        23
   78630     80047        32
   78663     80080        29
   78744     80161        28
   78912     80347        25
   78938     80373        27
   78966     80401        21
   79031     80462        21
   79061     80492        61
   79148     80579        27
   79306     80742        28
   79643     81087        32
   79708     81152        24
   79733     81177        20
   79805     81249        32
   79985     81429        53
   80048     81492        38
   80114     81558        26
   80153     81597        36
   80254     81695        23
   80426     81817        21
   80451     81842        20
   80575     81966        23
   80715     82112        23
   80766     82163        29
   80853     82250        47
   80957     82354        21
   81039     82436        20
   81122     82519        24
   81186     82583        20
   81230     82627        25
   81299     82696        21
   81379     82782        32
   81464     82872        20
   81494     82902        32
   81531     82939        40
   81605     83013        20
   81638     83046        38
   81770     83178        29
   81913     83314        25
   81991     83427        25
   82064     83500        26
   82421     83823        26
   82576     83986        30
   82649     84059        22
   82701     84111        28
   82850     84257        22
   82937     84344        34
   83213     84583        20
   83257     84627        30
   83351     84721        20
   83417     84787        44
   83476     84846        21
   83513     84883        20
   83696     85087        20
   83795     85186        35
   83846     85237        32
   83918     85309        20
   83939     85330        33
   84008     85399        29
   84044     85435        27
   84076     85470        24
   84106     85500        32
   84409     85830        24
   84524     85957        22
   84920     86407        32
   85073     86562        29
   85220     86753        26
   85364     86897        41
   85412     86945        29
   85463     86996        23
   85529     87062        23
   85666     87199        22
   85822     87355        49
   86029     87586        22
   86130     87687        23
   86161     87718        37
   86202     87759        33
   86273     87830        28
   86479     88083        26
   86725     88332        74
   86805     88412        21
   86827     88434        82
   86911     88518        50
   86962     88569        80
   87095     88702        76
   87167     88778        78
   87328     88958       118
   87447     89077        31
   87479     89109       103
   87592     89222       160
   87753     89383        27
   87781     89411       197
   88019     89649        40
   88060     89690        75
   88136     89766        22
   88199     89829        39
   88239     89869        49
   88343     89973       111
   88455     90085        27
   88488     90118        45
   88534     90164        71
   88609     90239       328
   88958     90588        34
   88993     90623        81
   89080     90710        70
   89151     90781        57
   89212     90842        74
   89297     90927        45
   89360     90990        90
   89451     91081        34
   89486     91116        23
   89515     91145        40
   89595     91225        22
   89618     91248        21
   89640     91270        54
   89695     91325        32
   89728     91358        24
   89773     91403        68
   89842     91472        24
   89867     91497        34
   89923     91553        52
   89976     91606        28
   90006     91636        35
   90046     91676       116
   90163     91793        23
   90190     91820        52
   90249     91879        75
   90325     91955        29
   90364     91994        33
   90407     92037        23
   90434     14095        20
   90448     92078        97
   90555     92179        68
   90634     92258        96
   90731     92355       102
   90834     92458        27
   90862     92486        25
   90888     92512        54
   90943     92567        45
   90989     92613        74
   91055    155177        24
   91071     92695        37
   91126     92750       107
   91234     92858        27
   91262     92886        46
   91309     92933       120
   91430     93054        24
   91481     93105        34
   91516     93140        29
   91553     93177        34
   91588     93212        52
   91699     93323        24
   91724     93348        46
   91797     93421        23
   91821     93445        36
   91858     93482        76
   91935     93559       102
   92059     93683        22
   92082     93706        21
   92113     93743        21
   92140     93770        25
   92166     93796        24
   92215     93845        23
   92239     93869        85
   92325     93955        56
   92382     94012        46
   92429     94059        44
   92475     94105        30
   92525     94155       186
   92712     94342        55
   92768     94398        31
   92811     94447        29
   92841     94477        78
   92925     94561        53
   92980     94616        46
   93027     94663        51
   93080     94716        30
   93129     94765        60
   93200     94836        48
   93249     94885        72
   93346     94982        42
   93389     95025       107
   93503     95139        20
   93524     95160        82
   93615     95251        36
   93652     95288        29
   93690     95326        25
   93721     95357        54
   93787     95423        29
   93817     95453        31
   93849     95485        27
   93970     95588        24
   94013     95637        56
   94081     95705        54
   94136     95760        32
   94179     95803        72
   94285     95909       120
   94406     96030        82
   94507     96131        26
   94534     96158        64
   94599     96223        28
   94637     96261        67
   94705     96329        74
   94780     96404        50
   94832     96456        47
   94880     96504        38
   94919     96543        24
   95022     96646        44
   95071     96701        53
   95125     96755        32
   95170     96800        24
   95198     96828        35
   95234     96864        27
   95262     96892        31
   95294     96924        29
   95324     96954        28
   95359     96989        53
   95422     97052        69
   95492     97122        40
   95540     97170        41
   95604     97234        30
   95635     97265        95
   95824     97464        31
   95856     97496       109
   95991     97936        20
   96043     97988        25
   96113     98058        49
   96213     98171        30
   96272     98229        37
   96310     98267        31
   96413     98301       172
   96600     98488        49
   96689     98599        26
   96791     98715        24
   96812     98744        47
   96860     98792        27
   96887     98821        88
   96995     98929        38
   97067     99018       117
   97185     99136        22
   97208     99159        75
   97300     99251        45
   97346     99297        42
   97404     99355        29
   97434     99385       119
   97564     99515       106
   97671     99622        93
   97770     99721       121
   97892     99843        22
   97936     99890        33
   97993     99947        62
   98055    100010        98
   98154    100109        36
   98191    100146       143
   98340    100295        41
   98400    100361       171
   98581    100542       156
   98738    100699       151
   98901    100862        23
   98925    100886        90
   99016    100977       158
   99175    101136       125
   99304    101266        30
   99362    101325        42
   99405    101368        56
   99470    101433        63
   99534    101497        35
   99599    101560        74
   99674    101635        81
   99756    101717        73
   99830    101791       103
   99934    101895        66
  100051    102012        32
  100098    102059        26
  100141    102102        79
  100243    102204        51
  100305    102266       106
  100449    102410       404
  100854    102815       167
  101022    102983        28
  101082    103051        40
  101182    103144       113
  101296    103258        29
  101374    103361        22
  101409    103396        57
  101498    103484        25
  101525    103511        24
  101610    103597        86
  101697    103684        20
  101748    103736        20
  101769    103757        48
  101818    103806        24
  101859    103876        21
  101860    103897        31
  101892    103929        22
  101933    103981        38
  101972    104020        81
  102116    104164        32
  102149    104197        47
  102236    104284        25
  102293    104346        26
  102320    104373        59
  102385    104438        28
  102417    104470        22
  102460    104504        22
  102492    104536        32
  102532    104576        20
  102553    104598        38
  102659    104704        31
  102701    104749        32
  102746    104794       100
  102872    104919        38
  102911    104958        31
  102943    104990        25
  102969    105016        31
  103003    105050        40
  103044    105091       550
  103595    105642       531
  104127    106174        20
  104148    106195        89
  104238    106285        23
  104262    106309       329
  104635    106682        36
  104672    106719        44
  104761    106806        39
  104825    106871       159
  104985    107031        32
  105018    107064        57
  105136    107181        75
  105209    107257        21
  105231    107279        28
  105260    107308        52
  105306    107352        27
  105334    107380        26
  105362    107408        26
  105389    107435        66
  105465    107513        47
  105513    107561        44
  105556    107598        39
  105662    107714        23
  105686    107738        35
  105722    107774        61
  105784    107836        82
  105867    107919        57
  105920    107971        64
  105985    108036       138
  106139    108190        54
  106220    108270       110
  106331    108381        46
  106390    108440        21
  106431    108476        71
  106503    108548        21
  106586    108627        38
  106631    108668       114
  106746    108782        24
  106771    108807        53
  106865    108905        50
  106910    108955        35
  106953    109008       101
  107055    109110        98
  107154    109209        91
  107246    109301        28
  107298    109353        53
  107352    109407       106
  107459    109514        55
  107515    109570       103
  107619    109674       297
  107917    109972       242
  108160    110215        24
  108213    110269        70
  108284    110340       163
  108459    110515        39
  108499    110555        49
  108549    110605       467
  109017    111073        30
  109048    111104        26
  109075    111131        22
  109112    111168       695
  109841    111897       201
  110019    112107        52
  110102    112186        33
  110144    112228        23
  110173    112263        51
  110225    112315        57
  110296    112386        39
  110336    112426        21
  110337    135410        30
  110368    112469        35
  110415    112516        43
  110477    112567        54
  110543    112633        22
  110566    112656        87
  110654    112744        57
  110835    112936        81
  110943    113049        30
  111004    113117        29
  111052    113166        26
  111076    113192        87
  111211    134529        20
  111244    113370        25
  111270    113396        25
  111296    113422        75
  111393    113519        25
  111419    113545        59
  111565    113701        28
  111673    113804        28
  112900    114187        36
  113132    114413        30
  113269    114550        27
  113549    114803        38
  113657    114911        58
  113893    115147        21
  113939    115193        23
  114080    115334        20
  114149    115403        32
  114251    115505        26
  114335    115589        23
  114365    115619        29
  114455    115709        32
  114488    115742        23
  114524    115778        34
  114598    115852        20
  114687    115941        21
  114786    116040        22
  115593    117384        29
  115649    117440        25
  115717    117508        20
  116694    118680        56
  116895    118897        28
  116956    118961        30
  116993    118998        24
  117257    119271        23
  117284    119298        38
  117323    119337        23
  117533    119538        20
  117593    119598        28
  117722    119727        20
  117774    119779        27
  117996    120057        20
  118052    120110        24
  118162    120221        26
  118268    120327        37
  118306    120365        28
  118337    120396        28
  118396    120455        23
  118498    120557        44
  118600    120659        38
  118648    120707        20
  118756    120815        26
  118816    120875        26
  118870    120929        43
  118963    121022        37
  119050    121109        26
  119077    121136        20
  119137    121196        20
  119158    121217        38
  119302    121361        23
  119532    121591        53
  119689    121747        22
  119715    121773        32
  119817    121875        23
  119844    121902        20
  119877    121935        26
  119904    121962        35
  120080    122135        21
  120203    122274        23
  120244    122315        42
  120315    122386        40
  120364    122435        24
  120398    122469        61
  120740    122814        28
  120770    122844        20
  120806    122880        32
  120993    123067        24
  121114    123188        25
  121249    123319        23
  121656    123769        23
  121680    123793        29
  121716    123829        29
  121749    123862        53
  121836    123949        23
  121884    123997        32
  121917    124030        47
  122106    124219        37
  122166    124279        22
  122252    124353        25
  122374    124475        39
  122494    124595        26
  122545    124646        41
  122617    124718        32
  122659    124760        29
  122692    124793        44
  122737    124838        36
  122949    125050        21
  123492    125587        23
  123652    125770        29
  123690    125817        20
  123885    125975        20
  123924    126014        35
  123993    126083        25
  124131    126221        20
  124245    126335        20
  124266    126356        29
  124296    126386        20
  124320    126410        23
  124420    126510        35
  124468    126558        23
  124492    126582        22
  124642    126732        26
  124669    126759        20
  124714    126804        23
  124804    126894        23
  124933    127023        23
  125010    127100        22
  125065    127155        20
  125113    127203        25
  125139    127229        24
  125212    127302        35
  125250    127340        45
  125389    127479        38
  125512    127602        32
  125799    127895        44
  125844    127940        23
  126418    128523        47
  126634    128739        22
  127432    129534        25
  127476    129578        20
  127588    129681        23
  127853    129943        29
  128337    130478        24
  129361    131529        20
  129382    131550        21
  129416    131584        28
  129487    131655        26
  130065    132230        24
  130102    132267        27
  130764    132905        27
  130937    133081        27
  131229    133394        30
  131326    133491        26
  131419    133584        44
  131464    133629        23
  131488    133653        58
  131581    133746        25
  131624    133795        34
  131659    133830        30
  131725    133896        20
  131777    133948        35
  131853    134024        52
  131985    134151        28
  132100    134276        59
  132160    134336        25
  132207    134383        75
  132283    134459        25
  132309    134485        25
  132347    113331        20
  132415    134601        87
  132500    134688        26
  132545    134734        29
  132605    134801        30
  132662    134863        81
  132861    135079        57
  132919    135137        87
  133007    135225        22
  133041    135259        54
  133114    135321        43
  133169    135376        35
  133205    112440        30
  133215    135433        21
  133237    135455        39
  133290    135508        57
  133348    135566        51
  133405    135629        23
  133437    135661        33
  133485    135709        21
  133501    135721        52
  133530    135782       201
  133765    136017       695
  134475    136727        22
  134498    136750        26
  134525    136777        30
  134556    136808       467
  135024    137276        49
  135074    137326        39
  135125    137377       163
  135289    137541        70
  135388    137641        24
  135413    137666       242
  135656    137909       297
  135954    138207        50
  136005    138258        52
  136058    138311        55
  136114    138367       106
  136221    138474        53
  136298    138551        28
  136327    138580        91
  136419    138672        98
  136518    138771       101
  136627    138890        35
  136657    138925        50
  136748    139020        53
  136802    139074        24
  136827    139098       114
  136948    139215        38
  137048    139311        21
  137070    139333        71
  137161    139419        21
  137195    139453        46
  137242    139500       110
  137379    139636        54
  137449    139706       138
  137588    139845        64
  137648    139904        57
  137706    139962        82
  137789    140045        61
  137851    140107        35
  137887    140143        23
  137977    140243        39
  138015    140275        44
  138060    140320        47
  138117    140379        66
  138184    140446        26
  138212    140474        26
  138239    140501        27
  138260    140520        52
  138313    140573        28
  138342    140602        21
  138361    140624        75
  138497    140759        57
  138555    140817        32
  138588    140850       159
  138772    141035        39
  138856    141117        44
  138901    141162        36
  138981    141242       329
  139311    141572        23
  139335    141596        89
  139425    141686        20
  139446    141707       531
  139978    142239       550
  140529    142790        40
  140572    142833        31
  140604    142865        25
  140630    142891        31
  140662    142923        38
  140726    142986       100
  140839    143099        32
  140882    143145        31
  140981    143244        38
  141020    143284        20
  141048    143312        32
  141090    143354        22
  141133    143388        22
  141159    143414        28
  141193    143448        59
  141253    143508        26
  141311    143571        25
  141376    143636        47
  141424    143684        32
  141519    143779        81
  141601    143861        38
  141658    143929        22
  141681    143952        31
  141692    143983        21
  141730    144050        24
  141755    144075        48
  141804    144124        20
  141855    144176        20
  141876    144197        86
  142023    144345        24
  142049    144371        25
  142106    144427        57
  142176    144497        22
  142257    144593        29
  142287    144623       113
  142460    144789        40
  142532    144869        28
  142561    144898       167
  142729    145066       404
  143171    145508       106
  143288    145625        51
  143362    145699        79
  143458    145795        26
  143499    145836        32
  143582    145919        66
  143649    145986       103
  143753    146090        73
  143827    146164        81
  143909    146246        74
  144013    146348        35
  144049    146384        63
  144121    146456        56
  144178    146513        42
  144248    146584        30
  144282    146619       125
  144408    146745       158
  144567    146904        90
  144658    146995        23
  144693    147030       151
  144845    147182       156
  145011    147348       171
  145201    147544        41
  145248    147591       143
  145392    147735        36
  145429    147772        98
  145527    147871        62
  145613    147957        33
  145668    148015        22
  145691    148038       121
  145818    148165        93
  145912    148259       106
  146029    148376       119
  146149    148496        29
  146194    148541        42
  146237    148584        45
  146299    148646        75
  146375    148722        22
  146398    148745       117
  146549    148913        38
  146607    148971        88
  146695    149061        27
  146723    149089        47
  146767    149141        24
  146867    149255        26
  146933    149343        49
  146997    149407       172
  147241    149582        31
  147273    149614        37
  147339    149679        30
  147420    149773        49
  147514    149867        25
  147571    149924        20
  147617    150275       109
  147727    150385        31
  147852    150520        95
  147948    150616        30
  148001    150669        41
  148050    150718        40
  148091    150759        69
  148170    150838        53
  148230    150898        28
  148259    150927        29
  148289    150957        31
  148321    150989        27
  148349    151017        35
  148388    151056        24
  148425    151093        32
  148458    151126        53
  148516    151190        44
  148639    151313        24
  148664    151338        38
  148703    151377        47
  148752    151426        50
  148803    151477        74
  148878    151552        67
  148955    151629        28
  148984    151658        64
  149049    151723        26
  149094    151768        82
  149177    151851       120
  149331    152005        72
  149414    152088        32
  149447    152121        54
  149513    152187        56
  149588    152268        24
  149706    152368        27
  149734    152396        31
  149766    152428        29
  149807    152469        54
  149867    152529        25
  149901    152563        29
  149931    152593        36
  149976    152638        82
  150059    152721        20
  150086    152748       107
  150194    152856        42
  150261    152923        72
  150334    152996        48
  150393    153055        60
  150472    153134        30
  150504    153166        51
  150556    153218        46
  150604    153266        53
  150663    153325        78
  150742    153404        29
  150783    153451        31
  150815    153483        55
  150871    153539       186
  151077    153745        30
  151109    153777        44
  151154    153822        46
  151201    153869        56
  151258    153926        85
  151344    154012        23
  151392    154060        24
  151417    154085        25
  151448    154116        21
  151479    154153        21
  151501    154175        22
  151545    154219       102
  151648    154322        76
  151725    154399        36
  151762    154436        23
  151812    154486        46
  151859    154533        24
  151942    154616        52
  151995    154669        34
  152037    154711        29
  152067    154741        34
  152128    154802        24
  152153    154827       109
  152270    154948        46
  152317    154995        27
  152345    155023       107
  152470    155148        37
  152499     92679        24
  152515    155193        74
  152590    155268        45
  152636    155314        54
  152691    155369        25
  152717    155395        27
  152745    155423       102
  152848    155526        96
  152955    155633        68
  153033    155705        97
  153148    155820        23
  153181    155853        33
  153224    155896        29
  153254    155926        75
  153336    156008        52
  153392    156064        23
  153416    156088       116
  153537    156209        35
  153574    156246        28
  153603    156275        52
  153677    156349        34
  153712    156384        24
  153737    156409        68
  153826    156498        24
  153851    156523        32
  153884    156556        54
  153939    156611        21
  153961    156633        22
  154023    156695        40
  154069    156741        23
  154093    156765        34
  154128    156800        90
  154236    156908        45
  154292    156964        74
  154370    157042        57
  154428    157100        70
  154504    157176        81
  154586    157258        34
  154641    157313       328
  154973    157645        71
  155045    157717        45
  155096    157768        27
  155124    157796       111
  155290    157962        49
  155340    158012        39
  155420    158092        22
  155443    158115        75
  155519    158191        40
  155600    158272       197
  155798    158470        27
  155826    158498       160
  155996    158668       103
  156100    158772        31
  156132    158804       118
  156333    159024        78
  156407    159102        76
  156536    159231        80
  156617    159312        50
  156669    159364        82
  156752    159447        21
  156779    159474        74
