> gi|442566648|gb|KC180775.1|
       3         1        52
      56        54        24
     444       521        34
     505       582        50
     607       684        59
     667       744        38
     721       798        98
     820       897        41
     862       939        56
     928      1005        41
     970      1047        20
    1033      1110        68
    1113      1190        68
    1198      1275        20
    1246      1323        38
    1285      1362        29
    1324      1401        47
    1372      1449        23
    1396      1473        53
    1456      1533        65
    1522      1599        49
    1597      1680        34
    1756      1886        46
    1843      1976        29
    1978      2115        20
    2080      2208        23
    2223      2357        23
    2250      2384        27
    2312      2446        20
    2423      2557        25
    2494      2628        30
    2898      3035        20
    2982      3119        21
    3133      3264        33
    3293      3433        21
    3435      3575        37
    3508      3648        23
    3585      3738        28
    3632      3784        26
    3673      3831        22
    3939      4101        21
    3970      4140        27
    4084      4248        21
    4132      4296        28
    4180      4343        21
    4264      4427        45
    5211      5162        99
    5324      5276        20
    5971      5936        35
    6071      6035        35
    6137      6105        63
    6849      6722        25
    7807      7535        30
    7838      7566        44
    8009      7738        42
    8208      7962        37
    8350      8104        32
    8383      8137        28
    8749      8481        20
    8779      8515        31
    8835      8571        20
    8856      8592        51
    9040      8780        35
    9079      8819        26
    9106      8846        20
    9796      9655        33
    9902      9766        33
   10013      9876        20
   10249     10135        23
   10425     10335        69
   10502     10412        65
   10814     10730        26
   10841     10757        49
   11150     11298        47
   11204     11352        32
   11261     11409        41
   11303     11451        56
   11399     11547        35
   11438     11586        44
   11486     11634        20
   11507     11655        47
   11579     11727        21
   11627     11775        29
   11678     11826        38
   11733     11881        22
   11792     11940        20
   11892     12040        64
   11981     12129        32
   12032     12180        44
   12185     12333        29
   12287     12435        50
   12338     12486        35
   12374     12522        22
   12425     12573        24
   12450     12598        60
   12511     12659        27
   12552     12698        21
   12574     12720        41
   12649     12795        22
   12672     12818        56
   12760     12906        26
   12787     12933        22
   12859     13005        26
   12898     13044        21
   12930     13076        75
   13006     13152        27
   13034     13180        30
   13065     13211        31
   13124     13274        24
   13186     13336        20
   13206     13371        30
   13242     13406        27
   13684     13879        28
   13713     13908        29
   13743     13938        47
   13824     14019        30
   14049     14427        22
   14302     14680        48
   14354     14732        62
   14429     14807        53
   14651     15036        21
   14860     15255        25
   15408     15757        46
   15585     15969        80
   15666     16050        20
   15687     16071        56
   15744     16128        89
   15909     16293        49
   15984     16368        29
   16077     16461        35
   16235     16619        30
   16324     16708        25
   16352     16736        26
   16499     16890        33
   16534     16925        20
   16565     16956        47
   16643     17034        29
   16691     17082        29
   16757     17148        50
   16877     17268        59
   16937     17328        57
   17024     17415        29
   17054     17445        25
   17088     17479        34
   17150     17541        20
   17189     17580        23
   17293     17684        25
   17530     17941        23
   17626     18037        24
   17686     18097        21
   17726     18137        58
   17859     18270        25
   17889     18300        22
   17984     18395        38
   18023     18434        22
   18066     18477        20
   18128     18539        20
   18164     18575        38
   18203     18614        49
   18278     18689        23
   18316     18727        27
   18376     18793        36
   18444     18873        30
   18516     18945        25
   18542     18971        29
   18700     19129        28
   18770     19199        24
   18825     19254        20
   18998     19418        22
   19102     19522        30
   19232     19652        24
   19286     19706        20
   19310     19730        32
   19376     19805        55
   19496     19925        22
   19543     19972        21
   19654     20083        30
   19730     20159        44
   19976     20405        22
   20162     20594        20
   20212     20644        21
   20246     20678        23
   20270     20702        23
   20333     20765        34
   20416     20848        30
   20561     20993        40
   20612     21044        59
   20690     21122        27
   20738     21170        22
   20761     21193        23
   20849     21281        26
   20894     21326        28
   20969     21401        23
   20993     21425        41
   21035     21467        44
   21080     21512        26
   21107     21539        23
   21137     21569        29
   21191     21623        35
   21233     21665        48
   21341     21773        41
   21395     21827        29
   21425     21857        40
   21485     21917        40
   21587     22019        27
   21892     22324        30
   21932     22364        22
   22036     22468        44
   22122     22554        28
   22239     22671        26
   22268     22700        27
   22304     22736        59
   22378     22810        27
   22478     22910        20
   22547     22979        38
   22586     23018        20
   22607     23039        20
   22631     23063        22
   22685     23117        68
   22805     23237        47
   22877     23309        35
   22919     23351        47
   23027     23459        34
   23075     23507        44
   23177     23609        23
   23207     23639        20
   23252     23684        26
   23282     23714        32
   23315     23747        21
   23339     23771        84
   23437     23869        27
   23529     23956        20
   23624     24066        42
   23708     24134        28
   23740     24166        22
   23793     24219        33
   24079     24499        20
   24100     24520        48
   24152     24572        31
   24205     24625        30
   24254     24674        38
   24293     24713        29
   24323     24743        59
   24383     24803        20
   24413     24833        71
   24494     24914        65
   24582     25002        53
   24660     25080        48
   24778     25198        44
   24823     25243       104
   24934     25354        52
   24987     25407        21
   25009     25429        23
   25042     25462        40
   25087     25507        31
   25132     25552        20
   25201     25621        32
   25264     25684        23
   25315     25735        23
   25360     25780        29
   25426     25846        31
   25504     25924        41
   25608     26028        20
   25629     26049        27
   25674     26094        20
   25713     26133        55
   25780     26200        27
   25852     26272        66
   25928     26348        43
   25972     26392        25
   26037     26457        36
   26101     26521        44
   26185     26605        35
   26268     26688        21
   26290     26710        32
   26365     26785        25
   26394     26814        24
   26497     26923        32
   26581     27007        23
   26605     27031        41
   26665     27091        32
   26722     27148        75
   26848     27274        23
   26872     27298        23
   26941     27367        35
   27007     27433        20
   27028     27454        32
   27061     27487        40
   27103     27529        71
   27202     27628        28
   27231     27657        48
   27280     27706        37
   27335     27761        28
   27364     27790        38
   27427     27853        52
   27538     27964        83
   27631     28057        38
   27682     28108        29
   27733     28159        33
   27896     28324        25
   27954     28381        20
   28113     28527        28
   28574     28998        20
   28655     29078        22
   28965     29412        27
   29057     29524        33
   29782     30424        22
   29849     30485        71
   29957     30595        27
   30438     30867        25
   30534     30981        31
   30861     31367        23
   31050     31560        20
   31071     31581        20
   31092     31602        25
   31141     31645        28
   31175     31679        21
   31224     31724        31
   31272     31772        25
   31300     31800        23
   31950     32787        39
   31990     32827        20
   32121     33256        95
   32241     33376       124
   32369     33514        44
   32673     33863        21
   33111     34350        75
   33259     34487        20
   33520     34760        38
   34311     35435        25
   34426     35539        28
   34573     35691        20
   34658     35796        20
   34679     35817        21
   34701     35839        77
   34779     35917        20
   34815     35953        20
   34845     35983        41
   34950     36088        98
   35058     36196        38
   35097     36235        23
   35151     36289        47
   35199     36337        23
   35283     36421        29
   35334     36472        92
   35427     36565        20
   35457     36595       114
   35586     36724        20
   35619     36757        23
   35643     36781       183
   35833     36971        26
   35866     37004        80
   35953     37091        33
   35987     37125        28
   36025     37163        20
   36046     37184        29
   36088     37226        32
   36133     37271        20
   36154     37292        41
   36196     37334        23
   36220     37358        41
   36262     37400        23
   36286     37424        48
   36335     37473        25
   36373     37511        20
   36394     37532        20
   36421     37559        32
   36454     37592        26
   36577     37715        35
   36631     37769        20
   36652     37790        65
   36733     37871        26
   36772     37910        21
   36805     37943        29
   36835     37973        32
   36883     38021        20
   36904     38042        26
   36943     38081        48
   36992     38130        21
   37039     38177        44
   37084     38222        41
   37365     38508        35
   37409     38552        25
   37450     38593        22
   37830     38962        34
   37873     39005        34
   37917     39049        23
   37968     39100        26
   38246     39900        22
   38271     39919        76
   38519     40176        47
   38662     40326        22
   38726     40390        60
   38808     40472        56
   38891     40555        23
   38943     40607        41
   39003     40667        59
   39066     40730        37
   39207     40875        50
   39270     40938        26
   39321     40989        56
   39378     41046        53
   39435     41103        20
   39456     41124        23
   39497     41165        48
   39546     41214        29
   39576     41244        26
   39609     41277        20
   39630     41298        23
   39654     41322        53
   39708     41376        26
   39767     41435        45
   39831     41499        34
   39939     41607        47
   40005     41673        26
   40032     41700        29
   40089     41757        68
   40173     41841        26
   40227     41895        20
   40248     41916        41
   40290     41958        50
   40380     42048        26
   40464     42132        68
   40523     44415        41
   40559     42227        33
   40593     42261        25
   40621     42289        26
   40665     42333        32
   40710     42378        20
   40761     42429        32
   40830     42498        44
   40875     42543        35
   40920     42588        29
   40956     42624        20
   40986     42654        59
   41067     42735        44
   41141     42809        48
   41190     42858        23
   41214     42882        59
   41289     42957        82
   41372     43040        88
   41461     43129       119
   41581     43249        98
   41683     43351        44
   41728     43396        23
   41791     43459        35
   41833     43501        32
   41866     43534        23
   41905     43573        26
   41932     43600        38
   41971     43639        41
   42016     43684        29
   42058     43726        23
   42130     43798        26
   42167     43835        67
   42253     43921        69
   42323     43991        28
   42358     44026        47
   42436     44104        20
   42460     44128        41
   42502     44170        32
   42535     44203        92
   42628     44296        44
   42703     44371        34
   42738     44406        27
   42783     44451        30
   42817     44485        41
   42874     44542        49
   42943     44611        41
   42985     44653        23
   43009     44677        35
   43045     44713        35
   43108     44776        32
   43153     44821        47
   43201     44869        23
   43228     44896        38
   43273     44941        29
   43372     45040        25
   43426     45094        36
   43463     45131        67
   43531     45199        30
   43562     45230        52
   43615     45283        64
   43786     45435        27
   43815     45464        27
   43843     45492        27
   43931     45579        20
   44441     46096        35
   44477     46132        53
   44571     46226        54
   44772     46402        46
   44908     46537        32
   44941     46570        24
   45057     46690        22
   45080     46713        32
   45118     46751        26
   45162     46800        29
   45197     46834        28
   45256     46907        53
   45310     46961        26
   45358     47009        74
   45433     47084        83
   45543     47194        40
   45584     47235        45
   45669     47320        23
   45693     47344        20
   45854     47506        20
   45928     47581        26
   46049     47703        23
   46099     47748        26
   46177     47833        23
   46231     47917       124
   46371     48057        23
   46442     48128        24
   46640     48376        27
   47220     48870        63
   47284     48934        44
   47599     49239        68
   47834     49474        25
   47861     49501        42
   47906     49546        26
   47933     49573        37
   47996     49636        82
   48079     49719        27
   48110     49750        20
   48153     49793        22
   48179     49819        23
   48203     49843        28
   48550     50047        60
   49396     51180        34
   49617     51378        74
   49692     51453        32
   49729     51487        29
   49797     51568        24
   50082     51800        82
   50165     51883        26
   50192     51910        35
   50596     52108        58
   50655     52167        21
   50677     52189        20
   50703     52233        28
   51336     52943        30
   51367     52974        39
   51407     53014        22
   51452     53059        41
   51571     53178        50
   51646     53253        68
   51715     53322        29
   51775     53382        50
   51941     53531        26
   52018     53608        23
   52042     53632        33
   52125     53715        39
   52201     53791        38
   52246     53836        29
   52276     53866        38
   52315     53905        44
   52396     53986        29
   52446     54036        27
   52507     54097        23
   52531     54121        36
   52621     54216        24
   52665     54260        21
   52700     54295        33
   52740     54335        89
   52830     54425        20
   52851     54446        20
   52899     54494        22
   52934     54529        20
   52956     54551        23
   52980     54575        32
   53171     54774        20
   53364     55114        70
   53464     55212        33
   53587     55330        26
   53614     55357        25
   53709     55454        21
   53748     55493        20
   53784     55531        34
   53873     55622        25
   53987     55746        41
   54192     55959        96
   54383     56221        20
   54490     56336        45
   54591     56437        21
   54645     56491        48
   54709     56555        47
   54757     56603        26
   54788     56634        31
   54820     56666        23
   54847     56693        31
   54912     56758        35
   54948     56794        40
   54989     56835        42
   55032     56878        23
   55074     56920        35
   55110     56956        89
   55203     57049        20
   55239     57085        50
   55317     57163        26
   55371     57217        23
   55416     57262        47
   55464     57310        41
   55530     57376       104
   55638     57484        20
   55674     57520        26
   55707     57553        26
   55734     57580        29
   55806     57652        32
   55875     57721       107
   56061     57907        20
   56082     57928        68
   56151     57997        39
   56214     58060        41
   56271     58117        21
   56348     58194        24
   56428     58272        37
   56644     58518        22
   56797     58663        27
   56887     58782        20
   56908     58803        51
   57054     58943        56
   57111     59000        61
   57197     59086        47
   57290     59179        41
   57422     59311        35
   57458     59347        62
   57563     59452        23
   57620     59509        41
   57671     59560        20
   57713     59602        23
   57737     59626        30
   57795     59684        58
   57866     59755        26
   57893     59782        26
   57920     59809        56
   57977     59866        50
   58064     59953        20
   58085     59974        38
   58136     60025        23
   58184     60073        59
   58250     60139        47
   58316     60205        77
   58412     60301        35
   58448     60337        44
   58522     60411        20
   58546     60435        33
   58580     60469        46
   58726     60625        21
   58762     60661        20
   58826     60728        23
   59062     61096        31
   59387     61417        22
   59799     61829        48
   59880     61910        22
   59940     61970        41
   60024     62054        32
   60108     62138        44
   60231     62261        20
   60261     62291        21
   60336     62366        23
   60426     62456        32
   60461     62491        21
   60518     62548        24
   60639     62712        20
   60723     62809        21
   61386     63431        59
   61842     63886        22
   61884     63928        30
   61941     63985        30
   62127     64171        20
   62148     64192        23
   62172     64216        47
   62269     64313        28
   62385     64429        23
   62580     64659        28
   62864     64959        23
   63160     65303        23
   63292     65444        26
   63368     65521        28
   63397     65550        21
   63492     65645        24
   63588     65735        30
   63642     65789        21
   63692     65839        36
   63747     65894        24
   63775     65922        20
   63796     65943        44
   63861     66008        23
   63988     66135        32
   64227     66354        46
   64364     66491        51
   64419     66546        50
   64482     66609        54
   64539     66666        25
   64644     66771        35
   64689     66816        26
   64723     66850        20
   64744     66871        28
   64782     66909        26
   64830     66957        23
   64859     66986        33
   64908     67035        20
   65043     67170        26
   65091     67218        23
   65121     67248        20
   65193     67320        34
   65713     67818        20
   66036     68143        20
   66289     68360        32
   66322     68393        31
   66354     68425        36
   66515     68604       104
   66649     68738        43
   66693     68782        29
   66732     68821        48
   66797     68886        27
   66825     68914        44
   66885     68974        20
   66927     69016        38
   66975     69064        89
   67164     69254        29
   67194     69284        22
   68174     70237        20
   68223     70291        21
   68334     70395        25
   68406     70467        23
   68599     70651        34
   68673     70725        41
   68743     70800        26
   68839     70894        88
   69075     71154        89
   69164     71244        20
   70135     72114        50
   70235     72220        37
   70278     72263        21
   70300     72285        23
   70561     72596        92
   70687     72722        37
   70725     72760        38
   70985     73034        35
   71126     73184        25
   71174     73232        26
   71345     73403        56
   71414     73472        22
   71439     73497        42
   71491     73550        20
   71547     73606        28
   71680     73738        20
   71811     73869        32
   71844     73902        20
   72123     74166        22
   72180     74219        52
   72233     74272        50
   72284     74323        48
   72329     74372        29
   72472     74529        22
   72495     74552        33
   72559     74616        26
   72795     74844        27
   72995     75041        28
   73177     75260        20
   73225     75308        34
   73272     75355        43
   73352     75435        23
   73382     75465        29
   73436     75519        23
   73481     75564        38
   73541     75624        42
   73649     75734        28
   73803     75920        33
   73837     75954        36
   73888     76007        23
   73927     76049        28
   74297     76471        23
   74383     76557        20
   74413     76587        23
   74456     76630        23
   74887     77013        33
   74942     77068        47
   75038     77164        23
   75080     77206        38
   75146     77272        26
   75194     77320        51
   75266     77392        29
   75302     77428        20
   75371     77497        41
   75419     77545        29
   75449     77575        23
   75473     77599        32
   75575     77701        29
   75614     77740        32
   75647     77773        32
   75695     77821        26
   75737     77863        30
   75768     77894        61
   75830     77956        20
   75927     78053        31
   75959     78085        29
   76073     78199        20
   76100     78226        26
   76127     78253        32
   76166     78292        47
   76223     78349        23
   76283     78409        24
   76340     78466        44
   76385     78511        35
   76558     78617        24
   76605     78664        21
   76632     78691        41
   76674     78733        21
   76822     78886        45
   76873     78937        44
   76918     78982        32
   76957     79021        25
   77059     79125        22
   77082     79148        32
   77175     79241        21
   77202     79268        20
   77340     79420        30
   77763     79822        20
   78063     80137        20
   78159     80242        35
   78195     80278        30
   78226     80309        43
   78270     80353        23
   78303     80386        62
   78366     80449        35
   78420     80503        20
   78480     80563        29
   78516     80599        35
   78585     80668        23
   78627     80710        65
   78777     80860        27
   78844     80926        28
   78874     80956        20
   78918     81005        47
   78966     81053        21
   79031     81118        29
   79095     81184        24
   79144     81239        29
   79263     81355        23
   79294     81390        20
   79386     81485        24
   79643     81753        35
   79679     81789        50
   79730     81840        23
   79754     81864        35
   79790     81900        45
   79916     82026        53
   79985     82095        32
   80018     82128        26
   80063     82173        23
   80120     82230        20
   80141     82251        48
   80201     82302        20
   80451     82564        22
   80559     82672        32
   80756     82875        24
   80781     82900        40
   80823     82942        29
   80853     82972        44
   81055     83174        28
   81089     83208        32
   81122     83241        20
   81213     83332        20
   81234     83353        21
   81299     83418        36
   81357     83476        21
   81379     83498        20
   81416     83535        30
   81467     83586        53
   81531     83650        30
   81605     83724        23
   81653     83772        20
   81742     83861        27
   81770     83889        63
   81914     84026        24
   81991     84111        25
   82061     84181        29
   82274     84394        29
   82577     84706        94
   82777     84903        21
   82933     85059        38
   83213     85337        26
   83240     85364        47
   83351     85475        20
   83441     85565        20
   83504     85628        24
   83671     85814        45
   83717     85860        50
   83807     85950        20
   83840     85983        38
   83912     86055        47
   84011     86154        23
   84078     86221        27
   84224     86351        32
   84411     86559        22
   84444     86596        21
   84653     86806        23
   84904     87045        43
   85073     87215        23
   85281     87449        34
   85334     87502        29
   85387     87555        21
   85415     87583        20
   85436     87604        26
   85469     87637        34
   85529     87697        23
   85576     87744        23
   85618     87786        23
   85821     87989        50
   86032     88200        23
   86062     88230        20
   86127     88295        26
   86215     88383        20
   86260     88428        32
   86449     88635        38
   86489     88675        28
   86518     88704        20
   86629     88815        23
   86712     88887        42
   86755     88930        44
   86805     88980        24
   86830     89005        44
   86875     89050        34
   86911     89086        20
   86948     89123       131
   87080     89255       152
   87264     89434        24
   87297     89467        30
   87328     89498       117
   87447     89617        31
   87491     89661        85
   87592     89761       352
   87945     90114        29
   87997     90166        98
   88096     90265        35
   88136     90305        22
   88209     90384        97
   88343     90518        21
   88365     90540        71
   88437     90612        75
   88513     90688        20
   88561     90740        31
   88616     90795        40
   88657     90836       150
   88808     90987        20
   88829     91008       108
   88958     91137        34
   88993     91172        81
   89080     91259        70
   89151     91330        57
   89212     91391        41
   89254     91433        32
   89297     91476        34
   89343     91522       107
   89451     91630        63
   89516     91695        22
   89618     91797        21
   89640     91819        54
   89695     91874        32
   89732     91911        22
   89773     91952        70
   89844     92023        22
   89867     92046       103
   89976     92155        29
   90006     92185        39
   90046     92225       120
   90187     92366        21
   90214     92384        27
   90250     92420        58
   90309     92479        54
   90364     92534        33
   90407     92577        23
   90448     92618        97
   90563     92733        26
   90590     92760        22
   90613     92783        20
   90634     92804        76
   90711     92881        42
   90765     92935        71
   90848     93018        39
   90888     93058        54
   90943     93113        52
   90996     93166        56
   91053     93223        22
   91076     93246        32
   91147     93317        22
   91170     93340        40
   91211     93381        35
   91262     93432        68
   91331     93501        25
   91357     93527        72
   91483     93653        32
   91530     93700        22
   91556     93726        89
   91651     93821        38
   91699     93869        23
   91723     93893        47
   91786     93956        34
   91821     93991        36
   91858     94028        76
   91935     94105        24
   92002     94172        35
   92085     94255        80
   92169     94339        25
   92215     94385       124
   92351     94521        30
   92382     94552        90
   92473     94643        32
   92506     94676        56
   92563     94733        25
   92589     94759       104
   92713     94883        86
   92830     95006        51
   92888     95064        31
   92925     95101        38
   92986     95162        26
   93027     95203        43
   93080     95256        48
   93129     95305        22
   93152     95328        30
   93203     95370        35
   93262     95429        68
   93331     95498        57
   93389     95556        25
   93415     95582        45
   93461     95628        35
   93503     95670        87
   93591     95758        23
   93615     95782        46
   93690     95857        25
   93724     95891        35
   93760     95927        26
   93787     95954        29
   93817     95984        59
   93970     96083        24
   94002     96121        28
   94031     96150        22
   94054     96173        26
   94081     96200        87
   94169     96288        32
   94203     96322        48
   94252     96371        29
   94282     96401        53
   94336     96455        35
   94372     96491        46
   94419     96538        51
   94507     96626        26
   94534     96653       102
   94637     96756       131
   94780     96899        34
   94815     96934        64
   94917     97036        26
   94961     97080        31
   95009     97128        57
   95071     97196        23
   95095     97220        62
   95195     97320        38
   95239     97364        84
   95324     97449        97
   95422     97547        48
   95492     97617        47
   95540     97665        41
   95604     97729        30
   95644     97769        74
   95774     97909        25
   95833     97968        20
   95854     97989        25
   95880     98015        65
   95965     98395        25
   96013     98443        40
   96101     98531        48
   96209     98652        28
   96241     98684        20
   96278     98721        23
   96302     98745        39
   96417     98791       168
   96600     98974        24
   96650     99024        32
   96686     99072        24
   96711     99097        21
   96750     99136        20
   96789     99179        24
   96812     99210        33
   96860     99258        26
   96901     99301        93
   96995     99395        63
   97060     99460       124
   97185     99585        22
   97212     99612        64
   97311     99711        34
   97346     99746       207
   97564     99964       106
   97671    100071        93
   97765    100165       126
   97892    100292       156
   98050    100453       103
   98154    100557        36
   98191    100594       148
   98357    100760        31
   98389    100792        58
   98448    100851        94
   98543    100946        28
   98591    100994       172
   98764    101167       119
   98902    101305        22
   98925    101328        90
   99023    101426        76
   99100    101503        74
   99175    101578        76
   99252    101655        38
   99313    101716        41
   99362    101765        42
   99405    101808        25
   99431    101834        30
   99486    101889        47
   99534    101937        22
   99617    102020        56
   99674    102077        80
   99756    102159        73
   99830    102233        62
   99893    102296       107
  100051    102454        32
  100097    102500        27
  100141    102544        39
  100174    102581        61
  100246    102653        34
  100305    102712        78
  100378    102791        59
  100449    102862       194
  100644    103057       377
  101022    103435        28
  101086    103508        35
  101186    103602        38
  101227    103643        22
  101250    103666        36
  101296    103712        33
  101342    103747        21
  101365    103808        36
  101444    103880        24
  101498    103938        25
  101525    103965        32
  101573    104019        36
  101621    104067        75
  101700    104146        48
  101748    104195        20
  101769    104216        33
  101818    104265        35
  101864    104304        27
  101892    104332        22
  101944    104384        27
  102095    104539        20
  102116    104560        32
  102149    104593        55
  102205    104649        30
  102239    104683        22
  102293    104747        86
  102417    104871        22
  102460    104905        31
  102492    104937        39
  102548    104993        22
  102571    105016        20
  102651    105096        34
  102676    105129        31
  102708    105161        25
  102746    105199        76
  102830    105283        20
  102867    105320        43
  102911    105364        31
  102943    105396        59
  103003    105456        40
  103044    105497       550
  103595    106048       162
  103758    106211       260
  104019    106472       107
  104127    106580       134
  104262    106715       175
  104438    106891       140
  104650    107103        66
  104743    107196        22
  104775    107228        24
  104825    107277       159
  105018    107469        57
  105076    107527        33
  105117    107567        94
  105209    107662        21
  105231    107684        28
  105260    107713        53
  105305    107757        55
  105362    107814        26
  105389    107841        66
  105456    107910        56
  105513    107967        44
  105556    108004        62
  105614    108066        22
  105637    108089        48
  105686    108138        35
  105722    108174        61
  105784    108236        82
  105868    108325        41
  105910    108367        92
  106003    108460       133
  106137    108594        46
  106196    108653        23
  106220    108677        85
  106331    108788        58
  106428    108880        21
  106457    108909        45
  106503    108955        44
  106548    109000        37
  106586    109038        39
  106634    109082       104
  106749    109197        21
  106771    109219        83
  106882    109330        45
  106928    109376        24
  106953    109401       101
  107055    109503        59
  107115    109563       155
  107295    109743        56
  107352    109800        63
  107416    109864        95
  107518    109969       100
  107619    110070       282
  107909    110360       275
  108209    110661       238
  108459    110911        39
  108499    110951       476
  108977    111429       120
  109112    111564       335
  109448    111900       323
  109782    112234        31
  109814    112266        72
  109887    112339       117
  110005    112457        66
  110076    112524        59
  110154    112602       181
  110409    112869        36
  110474    112923        57
  110532    112983        36
  110569    113020        78
  110681    113133        30
  110715    113167        35
  110765     14140        20
  110835    113283        44
  110927    113379        46
  111004    113463        46
  111067    113532        21
  111089    113554        25
  111115    113580        48
  111169    113640        24
  111211    135141        22
  111227    113712        42
  111270    113755        54
  111325    113810        31
  111380    113865        36
  111422    113907        60
  111483    113968        32
  111526    114012        20
  111565    114061        27
  111680    114182        85
  111771    114273        46
  111828    114330        40
  111870    114372        49
  111920    114422        34
  111954    114462        43
  112012    114520        23
  112036    114544       129
  112183    114691        20
  112244    114752        37
  112286    114794        32
  112319    114827        30
  112390    114919        23
  112414    114943        56
  112475    114998        43
  112887    115561        49
  113225    115899        20
  113546    116220        23
  113636    116310        20
  113657    116331        29
  113687    116361        28
  113759    116433        46
  113849    116523        26
  113893    116567        21
  113930    116604        23
  113972    116646        32
  114095    116769        20
  114146    116820        32
  114251    116925        26
  114328    117002        30
  114455    117129        32
  114488    117162        30
  114519    117193        58
  114624    117298        22
  114662    117336        24
  114687    117361        21
  114719    117393        20
  116694    119278        56
  116858    119461        26
  116990    119590        27
  117018    119618        21
  117183    119786        25
  117284    119887        38
  117533    120136        50
  117584    120187        37
  117622    120225        22
  117650    120253        32
  117719    120322        23
  117774    120377        21
  118030    103776        26
  118171    120843        20
  118224    120896        24
  118256    120928        80
  118341    121013        29
  118432    121104        20
  118480    121152        22
  118503    121175        30
  118543    121215        44
  118612    121284        35
  118648    121320        39
  118732    121404        20
  118753    121425        38
  118816    121488        20
  118858    121530        33
  119041    121713        35
  119118    121790        39
  119158    121830        74
  119253    121925        21
  119299    121971        26
  119396    122068        21
  119494    122166        20
  119532    122204        34
  119715    122409        32
  119799    122493        41
  119850    122544        23
  119901    122595        20
  120171    122900        22
  120204    122933        37
  120260    122989        36
  120329    123058        26
  120365    123094        23
  120398    123127        23
  120428    123157        41
  120498    123227        20
  120740    123471        20
  120770    123501        35
  120993    123724        24
  121028    123759        35
  121162    123893        25
  121202    123933        28
  121688    124435        27
  121719    124466        83
  121836    124583        23
  121878    124625        23
  121902    124649        62
  122013    124760        26
  122066    124813        38
  122105    124852        35
  122166    124913        23
  122252    125005        25
  122287    125040        31
  122338    125091        29
  122368    125121        35
  122497    125250        23
  122587    125340        26
  122650    125403        25
  122679    125432        48
  122737    125490        40
  122823    125576        32
  122942    125742        28
  123348    126077        25
  123391    126120        25
  123492    126232        22
  123853    126582        25
  123885    126614        20
  123918    126647        20
  123939    126668        26
  123996    126725        30
  124110    126839        25
  124184    126913        21
  124239    126968        26
  124275    127004        20
  124296    127025        20
  124353    127082        23
  124412    127141        79
  124492    127221        22
  124642    127371        26
  124669    127398        20
  124762    127491        23
  124876    127605        29
  124912    127641        20
  124933    127662        23
  124977    127706        23
  125009    127738        24
  125113    127842        25
  125139    127868        24
  125212    127941        20
  125250    127979        24
  125289    128018        39
  125339    128068        22
  125362    128091        38
  125514    128243        30
  125545    128274        34
  126394    129170        23
  126432    129208        21
  126862    129626        21
  126948    129712        26
  127011    129775        27
  127476    130213        22
  127588    130325        27
  128340    131080        21
  128797    131558        25
  129130    131888        20
  129355    132113        48
  129856    132617        20
  130060    132821        24
  130102    132863        30
  130766    133503        21
  131060    133794        43
  131108    133836        56
  131165    133893        23
  131229    133978        30
  131260    134009        32
  131297    134046        37
  131375    134124        20
  131413    134162       129
  131543    134292        23
  131581    134330        43
  131624    134379        34
  131659    134414        49
  131710    134465        40
  131761    134516        46
  131813    134568        85
  131986    134747        27
  132032    134803        20
  132063    134835        32
  132096    134868        60
  132162    134934        36
  132222    134994        31
  132254    135026        54
  132309    135081        42
  132345    113672        22
  132385    135171        24
  132415    135207        48
  132464    135256        25
  132490    135282        21
  132528    135326        46
  132605    135410        46
  132699    135508        44
  132822    135633        35
  132861    135672        30
  132925    135737        78
  133004    135816        36
  133041    135855        57
  133127    135930        36
  133237    136052       181
  133437    136252        69
  133501    136312        66
  133568    136379       117
  133686    136497        72
  133759    136570        31
  133801    136612       323
  134125    136936       335
  134475    137286       120
  134597    137408       476
  135074    137885        39
  135125    137936       238
  135388    138200       275
  135671    138483       282
  135954    138766        50
  136005    138817        49
  136061    138876        95
  136157    138972        63
  136221    139036        56
  136302    139117       155
  136458    139273        59
  136518    139333       101
  136620    139435        24
  136645    139460        45
  136718    139533        83
  136802    139617        21
  136834    139649       104
  136947    139758        39
  136987    139798        37
  137025    139836        44
  137070    139881        45
  137123    139934        21
  137183    139989        58
  137267    140073        85
  137353    140159        23
  137389    140195        46
  137436    140242       133
  137570    140376        92
  137663    140469        41
  137706    140517        82
  137789    140600        61
  137851    140662        35
  137887    140698        48
  137936    140747        22
  137954    140769        62
  138015    140824        44
  138060    140869        56
  138117    140928        66
  138184    140995        26
  138212    141023        55
  138259    141069        53
  138313    141123        28
  138342    141152        21
  138361    141174        94
  138463    141275        33
  138497    141309        57
  138588    141399       159
  138773    141583        24
  138807    141617        22
  138856    141666        66
  138994    141804       140
  139135    141945       175
  139311    142121       134
  139446    142256       107
  139554    142364       260
  139815    142625       162
  139978    142788       550
  140529    143339        40
  140570    143380        59
  140630    143440        31
  140662    143472        43
  140722    143532        20
  140750    143560        76
  140839    143649        25
  140865    143675        31
  140887    143705        34
  140981    143799        20
  141002    143820        22
  141041    143859        39
  141081    143899        31
  141133    143942        22
  141193    144002        86
  141311    144130        22
  141337    144156        30
  141368    144187        55
  141424    144243        32
  141457    144276        20
  141601    144424        27
  141658    144481        22
  141681    144504        27
  141719    144535        35
  141770    144586        33
  141804    144620        20
  141824    144641        48
  141876    144693        75
  141963    144780        36
  142015    144838        32
  142049    144872        25
  142104    144931        24
  142171    144991        36
  142209    145067        21
  142253    145090        33
  142296    145133        36
  142333    145170        22
  142358    145195        38
  142461    145292        35
  142532    145372        28
  142561    145401       377
  142939    145779       194
  143145    145985        59
  143199    146045        78
  143302    146148        34
  143347    146193        61
  143402    146252        39
  143458    146308        27
  143499    146349        32
  143582    146432       107
  143690    146540        62
  143753    146603        73
  143828    146678        80
  143909    146759        56
  144026    146876        22
  144049    146899        47
  144121    146971        30
  144152    147002        25
  144178    147028        42
  144228    147078        41
  144292    147142        38
  144331    147181        76
  144408    147258        74
  144483    147333        76
  144567    147417        90
  144658    147508        22
  144699    147549       119
  144819    147669       172
  145011    147861        28
  145040    147890        94
  145135    147985        58
  145194    148044        31
  145243    148093       148
  145392    148242        36
  145429    148279       103
  145534    148387       156
  145691    148544       126
  145818    148671        93
  145912    148765       106
  146029    148882       207
  146237    149090        34
  146306    149159        64
  146375    149228        22
  146398    149251       124
  146524    149377        63
  146588    149441        93
  146696    149551        26
  146737    149592        33
  146769    149632        24
  146812    149679        20
  146850    149717        21
  146872    149739        24
  146900    149779        32
  146958    149837        24
  146997    149876       168
  147241    150051        39
  147281    150091        23
  147321    150131        20
  147345    150155        28
  147433    150256        48
  147529    150352        40
  147592    150415        25
  147637    150755        65
  147703    150821        25
  147729    150847        20
  147783    150901        25
  147864    150992        74
  147948    151076        30
  148001    151129        41
  148043    151171        47
  148112    151240        48
  148161    151289        97
  148259    151387        84
  148349    151477        38
  148425    151553        62
  148488    151616        23
  148516    151650        57
  148590    151724        31
  148639    151773        26
  148703    151837        64
  148768    151902        34
  148814    151948       131
  148946    152080       102
  149049    152183        26
  149112    152246        51
  149164    152298        46
  149211    152345        35
  149247    152381        53
  149301    152435        29
  149331    152465        48
  149381    152515        32
  149414    152548        87
  149502    152636        26
  149529    152663        22
  149552    152686        28
  149588    152728        24
  149706    152792        59
  149766    152852        29
  149796    152882        26
  149823    152909        35
  149867    152953        25
  149921    153007        46
  149968    153054        23
  149992    153078        87
  150086    153172        35
  150122    153208        45
  150168    153254        25
  150194    153280        57
  150252    153338        68
  150344    153430        35
  150400    153477        30
  150431    153508        22
  150454    153531        48
  150512    153589        43
  150570    153647        26
  150619    153696        38
  150663    153740        31
  150701    153778        51
  150783    153866        86
  150889    153972       104
  150994    154077        25
  151020    154103        56
  151077    154160        32
  151110    154193        90
  151201    154284        30
  151243    154326       124
  151388    154471        25
  151417    154500        80
  151545    154628        35
  151623    154706        24
  151648    154731        76
  151725    154808        36
  151762    154845        34
  151812    154895        47
  151860    154943        23
  151893    154976        38
  151937    155020        89
  152030    155113        22
  152067    155150        32
  152153    155236        72
  152226    155309        25
  152262    155349        54
  152332    155419        35
  152368    155455        40
  152409    155496        22
  152470    155557        32
  152503    155590        22
  152526    155613        56
  152583    155670        52
  152636    155723        54
  152691    155778        39
  152742    155829        71
  152825    155912        42
  152868    155955        76
  152945    156032        20
  152966    156053        22
  152989    156076        26
  153033    156120        97
  153148    156235        23
  153181    156268        33
  153215    156302        54
  153270    156357        58
  153337    156424        27
  153370    156448        21
  153412    156490       120
  153533    156611        39
  153573    156651        29
  153608    156686       103
  153712    156790        22
  153735    156813        70
  153824    156902        22
  153851    156929        32
  153884    156962        54
  153939    157017        21
  154040    157118        22
  154064    157142        63
  154128    157206       107
  154247    157325        34
  154292    157370        32
  154325    157403        41
  154370    157448        57
  154428    157506        70
  154504    157582        81
  154586    157664        34
  154641    157719       108
  154750    157828        20
  154771    157849       150
  154922    158000        40
  154986    158064        31
  155045    158127        20
  155066    158148        75
  155142    158224        71
  155214    158296        21
  155272    158354        97
  155420    158508        22
  155447    158535        35
  155483    158571        98
  155604    158692        29
  155634    158722       352
  156002    159089        85
  156100    159187        31
  156133    159220       117
  156251    159338        30
  156290    159377        24
  156346    159428       152
  156499    159581       131
  156647    159729        20
  156669    159751        34
  156704    159786        44
  156749    159831        24
  156779    159861        44
  156824    159906        42
