> gi|442566304|gb|KC180771.1|
       1    159702        23
       3         1        52
      56        54        24
     444       573        34
     505       634        50
     562       691        26
     607       736        59
     667       796        38
     721       850        98
     820       949        41
     862       991        56
     928      1057        41
     970      1099        20
    1033      1162        68
    1113      1242        68
    1198      1327        20
    1246      1375        38
    1285      1414        29
    1324      1453        47
    1372      1501        23
    1396      1525        53
    1456      1585        88
    1545      1674        26
    1597      1732        34
    1756      1933        46
    1843      2023        29
    1978      2162        20
    2080      2255        23
    2223      2404        23
    2250      2431        27
    2312      2493        20
    2423      2604        25
    2898      3082        20
    2982      3166        21
    3133      3311        33
    3293      3480        21
    3435      3622        37
    3508      3695        23
    3585      3785        28
    3632      3831        26
    3938      4148        21
    3969      4187        27
    4078      4312        21
    4126      4360        28
    4174      4407        21
    4253      4486        50
    5204      5224        99
    5317      5338        20
    5964      5999        35
    6064      6098        35
    6130      6168        63
    6842      6792        25
    7800      7604        30
    7831      7635        44
    8002      7807        42
    8201      8028        37
    8343      8170        32
    8376      8203        28
    8742      8552        20
    8773      8586        31
    8829      8642        20
    8850      8663        51
    9035      8857        35
    9074      8896        26
    9101      8923        20
    9794      9736        33
    9890      9837        43
   10011      9957        20
   10099     10050        20
   10252     10217        23
   10428     10417        69
   10505     10494        65
   10817     10811        26
   10844     10838        49
   11154     11394        47
   11208     11448        32
   11265     11505        41
   11307     11547        56
   11403     11643        35
   11442     11682        44
   11490     11730        20
   11511     11751        47
   11583     11823        21
   11631     11871        29
   11682     11922        38
   11737     11977        22
   11796     12036        20
   11896     12136        64
   11985     12225        32
   12036     12276        44
   12189     12429        29
   12291     12531        50
   12342     12582        35
   12378     12618        22
   12429     12669        24
   12454     12694        60
   12515     12755        27
   12557     12794        21
   12579     12816        41
   12654     12891        22
   12677     12914        56
   12765     13002        26
   12792     13029        22
   12864     13101        26
   12935     13172        75
   13011     13248        27
   13039     13276        30
   13070     13307        31
   13129     13370        24
   13191     13432        20
   13211     13467        30
   13247     13502        27
   13689     13975        28
   13718     14004        29
   13748     14034        47
   13829     14115        30
   14058     14522        22
   14311     14773        48
   14363     14825        62
   14438     14900        53
   14660     15128        21
   14869     15347        25
   15197     16058        80
   15278     16139        77
   15356     16217        50
   15407     16268        38
   15521     16382        49
   15596     16457        29
   15689     16550        35
   15847     16708        30
   15936     16797        25
   15964     16825        26
   16117     16979        33
   16152     17014        30
   16183     17045        47
   16261     17123        29
   16309     17171        29
   16375     17237        50
   16495     17357        59
   16555     17417        57
   16642     17504        29
   16672     17534        33
   16706     17568        34
   16807     17669        23
   16911     17773        25
   17148     18029        23
   17244     18125        24
   17304     18185        21
   17344     18225        58
   17477     18358        25
   17507     18388        22
   17602     18483        38
   17641     18522        22
   17684     18565        20
   17746     18627        20
   17782     18663        38
   17821     18702        49
   17896     18777        23
   17934     18815        27
   18000     18881        36
   18068     18961        30
   18140     19033        25
   18166     19059        29
   18324     19217        28
   18394     19287        24
   18449     19342        20
   18622     19506        22
   18726     19610        30
   18856     19740        24
   18910     19794        20
   18934     19818        32
   19000     19893        55
   19120     20013        22
   19167     20060        21
   19278     20171        30
   19354     20247        44
   19600     20493        22
   19786     20682        20
   19836     20732        21
   19870     20766        23
   19894     20790        23
   19957     20853        34
   20040     20936        30
   20185     21081        40
   20236     21132        59
   20314     21210        27
   20362     21258        22
   20385     21281        23
   20473     21369        26
   20518     21414        28
   20593     21489        23
   20617     21513        41
   20659     21555        26
   20704     21600        26
   20731     21627        23
   20761     21657        29
   20815     21711        35
   20857     21753        48
   20965     21861        41
   21019     21915        29
   21049     21945        40
   21109     22005        40
   21211     22107        27
   21516     22412        30
   21556     22452        22
   21660     22556        44
   21746     22642        28
   21863     22759        26
   21892     22788        35
   21928     22824        59
   22002     22898        27
   22102     22998        20
   22171     23067        38
   22210     23106        20
   22231     23127        20
   22255     23151        22
   22309     23205        68
   22429     23325        47
   22501     23397        35
   22543     23439        47
   22665     23561        20
   22699     23595        44
   22801     23697        23
   22831     23727        20
   22876     23772        26
   22906     23802        32
   22939     23835        21
   22963     23859        84
   23061     23957        27
   23153     24044        20
   23248     24154        42
   23332     24222        28
   23364     24254        22
   23425     24315        25
   23703     24587        20
   23741     24625        31
   23776     24660        31
   23829     24713        30
   23878     24762        38
   23917     24801        29
   23947     24831        59
   24007     24891        20
   24037     24921        71
   24118     25002        65
   24205     25089        54
   24284     25168        48
   24402     25286        44
   24447     25331        41
   24489     25373        62
   24558     25442        52
   24611     25495        21
   24633     25517        23
   24666     25550        24
   24707     25591        35
   24756     25640        20
   24825     25709        32
   24888     25772        23
   24939     25823        23
   24984     25868        29
   25050     25934        31
   25128     26012        41
   25232     26116        20
   25253     26137        27
   25298     26182        20
   25337     26221        55
   25404     26288        27
   25476     26360        66
   25552     26436        43
   25596     26480        25
   25661     26545        36
   25725     26609        44
   25809     26693        35
   25892     26776        21
   25914     26798        32
   26018     26902        24
   26121     27011        32
   26205     27095        23
   26229     27119        41
   26289     27179        32
   26346     27236        75
   26472     27362        23
   26496     27386        23
   26538     27428        24
   26565     27455        35
   26631     27521        20
   26652     27542        32
   26685     27575        40
   26727     27617        71
   26826     27716        28
   26855     27745        48
   26904     27794        37
   26959     27849        28
   27000     27890        26
   27051     27941        52
   27162     28052        83
   27255     28145        38
   27294     28184        41
   27357     28247        33
   27520     28412        25
   27578     28469        20
   27737     28600        28
   28200     29070        20
   28281     29150        22
   28683     29596        33
   29384     30467        21
   29408     30496        22
   29475     30557        71
   29583     30667        27
   30064     30939        25
   30160     31053        31
   30487     31439        23
   30676     31632        20
   30697     31653        20
   30767     31716        28
   30801     31750        21
   30850     31795        31
   30898     31843        25
   30926     31871        23
   31576     32800        39
   31616     32840        20
   31747     33296        95
   31867     33416       124
   31995     33554        44
   32300     33903        21
   32739     34390        75
   32885     34527        20
   33156     34793        28
   33938     35458        28
   34200     35714        20
   34285     35811        20
   34306     35832        21
   34328     35854        77
   34406     35932        20
   34442     35968        20
   34472     35998        41
   34577     36103        98
   34685     36211        38
   34724     36250        23
   34778     36304        47
   34826     36352        23
   34910     36436        29
   34961     36487        92
   35054     36580        20
   35084     36610       114
   35213     36739        20
   35246     36772        23
   35270     36796       183
   35460     36986        26
   35493     37019        80
   35580     37106        33
   35614     37140        28
   35652     37178        20
   35673     37199        29
   35715     37241        32
   35760     37286        20
   35781     37307        41
   35823     37349        23
   35847     37373        41
   35889     37415        23
   35913     37439        48
   35962     37488        25
   36000     37526        20
   36021     37547        20
   36048     37574        32
   36081     37607        26
   36204     37730        35
   36258     37784        20
   36279     37805        65
   36360     37886        26
   36399     37925        21
   36432     37958        29
   36462     37988        32
   36510     38036        20
   36531     38057        26
   36570     38096        48
   36619     38145        21
   36666     38192        44
   36711     38237        41
   36991     38517        35
   37035     38561        25
   37076     38602        22
   37456     38976        34
   37499     39019        34
   37534     39054        32
   37594     39114        26
   37872     39535        21
   37897     39553        76
   38147     39810        47
   38290     39960        22
   38354     40024        60
   38436     40106        56
   38519     40189        23
   38571     40241        41
   38631     40301        59
   38694     40364        37
   38835     40509        50
   38898     40572        26
   38949     40623        56
   39006     40680        53
   39063     40737        20
   39084     40758        23
   39125     40799        48
   39174     40848        29
   39204     40878        26
   39237     40911        20
   39258     40932        23
   39282     40956        80
   39395     41069        45
   39459     41133        34
   39567     41241        47
   39633     41307        26
   39660     41334        29
   39717     41391        68
   39801     41475        26
   39855     41529        20
   39876     41550        41
   39918     41592        50
   40008     41682        26
   40092     41766        68
   40151     44049        41
   40187     41861        33
   40221     41895        25
   40249     41923        26
   40293     41967        32
   40338     42012        20
   40389     42063        32
   40458     42132        44
   40503     42177        35
   40548     42222        29
   40584     42258        20
   40614     42288        59
   40695     42369        44
   40769     42443        48
   40818     42492        23
   40842     42516        59
   40917     42591        82
   41000     42674        88
   41089     42763       119
   41209     42883        98
   41311     42985        44
   41356     43030        23
   41419     43093        35
   41461     43135        32
   41494     43168        23
   41533     43207        26
   41560     43234        38
   41599     43273        41
   41644     43318        29
   41686     43360        23
   41758     43432        26
   41795     43469        67
   41881     43555        69
   41951     43625        28
   41986     43660        47
   42064     43738        20
   42088     43762        41
   42130     43804        32
   42163     43837        92
   42256     43930        43
   42331     44005        34
   42366     44040        27
   42411     44085        30
   42445     44119        41
   42502     44176        68
   42571     44245        41
   42613     44287        23
   42637     44311        35
   42673     44347        35
   42736     44410        34
   42781     44455        47
   42829     44503        23
   42856     44530        38
   42901     44575        29
   43000     44674        25
   43054     44728        36
   43091     44765        67
   43159     44833        30
   43190     44864        52
   43243     44917        64
   43414     45069        27
   43443     45098        27
   43471     45126        27
   43559     45213        20
   44064     45785        35
   44100     45821        53
   44194     45915        54
   44395     46103        46
   44531     46238        32
   44564     46271        24
   44680     46391        22
   44703     46414        32
   44741     46452        26
   44785     46501        29
   44820     46535        28
   44879     46608        53
   44933     46662        26
   44981     46710        74
   45056     46785        83
   45166     46895        40
   45207     46936        45
   45292     47021        23
   45316     47045        20
   45477     47207        20
   45551     47282        26
   45672     47404        23
   45722     47449        26
   45800     47535        23
   45854     47620       124
   45994     47760        23
   46065     47831        24
   46264     48086        27
   46847     48574        63
   46911     48638        44
   47226     48943        68
   47461     49178        25
   47488     49205        42
   47533     49250        26
   47560     49277        37
   47623     49340        82
   47706     49423        27
   47737     49454        20
   47780     49497        22
   47806     49523        23
   47830     49547        28
   48177     49745        60
   49038     50811        30
   49255     51005        74
   49330     51080        32
   49367     51114        29
   49435     51195        24
   49724     51427        82
   49807     51510        26
   49834     51537        35
   50238     51736        58
   50297     51795        21
   50319     51817        20
   50345     51861        28
   50978     52563        24
   51009     52594        39
   51049     52634        22
   51094     52679        41
   51213     52798        50
   51288     52873        68
   51357     52942        29
   51417     53002        50
   51583     53151        26
   51660     53228        57
   51767     53335        39
   51843     53411        38
   51888     53456        29
   51918     53486        38
   51957     53525        44
   52038     53606        29
   52088     53656        27
   52149     53717        23
   52173     53741        36
   52267     53835        24
   52311     53879        21
   52346     53914        33
   52386     53954        89
   52476     54044        20
   52545     54113        22
   52580     54148        20
   52602     54170        23
   52626     54194        32
   53007     54740        70
   53106     54838        33
   53229     54956        26
   53256     54983        25
   53351     55080        21
   53390     55119        20
   53426     55157        34
   53515     55248        25
   53611     55354        59
   53746     55497        29
   53834     55585        96
   54025     55832        20
   54132     55947        45
   54233     56048        21
   54287     56102        60
   54357     56172        41
   54399     56214        26
   54430     56245        31
   54462     56277        23
   54489     56304        31
   54554     56369        35
   54590     56405        40
   54631     56446        42
   54674     56489        23
   54716     56531        35
   54752     56567        89
   54845     56660        26
   54881     56696        50
   54959     56774        26
   55013     56828        35
   55058     56873        47
   55106     56921        41
   55172     56987       104
   55280     57095        20
   55316     57131        26
   55349     57164        26
   55376     57191        29
   55448     57263        32
   55517     57332       107
   55703     57518        20
   55724     57539        68
   55793     57608        39
   55856     57671        41
   55913     57728        21
   55990     57805        24
   56070     57883        37
   56286     58115        22
   56437     58267        27
   56527     58386        20
   56548     58407        51
   56694     58547        56
   56751     58604        61
   56837     58690        47
   56930     58783        41
   57062     58915        35
   57098     58951        62
   57203     59056        23
   57260     59113        35
   57311     59164        20
   57353     59206        23
   57377     59230        52
   57435     59288        58
   57506     59359        26
   57533     59386        26
   57560     59413        56
   57617     59470        50
   57704     59557        20
   57735     59588        28
   57776     59629        23
   57824     59677        59
   57890     59743        47
   57972     59825        61
   58052     59905        35
   58088     59941        44
   58162     60015        20
   58186     60039        33
   58220     60073        46
   58366     60229        21
   58402     60265        20
   58466     60332        23
   58702     60693        31
   59027     61014        22
   59439     61426        48
   59580     61567        41
   59664     61651        32
   59748     61735        44
   59871     61858        20
   59901     61888        21
   59923     61910        22
   59976     61963        23
   60066     62053        32
   60101     62088        21
   60158     62145        24
   60279     62309        20
   60363     62406        21
   61012     63024        59
   61468     63480        22
   61510     63522        30
   61567     63579        30
   61753     63765        20
   61774     63786        23
   61798     63810        47
   61895     63907        28
   62011     64023        23
   62206     64253        28
   62490     64533        23
   62786     64922        23
   62918     65063        26
   62994     65140        28
   63023     65169        21
   63118     65264        24
   63210     65350        34
   63268     65408        21
   63318     65458        36
   63373     65513        24
   63401     65541        20
   63422     65562        44
   63487     65627        23
   63614     65754        32
   63839     65973        46
   63976     66110        51
   64031     66165        50
   64094     66228        54
   64151     66285        25
   64256     66390        35
   64301     66435        26
   64335     66469        20
   64356     66490        28
   64394     66528        26
   64442     66576        23
   64471     66605        33
   64520     66654        20
   64655     66789        26
   64703     66837        23
   64733     66867        20
   64805     66939        34
   65325     67437        20
   65642     67762        20
   65895     67981        32
   65928     68014        31
   65960     68046        36
   66121     68225        80
   66202     68306        23
   66255     68359        43
   66299     68403        29
   66338     68442        48
   66403     68507        27
   66431     68535        44
   66491     68595        20
   66533     68637        38
   66581     68685        89
   66770     68875        29
   66800     68905        22
   67780     69871        20
   67829     69925        21
   67940     70029        25
   68012     70101        23
   68205     70285        34
   68279     70359        41
   68349     70434        26
   68445     70528        88
   68681     70787        89
   68770     70877        20
   69734     71747        23
   69758     71771        26
   69834     71853        42
   69877     71896        21
   69899     71918        23
   70181     72229        92
   70307     72355        37
   70345     72393        38
   70605     72667        35
   70746     72817        25
   70794     72865        26
   70965     73036        30
   70996     73067        25
   71034     73105        22
   71059     73130        42
   71111     73183        20
   71167     73239        28
   71300     73371        20
   71431     73502        32
   71464     73535        20
   71743     73799        22
   71800     73852        52
   71853     73905        50
   71904     73956        48
   71949     74005        29
   72092     74161        22
   72115     74184        33
   72179     74248        26
   72415     74476        27
   72615     74673        28
   72797     74893        20
   72845     74941        34
   72892     74988        43
   72972     75068        23
   73056     75152        29
   73101     75197        38
   73161     75257        42
   73269     75367        28
   73423     75553        33
   73457     75587        36
   73508     75640        23
   73547     75682        28
   73922     76103        23
   73970     76151        30
   74008     76189        20
   74038     76219        23
   74081     76262        29
   74518     76645        33
   74573     76700        47
   74636     76763        29
   74669     76796        23
   74711     76838        38
   74777     76904        26
   74825     76952        51
   74897     77024        29
   74933     77060        20
   75002     77129        41
   75050     77177        26
   75080     77207        23
   75104     77231        32
   75206     77333        29
   75245     77372        32
   75278     77405        32
   75326     77453        26
   75368     77495        30
   75399     77526        61
   75461     77588        20
   75558     77685        61
   75704     77831        20
   75731     77858        26
   75758     77885        32
   75797     77924        47
   75854     77981        23
   75914     78041        24
   75971     78098        44
   76016     78143        35
   76189     78249        24
   76236     78296        26
   76263     78323        41
   76305     78365        21
   76453     78518        45
   76499     78564        49
   76549     78614        32
   76588     78653        25
   76690     78757        22
   76713     78780        32
   76806     78873        21
   76833     78900        20
   76971     79052        30
   77694     79769        20
   77790     79874        35
   77826     79910        30
   77857     79941        43
   77901     79985        23
   77934     80018        62
   77997     80081        35
   78051     80135        20
   78111     80195        29
   78147     80231        35
   78216     80300        23
   78258     80342        65
   78408     80492        27
   78475     80558        28
   78505     80588        20
   78549     80637        47
   78597     80685        21
   78662     80750        29
   78726     80816        24
   78775     80871        29
   78894     80987        23
   78925     81022        20
   79017     81117        24
   79274     81385        35
   79310     81421        50
   79361     81472        23
   79385     81496        35
   79421     81532        45
   79547     81658        53
   79616     81727        32
   79649     81760        26
   79694     81805        23
   79751     81862        20
   79772     81883        48
   79832     81934        20
   79862     81964        22
   80083     82196        22
   80168     82281        20
   80191     82304        32
   80388     82507        24
   80413     82532        40
   80455     82574        29
   80485     82604        44
   80687     82806        28
   80721     82840        32
   80754     82873        39
   80845     82964        20
   80866     82985        21
   80931     83050        36
   80989     83108        21
   81011     83130        20
   81048     83167        30
   81099     83218        53
   81163     83282        30
   81237     83356        23
   81285     83404        20
   81374     83493        27
   81402     83521        48
   81546     83658        24
   81623     83743        25
   81693     83813        29
   81906     84026        29
   82209     84338        94
   82409     84535        21
   82565     84691        38
   82843     84969        26
   82870     84996        47
   82981     85107        20
   83134     85260        24
   83302     85446        45
   83348     85492        50
   83438     85582        20
   83471     85615        38
   83543     85687        47
   83619     85763        22
   83642     85786        23
   83709     85853        27
   83855     85958        32
   84042     86166        22
   84075     86203        21
   84284     86413        23
   84535     86658        48
   84704     86827        23
   84912     87061        34
   84965     87114        29
   85004     87153        34
   85046     87195        20
   85067     87216        26
   85100     87249        34
   85207     87356        23
   85249     87398        23
   85452     87601        50
   85663     87815        23
   85693     87845        20
   85758     87910        26
   85846     87998        20
   85891     88043        32
   86080     88256        38
   86120     88296        28
   86149     88325        20
   86260     88436        23
   86343     88508        42
   86386     88551        44
   86436     88601        24
   86461     88626        44
   86506     88671        34
   86542     88707        20
   86579     88744       131
   86711     88876       152
   86895     89055        24
   86928     89088        30
   86959     89119       117
   87078     89238        31
   87122     89282        85
   87223     89382       352
   87576     89735        29
   87628     89787        98
   87727     89886        35
   87767     89926        22
   87840     90005        97
   87974     90139        21
   87996     90161        71
   88068     90233        75
   88144     90309        20
   88192     90361        31
   88247     90416        40
   88288     90457       150
   88439     90608        20
   88460     90629       108
   88589     90758        34
   88624     90793        81
   88711     90880        70
   88782     90951        57
   88843     91012        41
   88885     91054        32
   88928     91097        34
   88974     91143       107
   89082     91251        63
   89147     91316        22
   89249     91418        21
   89271     91440        54
   89326     91495        32
   89363     91532        22
   89404     91573        70
   89475     91644        22
   89498     91667       103
   89607     91776        29
   89637     91806        39
   89677     91846       120
   89818     91987        21
   89845     92005        27
   89881     92041        58
   89940     92100        54
   89995     92155        33
   90038     92198        23
   90079     92239        97
   90194     92354        26
   90221     92381        22
   90244     92404        20
   90265     92425        76
   90342     92502        42
   90396     92556        71
   90479     92639        39
   90519     92679        54
   90574     92734        52
   90627     92787        56
   90684     92844        22
   90707     92867        49
   90778     92938        22
   90801     92961        40
   90856     93016        21
   90893     93053        68
   90962     93122        25
   90988     93148        72
   91114     93274        32
   91161     93321        22
   91187     93347        89
   91282     93442        38
   91330     93490        23
   91354     93514        47
   91417     93577        34
   91452     93612        36
   91489     93649        76
   91566     93726        24
   91633     93793        35
   91716     93876        80
   91800     93960        25
   91846     94006       135
   91982     94142        30
   92013     94173        90
   92104     94264        32
   92137     94297        56
   92194     94354        25
   92220     94380       104
   92344     94504        86
   92461     94627        51
   92519     94685        31
   92556     94722        38
   92617     94783        26
   92658     94824        43
   92711     94877        48
   92760     94926        22
   92783     94949        30
   92834     94991        35
   92893     95050        68
   92962     95119        57
   93020     95177        25
   93046     95203        45
   93092     95249        35
   93134     95291        87
   93222     95379        23
   93246     95403        46
   93321     95478        25
   93355     95512        35
   93391     95548        26
   93418     95575        29
   93448     95605        59
   93583     95704        24
   93615     95742        28
   93644     95771        22
   93667     95794        26
   93694     95821        87
   93782     95909        32
   93816     95943        48
   93865     95992        29
   93895     96022        53
   93949     96076        35
   93985     96112        46
   94032     96159        51
   94120     96247        26
   94147     96274       102
   94250     96377       131
   94393     96520        34
   94428     96555        64
   94530     96657        26
   94574     96701        31
   94622     96749        57
   94684     96817        23
   94708     96841        62
   94808     96941        38
   94852     96985        84
   94937     97070        97
   95035     97168        48
   95105     97238        47
   95153     97286        41
   95217     97350        30
   95257     97390        74
   95387     97530        25
   95446     97589        20
   95467     97610        25
   95493     97636        65
   95578     98016        25
   95626     98064        40
   95714     98152        48
   95822     98273        28
   95854     98305        20
   95891     98342        23
   95915     98366        39
   96030     98412       168
   96213     98595        24
   96263     98645        32
   96299     98693        24
   96324     98718        21
   96363     98757        20
   96402     98800        24
   96425     98831        33
   96473     98879        26
   96514     98922        93
   96608     99016        63
   96673     99081       124
   96798     99206        22
   96825     99233        64
   96924     99332        34
   96959     99367       207
   97177     99585       106
   97284     99692        93
   97378     99786       126
   97505     99913       164
   97663    100074       103
   97767    100178        36
   97804    100215       148
   97970    100381        31
   98002    100413        58
   98061    100472        94
   98156    100567        28
   98204    100615       172
   98377    100788       119
   98515    100926        22
   98538    100949        90
   98636    101047        76
   98713    101124        74
   98788    101199        76
   98865    101276        38
   98926    101337        41
   98975    101386        42
   99018    101429        25
   99044    101455        30
   99099    101510        47
   99147    101558        22
   99230    101641        56
   99287    101698        80
   99369    101780        73
   99443    101854        62
   99506    101917       107
   99664    102075        32
   99710    102121        27
   99754    102165        39
   99787    102202        61
   99859    102274        34
   99918    102333        78
   99991    102412        59
  100062    102483       194
  100257    102678       377
  100635    103056        28
  100699    103129        35
  100746    103170        23
  100799    103223        38
  100840    103264        22
  100863    103287        36
  100909    103333        33
  100965    103368        21
  100988    103429        36
  101067    103501        24
  101121    103559        25
  101148    103586        32
  101196    103640        36
  101244    103688        75
  101323    103767        48
  101371    103816        20
  101392    103837        33
  101441    103886        35
  101487    103925        27
  101515    103953        22
  101567    104005        27
  101718    104160        20
  101739    104181        32
  101772    104214        55
  101828    104270        30
  101862    104304        22
  101876    104323        38
  101921    104368        86
  102045    104492        22
  102088    104526        31
  102120    104558        39
  102176    104614        22
  102199    104637        20
  102279    104717        34
  102304    104750        31
  102336    104782        25
  102374    104820        76
  102458    104904        20
  102495    104941        43
  102539    104985        31
  102571    105017        59
  102631    105077        40
  102672    105118       550
  103223    105669       162
  103386    105832       260
  103647    106093       107
  103755    106201       310
  104066    106512       140
  104278    106724        22
  104301    106747        43
  104371    106817        22
  104403    106849        24
  104453    106898       159
  104646    107090        57
  104704    107148        33
  104745    107188        94
  104837    107283        21
  104859    107305        28
  104888    107334        53
  104933    107378        55
  104990    107435        26
  105017    107462        66
  105084    107531        56
  105141    107588        44
  105184    107625        62
  105242    107687        22
  105265    107710        48
  105314    107759        35
  105350    107795        61
  105412    107857        82
  105496    107946        41
  105538    107988        92
  105631    108081       133
  105765    108215        46
  105824    108274        23
  105848    108298        85
  105959    108409        58
  106056    108501        21
  106085    108530        45
  106131    108576        44
  106176    108621        37
  106214    108659        39
  106262    108703       104
  106377    108818        21
  106399    108840        84
  106510    108951        45
  106556    108997        24
  106581    109022       101
  106683    109124        59
  106743    109184       155
  106923    109364        56
  106980    109421        63
  107044    109485        95
  107146    109590       383
  107537    109981       275
  107837    110282       238
  108087    110532        39
  108127    110572       476
  108605    111050       120
  108740    111185       335
  109076    111521       323
  109410    111855        31
  109442    111887        72
  109515    111960       117
  109633    112078        66
  109694    112135        69
  109782    112223       181
  110037    112490        36
  110091    112544        57
  110149    112604        36
  110186    112641        78
  110298    112754        30
  110332    112788        35
  110412    112904        44
  110504    113000        46
  110581    113084        46
  110644    113153        21
  110666    113175        25
  110692    113201        48
  110746    113261        24
  110788    134859        22
  110804    113333        42
  110847    113376        54
  110902    113431        31
  110957    113486        36
  110999    113528        60
  111060    113589        32
  111103    113633        20
  111142    113682        27
  111270    113816        72
  111348    113894        46
  111405    113951        40
  111447    113993        49
  111497    114043        83
  111595    114141       153
  111766    114312        20
  111809    133807        22
  111818    114364        46
  111869    114415        32
  111902    114448        30
  111973    114540        23
  111997    114564        56
  112058    114619        43
  112473    115120        23
  112559    115206        36
  112884    115531        20
  113205    115852        23
  113265    115912        20
  113295    115942        20
  113316    115963        29
  113346    115993        28
  113418    116065        46
  113508    116155        26
  113552    116199        21
  113589    116236        23
  113631    116278        32
  113754    116401        20
  113805    116452        32
  113910    116557        26
  113987    116634        30
  114114    116761        32
  114147    116794        30
  114178    116825        58
  114283    116930        22
  114321    116968        24
  114346    116993        21
  114378    117025        20
  115375    118279        20
  116351    118920        56
  116515    119103        26
  116644    119229        30
  116675    119260        21
  116840    119428        25
  116941    119529        38
  117076    119664        20
  117185    119773        55
  117241    119829        37
  117279    119867        22
  117307    119895        32
  117376    119964        23
  117431    120019        21
  117605    120259        21
  117687    103397        26
  117828    120487        20
  117871    120530        34
  117913    120572        80
  117998    120657        29
  118089    120748        20
  118137    120796        22
  118170    120829        20
  118200    120859        44
  118269    120928        35
  118305    120964        39
  118389    121048        20
  118410    121069        38
  118473    121132        20
  118515    121174        33
  118698    121357        35
  118775    121434        39
  118815    121474        74
  118910    121569        21
  118956    121615        26
  119053    121712        21
  119151    121810        20
  119189    121848        34
  119372    122052        32
  119456    122136        41
  119507    122187        23
  119558    122238        20
  119828    122563        22
  119861    122596        37
  119917    122652        36
  119986    122721        26
  120022    122757        23
  120055    122790        23
  120085    122820        41
  120155    122890        20
  120397    123134        20
  120427    123164        35
  120628    123365        21
  120650    123387        24
  120685    123422        35
  120819    123556        25
  120859    123596        28
  121345    124096        27
  121376    124127        83
  121493    124244        23
  121535    124286        23
  121559    124310        62
  121670    124421        26
  121723    124474        38
  121762    124513        41
  121823    124599        23
  121909    124691        25
  121944    124726        31
  121995    124777        29
  122025    124807        35
  122154    124936        23
  122244    125026        26
  122307    125089        25
  122336    125118        48
  122394    125176        40
  122480    125262        32
  122599    125428        28
  123005    125762        25
  123048    125805        25
  123149    125917        22
  123522    126267        25
  123554    126299        20
  123587    126332        20
  123608    126353        26
  123665    126410        30
  123779    126524        25
  123853    126598        21
  123908    126653        26
  123944    126689        20
  123965    126710        20
  124022    126767        23
  124081    126826        79
  124161    126906        22
  124311    127056        26
  124338    127083        20
  124431    127176        23
  124545    127290        29
  124581    127326        20
  124602    127347        23
  124646    127391        23
  124678    127423        24
  124782    127527        25
  124808    127553        24
  124881    127626        20
  124919    127664        24
  124958    127703        39
  125008    127753        22
  125031    127776        38
  125181    127926        32
  125214    127959        34
  126063    128855        23
  126101    128893        21
  126258    129044        23
  126617    129397        21
  126680    129460        27
  127003    129795        20
  127145    129937        22
  127257    130049        27
  127824    130619        21
  128009    130804        21
  128465    131281        26
  128799    131612        20
  129024    131837        48
  129525    132341        20
  129729    132545        24
  129771    132587        30
  130435    133221        21
  130729    133512        43
  130777    133554        56
  130834    133611        23
  130898    133696        30
  130929    133727        32
  130966    133764        46
  130999    114345        22
  131044    133842        20
  131082    133880       153
  131250    134048        83
  131334    134132        49
  131385    134183        40
  131436    134234        46
  131488    134286        72
  131661    134465        27
  131707    134521        20
  131738    134553        32
  131771    134586        60
  131837    134652        36
  131897    134712        31
  131929    134744        54
  131984    134799        42
  132020    113293        22
  132060    134889        24
  132090    134925        48
  132139    134974        25
  132165    135000        21
  132203    135044        46
  132280    135128        46
  132374    135226        44
  132463    135351        35
  132502    135390        30
  132566    135455        78
  132645    135534        36
  132682    135573        57
  132757    135648        36
  132867    135770       181
  133067    135970        69
  133131    136030        66
  133198    136097       117
  133316    136215        72
  133389    136288        31
  133431    136330       323
  133755    136654       335
  134105    137004       120
  134227    137126       476
  134704    137603        39
  134755    137654       238
  135018    137918       275
  135301    138201       383
  135691    138594        95
  135787    138690        63
  135851    138754        56
  135932    138835       155
  136088    138991        59
  136148    139051       101
  136250    139153        24
  136275    139178        45
  136347    139250        84
  136432    139335        21
  136464    139367       104
  136577    139476        39
  136617    139516        37
  136655    139554        44
  136700    139599        45
  136753    139652        21
  136813    139707        58
  136897    139791        85
  136983    139877        23
  137019    139913        46
  137066    139960       133
  137200    140094        92
  137293    140187        41
  137336    140235        82
  137419    140318        61
  137481    140380        35
  137517    140416        48
  137566    140465        22
  137584    140487        62
  137645    140542        44
  137690    140587        56
  137747    140646        66
  137814    140713        26
  137842    140741        55
  137889    140787        53
  137943    140841        28
  137972    140870        21
  137991    140892        94
  138093    140993        33
  138127    141027        57
  138218    141117       159
  138403    141301        24
  138437    141335        22
  138486    141384        43
  138530    141428        22
  138624    141522       140
  138765    141663       310
  139076    141974       107
  139184    142082       260
  139445    142343       162
  139608    142506       550
  140159    143057        40
  140200    143098        59
  140260    143158        31
  140292    143190        43
  140352    143250        20
  140380    143278        76
  140469    143367        25
  140495    143393        31
  140517    143423        34
  140611    143517        20
  140632    143538        22
  140671    143577        39
  140711    143617        31
  140763    143660        22
  140823    143720        86
  140916    143813        38
  140946    143848        22
  140972    143874        30
  141003    143905        55
  141059    143961        32
  141092    143994        20
  141236    144142        27
  141293    144199        22
  141316    144222        27
  141354    144253        35
  141405    144304        33
  141439    144338        20
  141459    144359        48
  141511    144411        75
  141598    144498        36
  141650    144556        32
  141684    144590        25
  141739    144649        24
  141806    144709        36
  141844    144785        21
  141888    144808        33
  141931    144851        36
  141968    144888        22
  141993    144913        38
  142061    144981        23
  142096    145010        35
  142167    145090        28
  142196    145119       377
  142574    145497       194
  142780    145703        59
  142834    145763        78
  142937    145866        34
  142982    145911        61
  143037    145970        39
  143093    146026        27
  143134    146067        32
  143217    146150       107
  143325    146258        62
  143388    146321        73
  143463    146396        80
  143544    146477        56
  143661    146594        22
  143684    146617        47
  143756    146689        30
  143787    146720        25
  143813    146746        42
  143863    146796        41
  143927    146860        38
  143966    146899        76
  144043    146976        74
  144118    147051        76
  144202    147135        90
  144293    147226        22
  144334    147267       119
  144454    147387       172
  144646    147579        28
  144675    147608        94
  144770    147703        58
  144829    147762        31
  144878    147811       148
  145027    147960        36
  145064    147997       103
  145161    148097       164
  145326    148262       126
  145453    148389        93
  145547    148483       106
  145664    148600       207
  145872    148808        34
  145941    148877        64
  146010    148946        22
  146033    148969       124
  146159    149095        63
  146223    149159        93
  146331    149269        26
  146372    149310        33
  146404    149350        24
  146447    149397        20
  146485    149435        21
  146507    149457        24
  146535    149497        32
  146593    149555        24
  146632    149594       168
  146876    149769        39
  146916    149809        23
  146956    149849        20
  146980    149873        28
  147068    149974        48
  147164    150070        40
  147227    150133        25
  147272    150473        65
  147338    150539        25
  147364    150565        20
  147418    150619        25
  147499    150710        74
  147583    150794        30
  147636    150847        41
  147678    150889        47
  147747    150958        48
  147796    151007        97
  147894    151105        84
  147984    151195        38
  148060    151271        62
  148123    151334        23
  148151    151368        57
  148225    151442        31
  148274    151491        26
  148338    151555        64
  148403    151620        34
  148449    151666       131
  148581    151798       102
  148684    151901        26
  148747    151964        51
  148799    152016        46
  148846    152063        35
  148882    152099        53
  148936    152153        29
  148966    152183        48
  149016    152233        32
  149049    152266        87
  149137    152354        26
  149164    152381        22
  149187    152404        28
  149223    152446        24
  149323    152510        59
  149383    152570        29
  149413    152600        26
  149440    152627        35
  149484    152671        25
  149538    152725        46
  149585    152772        23
  149609    152796        87
  149703    152890        35
  149739    152926        45
  149785    152972        25
  149811    152998        57
  149869    153056        68
  149961    153148        35
  150017    153195        30
  150048    153226        22
  150071    153249        48
  150129    153307        43
  150187    153365        26
  150236    153414        38
  150280    153458        31
  150318    153496        51
  150400    153584        86
  150506    153690       104
  150611    153795        25
  150637    153821        56
  150694    153878        32
  150727    153911        90
  150818    154002        30
  150849    154033       135
  151005    154189        25
  151034    154218        80
  151162    154346        35
  151240    154424        24
  151265    154449        76
  151342    154526        36
  151379    154563        34
  151429    154613        47
  151477    154661        23
  151510    154694        38
  151554    154738        89
  151647    154831        22
  151684    154868        32
  151770    154954        72
  151843    155027        25
  151869    155053        68
  151953    155137        21
  151989    155173        40
  152030    155214        22
  152074    155258        49
  152124    155308        22
  152147    155331        56
  152204    155388        52
  152257    155441        54
  152312    155496        39
  152363    155547        71
  152446    155630        42
  152489    155673        76
  152566    155750        20
  152587    155771        22
  152610    155794        26
  152654    155838        97
  152769    155953        23
  152802    155986        33
  152836    156020        54
  152891    156075        58
  152958    156142        27
  152991    156166        21
  153033    156208       120
  153154    156329        39
  153194    156369        29
  153229    156404       103
  153333    156508        22
  153356    156531        70
  153445    156620        22
  153472    156647        32
  153505    156680        54
  153560    156735        21
  153661    156836        22
  153685    156860        63
  153749    156924       107
  153868    157043        34
  153913    157088        32
  153946    157121        41
  153991    157166        57
  154049    157224        70
  154125    157300        81
  154207    157382        34
  154262    157437       108
  154371    157546        20
  154392    157567       150
  154543    157718        40
  154607    157782        31
  154666    157845        20
  154687    157866        75
  154763    157942        71
  154835    158014        21
  154893    158072        97
  155041    158226        22
  155068    158253        35
  155104    158289        98
  155225    158410        29
  155255    158440       352
  155623    158807        85
  155721    158905        31
  155754    158938       117
  155872    159056        30
  155911    159095        24
  155967    159146       152
  156120    159299       131
  156268    159447        20
  156290    159469        34
  156325    159504        44
  156370    159549        24
  156400    159579        44
  156445    159624        42
