> gi|156555929|emb|AM711639.1|
     151        25        23
     175        50        22
     596       271        23
     686       361        28
     788       463        23
     958       633        45
    1043       718        23
    1214       889        23
    1331      1006        53
    1411      1086        21
    1478      1153        20
    8293      2914        66
    9864     14605        22
   10052      3235        29
   10082      3265        40
   10539      3724        23
   10617      3802        26
   10920      4105        23
   11238      4423        20
   11706      4891        31
   13549      5749        21
   13589      5789        23
   13637      5837        31
   13715      5915        20
   29431     78757        57
   38786     21883        42
   39592     22268        41
   39634     22310        34
   39669     22345        28
   39707     22382        21
   40164     22585        30
   40551     22742        59
   44586     23105        43
   68963     30670        20
   70398     32078        23
   70659     32339        20
   72560      2912        30
   89312     79033        20
   89333     79054        29
   89955     79314        97
   90057     79416        38
   90108     79467        29
   90149     79508        28
   90204     79563        40
   90248     79607        29
   90945     79740        23
   90969     79764        21
   90993     79788        39
   91255     80050        31
   91332     80127        25
   99373     54722        20
   99783     55114        22
  100375     55610        20
  101020     56228        27
  101966     56733        32
  102052     56819        23
  102527     56983        25
  102553     57009        24
  103157     59059        98
  103256     59158        35
  103333     59236        54
  103439     59340        64
  103529     59430        25
  103610     59512        61
  103672     59574        45
  103718     59620        65
  103784     59686        51
  103861     59764        23
  103945     59848        28
  103988     59892        50
  104039     59943       106
  104156     60060        73
  104230     60134        37
  104270     60180       103
  104374     60284        28
  104416     60325        50
  104467     60376        48
  104516     60425        30
  104568     60477        37
  104606     60515        50
  104666     60575        44
  104960     60740        24
  106908     60782        26
  107001     60819        32
  107034     60852        36
  107072     60895        58
  107146     60969        26
  107179     61002        24
  107214     61037        98
  107313     61136        56
  107370     61193        24
  107422     61246        28
  107451     61275       132
  107587     61411        48
  107642     61465        63
  107714     61537        86
  107808     61631       170
  107994     61817        28
  108048     61883        86
  108146     61981        95
  108242     62077        40
  108283     62118        25
  108341     62177        42
  108384     62220        38
  108451     62287        41
  108521     62363        40
  108614     62443        35
  108841     62513        23
  108876     62548        58
  108935     62607        67
  108999     62676        70
  109079     62756        20
  109108     62785        28
  109158     62836        63
  109222     62900        87
  109310     62988        74
  109414     63092        30
  109445     63123        20
  109466     63144        25
  109492     63170        85
  109578     63256        34
  109619     63297        39
  109664     63342       248
  109913     63591        73
  109987     63665        48
  110130     63812        91
  110222     63904        28
  110449     63997        22
  110507     64055        29
  110537     64085        23
  111130     64195        24
  136142     65910        22
  137040     66772        30
  139370     67361        20
  142326     58357        20
  142682      9071        20
  145328     67971        20
  147321     58942        20
  148020     68579        23
  155295     37068        21
  155362     37135        20
  157646     37960        27
  160396     39374        23
  160453     39431        20
  160719     73500        24
  161313     73611        23
  161337     73635        29
  161402     73700        22
  161623     73787        28
  161652     73816        91
  161838     74006        48
  161887     74055        73
  161961     74129       248
  162215     74383        39
  162261     74429        34
  162296     74464        85
  162382     74550        25
  162408     74576        20
  162429     74597        30
  162489     74657        74
  162564     74732        87
  162652     74820        63
  162737     74906        28
  162774     74943        20
  162804     74973        70
  162871     75045        67
  162939     75113        58
  163009     75183        23
  163224     75241        35
  163312     75316        40
  163381     75391        41
  163451     75461        38
  163490     75500        42
  163565     75576        25
  163591     75602        40
  163632     75643        95
  163739     75750        86
  163851     75874        28
  163895     75918       170
  164073     76096        86
  164168     76191        63
  164238     76260        48
  164290     76312       132
  164423     76445        28
  164479     76502        24
  164504     76527        56
  164561     76584        98
  164670     76693        24
  164701     76724        26
  164743     76766        58
  164803     76831        36
  164840     76868        32
  164939     76911        26
  166889     76955        24
  167163     77100        44
  167217     77154        50
  167268     77205        37
  167327     77264        30
  167358     77295        48
  167407     77344        50
  167471     77407        28
  167500     77436       103
  167606     77548        37
  167644     77586        73
  167728     77670       106
  167835     77777        50
  167900     77843        28
  167989     77932        23
  168038     77982        51
  168090     78034        65
  168156     78100        45
  168202     78146        61
  168319     78264        25
  168370     78315        64
  168486     78429        54
  168582     78526        35
  168618     78562        98
  169296     80686        24
  169321     80711        25
