> gi|309252869|gb|HQ207704.1|
     148        41        27
     175        69        22
     518       503        26
     557       542        29
     587       572        20
     641       626        25
     698       683        53
     755       740        23
     806       791        53
     860       845        35
     923       908        23
     980       965        32
    1016      1001        29
    1112      1097        23
    1160      1145        23
    1187      1172        29
    1259      1244        26
    1286      1271        32
    1319      1304        65
    1406      1391        28
    1435      1420        72
    1508      1493        38
    1623      1619        33
    1801      1863        36
    1853      1921        34
    2287      2344        24
    2355      2412        25
    2928      2985        22
    2970      3027        34
    3056      3113        21
    3232      3289        21
    3841      3906        47
    4123      4180        30
    4362      4409        26
    5158      5891        31
    5190      5923        31
    5228      6830        43
    5297      6898        28
    6067     84007        21
    6901      8072        25
    7291      8218        35
    7941      8964        26
    8024      9049        33
    8079      9104        20
    8127      9152        24
    8289      9294        36
    8326      9331        33
    8361      9366        20
    9113     10158        39
    9347     10395        25
    9414     10456        24
    9744     10773        40
    9830     10853        62
   10051     11221        78
   10384     12102        25
   10504     12222        26
   10609     12327        31
   10685     12403        24
   10752     12470        29
   10857     12575        41
   10920     12638        20
   10988     12706        21
   11031     12749        20
   11065     12783        22
   11151     12869        29
   11232     12950        29
   11393     13111        24
   11468     13186        21
   11511     13229        28
   11547     13265        20
   11781     13497        21
   11801     13510        23
   11861     13593        22
   11897     13629        27
   12198     13930        38
   12269     14001        55
   12461     14174        23
   12762     14528        20
   12834     14600        20
   12948     14711        46
   13009     14772        45
   13055     14818        27
   13541     15344        46
   13589     15392        29
   13625     15428        29
   13688     15491        26
   13715     15518        23
   13742     15545        35
   14647     16460        27
   15029    104004        25
   15057    104036        31
   15120    157521        34
   15161    157562        50
   15285    157707        53
   15356    157778        27
   15404    157826        27
   15452    157874       261
   15730    158152        49
   15805    158227        37
   15883    158307        30
   15916    158340        27
   15944    158368        48
   16108    158552        88
   16242    158686        30
   16314    158758        47
   16374    158818        30
   16424    158868        21
   16468    158912        46
   16552    158996        36
   16614    159058        36
   29431    143332        30
   29464    143365        26
   38786     50047        54
   39594     51380        62
   39668     51454        29
   39702     51485        26
   39776     51558        33
   40077     51895        36
   40158     51976        37
   40550     52405        59
   41064     53064        20
   41186     53253        47
   41279     53346        52
   41360     53427        25
   41397     53464        25
   41453     53520        22
   41483     53550        23
   41813     53868        22
   41986     54056        29
   42034     54104        20
   42070     54140        38
   42115     54185        62
   42297     54367        33
   42331     54401        20
   42352     54422        23
   42632     54702        44
   42680     54750        20
   42784     54854        20
   43707     55693        45
   43778     55764        33
   43812     55797        27
   43882     55871        21
   43930     55919        21
   44032     56021        29
   44095     56093        30
   44247     56249        22
   44307     56309        39
   44551     56537        23
   44575     56561        58
   51669     48723        21
   67538     64397        21
   67566     64425        29
   67601     64460        27
   67843     64702        20
   67977     64836        20
   69061     65441        32
   69274     65654        23
   69492     65872        21
   69858     66250        20
   69902     66294        33
   69965     66357        21
   69995     66387        21
   70038     66430        29
   70068     66460        23
   70107     66499        30
   70138     66530        22
   70257     66649        23
   70294     66686        22
   70322     66714        42
   70374     66766        35
   70494     66886        35
   70740     67132        26
   70794     67186        35
   71249     67386        22
   72628     38718        20
   89138    144185        40
   89240    144286        28
   89289    144335        26
   89333    144379        29
   89949    144864        49
   89999    144914        53
   90057    144972        38
   90108    145023        26
   90149    145064        36
   90186    145101        58
   90248    145163        79
   90346    145261        21
   90386    145301        26
   90578    145498        35
   90614    145534        44
   90659    145579        72
   90758    145657        51
   90810    145709        33
   90860    145759        27
   90944    145843        46
   90991    145890        41
   91239    146138        38
   91332    146231        24
   91508    146425        41
   91588    146506        21
   91609    146594        43
   91670    146655        32
   91752    146737        23
   91776    146761        20
   91818    146803        29
   91857    146842        59
   91933    146918        58
   92019    147004        50
   92070    147055        44
   92115    147100        36
   92171    147156        22
   92199    147184        32
   92247    147232        26
   92284    147269        30
   92328    147313        46
   92375    147360        24
   92473    147458        22
   92564    147556        20
   92622    147612        40
   92681    147671        78
   92760    147750        40
   92848    147839        27
   92876    147867        28
   92933    147924        31
   93012    148009        65
   93078    148075        60
   93155    148152        24
   93180    148177        32
   93213    148210        61
   93312    148309        27
   93359    148356        45
   93415    148412        54
   93473    148470        29
   93516    148513        40
   93558    148555        22
   93581    148578        22
   93627    148624        42
   93670    148667        21
   93751    148748        59
   93812    148809        24
   93865    148867        41
   93963    148950        42
   94886     91383        22
   95214     92380        24
   95484     92659        27
   96030     93451        27
   97065     94606        35
   99374     95592        22
   99852     96079        21
  100235     96375        29
  100481     96621        21
  100605     96742        31
  100799     96936        28
  100887     97024        25
  101018     97155        29
  101127     97273        23
  101970     97915        43
  102052     97997        23
  102315     98510        24
  102378     98573        23
  102527     98684        53
  102594     98751        23
  102660     98817        21
  102696     98853        24
  102969    104754        21
  103010    104794        24
  103054    104838        31
  103117    104901        28
  103146    104930        94
  103241    105025        50
  103292    105076        25
  103333    105118        61
  103439    105222        64
  103529    105312        25
  103591    105375        22
  103614    105398        57
  103672    105456       188
  103861    105645        23
  103917    105700        26
  103945    105729        28
  103988    105773       157
  104146    105931       121
  104284    106075        89
  104416    106206        25
  104442    106232        24
  104467    106257        48
  104516    106306        30
  104568    106358        37
  104606    106396        50
  104666    106456        23
  104690    106480        26
  104751    106537        39
  104808    106594        20
  104830    106616        44
  104899    106688        32
  104964    106753        26
  104989    106777        83
  105073    106861        51
  105125    106913        76
  105216    107004        40
  105257    107045        40
  105305    107093        50
  105373    107161        28
  105402    107190        52
  105471    107257        31
  105598    107395        22
  105621    107418        83
  105703    107497        52
  105756    107550        30
  105791    107600        21
  105817    107627        98
  105895    107725        94
  106001    107823        37
  106039    107861       121
  106161    107983        88
  106250    108063        85
  106358    108171        67
  106439    108256        27
  106467    108284        28
  106526    108343        29
  106556    108373        22
  106582    108399        49
  106768    108467        62
  106831    108530        42
  106874    108572        24
  106899    108597        61
  107010    108708        25
  107036    108734        34
  107071    108776       101
  107180    108885        24
  107205    108910       100
  107306    109011        90
  107397    109102        21
  107441    109146       103
  107545    109250        36
  107582    109287        35
  107642    109347        63
  107714    109419        86
  107808    109513       170
  107979    109684        68
  108048    109753        97
  108146    109851       137
  108284    109989        22
  108341    110046        42
  108384    110089       108
  108493    110198        67
  108584    110288        20
  108602    110300        24
  108627    110325        22
  108841    110382       295
  109136    110678        85
  109222    110764       167
  109399    110941       165
  109578    111120        39
  109618    111160       178
  109797    111339       115
  109913    111455       139
  110130    111694        34
  110165    111729        56
  110222    111786        41
  110265    111829        42
  110284    111880        37
  110317    111916        32
  110354    111950        48
  110416    112022        29
  110446    112052        60
  110507    112113        66
  110634    112251        33
  110783    112417        75
  110859    112493        22
  110943    112596        34
  111126    113133        25
  111152    113159        48
  111219    113226        33
  112187     79881        25
  122412    134944        20
  132818    115121        22
  133134    115440        45
  133281    115587        36
  133452    115755        26
  133508    115811        33
  133557    115860        38
  133953    116259        20
  134046    116352        23
  134070    116376        32
  134110    116416        37
  134205    116511        32
  134305    116611        30
  135275    117510        22
  135375    117616        21
  136123    119203        51
  136175    119255        23
  136356    119464        22
  136571    119679        21
  137007    120136        20
  137172    120313        23
  137575    120595        20
  137779    120799        23
  137881    120901        20
  138096    121116        21
  138127    121147        21
  138159    121179        27
  138211    121231        22
  138268    121288        31
  138367    121387        25
  138604    121624        26
  138674    121694        21
  138949    121969        20
  139014    122034        22
  139151    122182        29
  139183    122214        21
  139229    122260        29
  139307    122338        29
  139370    122401        20
  139760    122751        25
  139811    122802        23
  139886    122877        29
  140264    123261        23
  140680    123677        24
  141236    124170        26
  141276    124210        26
  141303    124237        23
  141336    124270        23
  141360    124294        20
  141384    124318        41
  141426    124360        32
  141609    124543        33
  141643    124577        21
  141769    124702        20
  141790    124723        53
  141850    124783        20
  141876    124809        24
  141901    124834        24
  142006    124939        37
  142057    124990        53
  142111    125044        38
  142195    125128        26
  142326    125259        34
  142335     47105        27
  142689     46785        20
  142802    125851        24
  143172    126264        24
  143302    126399        28
  143340    126437        23
  143366    126463        48
  143460    126557        24
  143506    126603        20
  143561    126658        22
  143584    126681        31
  143679    126776        23
  143703    126800        20
  143856    126953        45
  143926    127023        51
  144103    127200        26
  144171    127268        21
  144262    127359        23
  144325    127422        53
  144445    127542        20
  144514    127611        31
  144682    127779        25
  144760    127857        20
  144805    127902        53
  144861    127958        24
  144901    127998        29
  144934    128031        22
  145012    128109        30
  145327    128386        26
  145375    128434        20
  145399    128458        30
  146026     68080        23
  146067     68125        27
  147321    104714        20
  147813    129062        30
  149368    130686        26
  149441    113102        20
  149884    131310        20
  154852     73674        39
  154956     73778        20
  155269     74172        25
  155389     74292        22
  157199     74769        56
  157367     74942        24
  157489     75057        21
  157578     75155        21
  157646     75234        35
  158262     75906        23
  158462     76118        23
  158588     76232        22
  158761     76413        28
  158790     76442        27
  160323     77003        30
  160378     77058        32
  160444     77124        20
  160471     77151        26
  160504     77184        47
  160583     77263        37
  160621    134807        33
  160673    134859        48
  160722    134908        25
  160896    135436        34
  160992    135551        22
  161015    135574        75
  161206    135782        33
  161300    135887        66
  161367    135954        60
  161428    136015        29
  161471    136068        48
  161524    136118        32
  161552    136149        37
  161566    136195        42
  161610    136239        41
  161652    136281        56
  161709    136338        34
  161821    136472       139
  161961    136612       115
  162077    136728       178
  162256    136907        39
  162309    136960       165
  162484    137135       167
  162652    137303        85
  162737    137389       295
  163224    137719        22
  163247    137742        24
  163269    137758        20
  163313    137801        67
  163381    137869       108
  163490    137978        42
  163567    138055        22
  163590    138078       137
  163728    138216        97
  163826    138314        68
  163895    138383       170
  164073    138561        86
  164168    138656        63
  164256    138744        35
  164292    138780        36
  164329    138817       103
  164455    138943        21
  164477    138965        90
  164568    139056       100
  164669    139157        24
  164701    139189       101
  164803    139298        34
  164838    139333        25
  164913    139408        61
  164975    139470        24
  165000    139494        42
  165043    139537        62
  165242    139618        49
  165295    139671        22
  165318    139694        29
  165378    139754        28
  165407    139783        27
  165448    139828        67
  165538    139918        85
  165624    139995        88
  165713    140084       121
  165835    140206        37
  165884    140247        94
  165958    140341        98
  166061    140445        21
  166087    140486        30
  166118    140517        52
  166169    140565        83
  166253    140649        22
  166371    140778        31
  166419    140824        52
  166472    140877        28
  166518    140923        50
  166576    140981        40
  166617    141022        40
  166672    141077        76
  166749    141154        51
  166801    141206        83
  166883    141287        26
  166942    141346        32
  166999    141406        44
  167045    141452        20
  167083    141490        39
  167157    141560        26
  167184    141587        23
  167217    141620        50
  167268    141671        37
  167327    141730        30
  167358    141761        48
  167407    141810        24
  167432    141835        25
  167500    141902        89
  167606    142014       121
  167728    142136       157
  167900    142309        28
  167930    142340        26
  167989    142398        23
  168013    142422       188
  168202    142611        57
  168260    142669        22
  168319    142729        25
  168370    142780        64
  168479    142887        61
  168556    142965        25
  168582    142991        50
  168633    143042        94
  168728    143137        28
  168788    143197        31
  168839    143248        24
  168883    143291        21
  169153    149189        24
  169192    149228        21
  169256    149292        23
  169293    149329        53
  169472    149470        23
