> gi|442566132|gb|KC180769.1|
      17       531        24
      58       572        36
     125       639        20
     170       684        41
     215       729        44
     275       789        41
     317       831        41
     359       873        32
     401       915        65
     467       981        41
     524      1038        20
     578      1092        20
     602      1116        32
     644      1158        20
     676      1190        68
     773      1287        26
     800      1314        26
     827      1341        20
     848      1362        25
     878      1392        47
     935      1449        32
     968      1482        35
    1013      1527        39
    1055      1569        34
    1301      1865        52
    1390      1954        45
    1816      2312        20
    1942      2438        23
    2059      2555        20
    2615      3114        21
    2872      3365        26
    3247      3733        23
    3910      4325        20
    3937      4352        25
    4024      4439        26
    5384      6128        51
    6800      7552        27
    6831      7583        32
    7213      7968        31
    7360      8115        50
    7821      8543        24
    7915      8637        22
    8085      8814        28
    8114      8843        23
    8141      8870        27
    9314      9684        41
    9954     10364        26
    9986     10396        27
   10022     10440        64
   10234     10755        47
   10282     10803        32
   10565     11276        28
   10699     11410        25
   10751     11462        32
   10784     11495        23
   10808     11519        26
   10871     11582        70
   10942     11653        21
   10967     11678        53
   11060     11771        21
   11085     11796        22
   11108     11819        25
   11204     11915        23
   11279     11990        23
   11387     12098        50
   11489     12200        68
   11672     12383        35
   11708     12419        59
   11819     12530        35
   11855     12566        22
   11881     12592        24
   11951     12662        40
   12167     12857        41
   12324     13014        24
   12453     13143        34
   12489     13179        21
   12538     13228        21
   12565     13255        26
   13053     13705        26
   13127     13773        35
   13175     13834        21
   13276     13936        30
   13322     13982        47
   13396     14056        37
   13937     14653        23
   14003     14719        29
   14054     14770        23
   14102     14818        20
   14132     14848        20
   14153     14869        21
   14730     15966        38
   14769     16005        53
   14848     16084        40
   14892     16128        29
   14922     16158        25
   14967     16203        23
   15066     16302        23
   15093     16329        20
   15153     16389        35
   15243     16479        26
   15318     16554        23
   15378     16614        20
   15507     16748        23
   15728     16934        30
   15759     16965        20
   15780     16986        29
   15810     17016        20
   15831     17037        35
   15887     17093        30
   15930     17136        22
   16095     17301        35
   16131     17337        20
   16229     17435        27
   16257     17463        24
   16282     17488        34
   16343     17549        36
   16874     18094        26
   16961     18181        22
   17088     18308        22
   17177     18397        26
   17324     18544        35
   17363     18583        23
   17402     18622        35
   17468     18688        23
   17587     18804        21
   17978     19207        24
   18307     19530        30
   18491     19714        20
   18512     19735        35
   18613     19836        29
   18674     19897        35
   18710     19933        23
   18794     20017        32
   18971     20194        32
   19463     20686        28
   19541     20773        34
   19633     20865        35
   19691     20923        23
   19759     20991        24
   19787     21019        32
   19832     21064        47
   19911     21143        22
   19934     21166        21
   20048     21280        28
   20201     21436        20
   20222     21457        32
   20285     21520        50
   20342     21577        35
   20446     21681        23
   20528     21763        26
   20642     21877        26
   20693     21928        20
   21225     22447        28
   21389     22611        22
   21485     22707        45
   21531     22753        56
   21606     22828        20
   21648     22870        23
   21903     23125        20
   21948     23170        23
   21990     23212        32
   22026     23248        41
   22068     23290        20
   22089     23311        86
   22245     23467        22
   22302     23524        28
   22403     23625        21
   22467     23689        20
   22533     23755        21
   22557     23779        55
   22676     23890        33
   23187     24431        34
   23265     24508        20
   23304     24546        31
   23378     24620        35
   23431     24673        39
   23483     24725        26
   23576     24818        23
   23615     24857        50
   23693     24935        22
   23726     24968        33
   23783     25025        49
   23847     25089        42
   23931     25173        33
   23965     25207        44
   24043     25285        53
   24097     25339        20
   24121     25363        31
   24199     25441        29
   24235     25477        23
   24291     25533        45
   24378     25620        77
   24547     25789        21
   24652     25894        21
   24691     25933        23
   24801     26043        28
   24831     26073        21
   24931     26173        38
   24995     26237        21
   25123     26365        26
   25150     26392        30
   25296     26538        27
   25408     26650        26
   25498     26740        20
   25567     26809        24
   25753     27001        23
   25852     27100        23
   26008     27256        20
   26139     27387        24
   26164     27412        77
   26248     27496        23
   26293     27541        35
   26407     27655        59
   26522     27770        25
   26599     27847        59
   26679     27927        20
   26725     27973        22
   26748     27996        36
   26785     28033        42
   26844     28092        27
   27956     29517        27
   27990     29551        27
   28791     30436        41
   28833     30478        35
   30057     31515        22
   30083     31541        32
   30116     31574        20
   30336     31766        25
   30946     32705        54
   31330     33216        36
   31367     33253        50
   31473     33355        57
   32312     34311        78
   33356     35774        52
   33426     35844        25
   33464     35882        29
   33530     35948        20
   33551     35969        20
   33572     35990        29
   33638     36056        20
   33674     36092        20
   33743     36161        38
   33782     36200        50
   33833     36251        68
   33944     36362        23
   33968     36386        32
   34037     36455        23
   34073     36491        32
   34142     36560        63
   34206     36624        35
   34256     36674        38
   34301     36719        26
   34340     36758        41
   34388     36806        80
   34469     36887        42
   34557     36975        59
   34635     37053        20
   34672     37090        25
   34731     37149        29
   34770     37188        32
   34806     37224        20
   34839     37257        32
   34872     37290        23
   34896     37314        30
   34947     37365        20
   34974     37392        26
   35022     37440        32
   35055     37473        32
   35106     37524        27
   35208     37626        32
   35313     37731        23
   35337     37755        53
   35391     37809        26
   35457     37875        23
   35574     37992        41
   35628     38046        77
   35748     38166        26
   35787     38205        23
   35956     38470        32
   35992     38511        28
   36021     38540        23
   36571     39037        26
   36609     39075        27
   36951     39514        33
   37177     39755        47
   37397     39978        21
   37425     40006        23
   37621     40202        25
   37931     40505        20
   37952     40526        26
   37979     40553        56
   38051     40625        53
   38105     40679        23
   38129     40703        34
   38170     40744        30
   38216     40790        59
   38282     40856        44
   38360     40934        20
   38417     40991        23
   38516     41090        29
   38612     41186        20
   38651     41225        26
   38780     41354        47
   38828     41402        32
   38885     41459        35
   38930     41504        32
   39035     41609        44
   39137     41711        46
   39245     41819        20
   39329     41903        23
   39494     42068        23
   39527     42101        23
   39602     42176        20
   39743     42317        53
   39814     42388        42
   39962     42536        86
   40048     42625        46
   40095     42672        92
   40230     42807        20
   40251     42828        23
   40314     42891        20
   40353     42930        23
   40377     42954        20
   40473     43050        23
   40500     43077        35
   40536     43113        20
   40647     43224        22
   40692     43269        23
   40728     43305        23
   40923     43500        38
   41001     43578        50
   41106     43683        20
   41133     43710        23
   41193     43770        59
   41253     43830        37
   41307     43884        34
   41409     43986        26
   41496     44073        32
   41535     44112        59
   41684     44261        26
   41715     44292        29
   41772     44349        38
   41838     44415        32
   41871     44448        26
   41898     44475        20
   42003     44580        32
   42048     44625        32
   42090     44667        26
   42141     44718        20
   42171     44748        23
   42195     44772        29
   42291     44868        24
   42316     44893        33
   42429     45002        29
   42478     45051        35
   42653     45500        23
   42732     15719        20
   42789     45645        20
   42831     45687        35
   42867     45723        35
   42943     45799        54
   43094     45986        20
   43152     46043        23
   43234     46120        23
   43258     46144        24
   43507     46379        24
   43538     46409        21
   43606     46492        42
   43649     46535        26
   43745     46631        26
   43772     46658        24
   43803     46689        43
   43881     46766        42
   44195     47080        20
   44375     47264        20
   44433     47322        24
   44576     47493        37
   44621     47538        48
   44716     47633        23
   45208     48453        94
   45615     48832        25
   45839     49050        22
   45866     49077        35
   45917     49128        20
   45938     49149        23
   46151     49362        26
   46181     49392        29
   46584     49616        80
   46873     45261        21
   47398     50874        39
   47442     50918        32
   47482     50958        27
   47510     50986        22
   47576     51069        22
   47969     51314        23
   47993     51338        43
   48037     51382        26
   48064     51409        33
   48277     51624        54
   49121     52433        26
   49239     52551        40
   49280     52592        29
   49339     52651        23
   49378     52690        30
   49505     52817        26
   49541     52853        21
   49762     53058        31
   49795     53091        27
   49833     53129        30
   49987     53283        38
   50101     53397        29
   50131     53427        35
   50173     53469        22
   50196     53492        24
   50221     53517        29
   50508     53802        22
   50544     53838        26
   50571     53865        41
   50768     54062        20
   51543     54641        23
   51617     54716        27
   51709     54785        32
   51761     54837        26
   51818     54894        24
   51870     54947        25
   52042     55120        20
   52168     55245        42
   52228     55316        22
   52364     55448        24
   52389     55473        60
   52468     55554        20
   52664     55808        46
   52823     55967        22
   52914     56058        27
   52948     56092        20
   52973     56117        31
   53032     56176        31
   53097     56241        20
   53139     56283        26
   53196     56340        20
   53217     56361        20
   53253     56397        35
   53307     56451        20
   53331     56475        33
   53385     56529        29
   53426     56570        39
   53466     56610        20
   53502     56646        29
   53547     56691        29
   53580     56724        20
   53637     56781        26
   53700     56844        20
   53745     56889        20
   53784     56928        35
   53919     57063        20
   53979     57123        23
   54036     57180        23
   54084     57228        20
   54108     57252        29
   54138     57282        29
   54225     57369        20
   54285     57429        32
   54318     57462        47
   54410     57554        32
   54615     57761        29
   54991     58139        38
   55131     58274        27
   55307     58427        72
   55380     58500        21
   55435     58555        32
   55525     58645        35
   55567     58687        27
   55657     58777        35
   55693     58813        32
   55783     58903        20
   55894     59014        32
   55960     59080        42
   56003     59123        21
   56059     59179        20
   56119     59239        41
   56161     59281        22
   56184     59304        21
   56233     59353        41
   56299     59419        30
   56485     59605        29
   56629     59749        20
   56668     59788        20
   57702     60565        21
   58101     61048        26
   58359     61294        38
   58437     61372        30
   58468     61403        22
   58686     61621        20
   58806     61741        30
   58837     61772        22
   58875     61810        26
   59043     61978        23
   59070     62005        26
   59097     62032        21
   59752     49931        21
   59884     62871        62
   60244     63279        23
   60348     63383        21
   60416     63451        28
   60511     63546        34
   60624     63659        49
   60757     63792        22
   60851     63886        27
   60882     63917        20
   61657     64979        25
   61683     65005        25
   61987     65309        23
   62042     65364        42
   62115     65437        25
   62248     65570        21
   62282     65604        20
   62542     65828        26
   62660     65940        26
   62726     66006        38
   62801     66081        23
   62841     66121        27
   63092     66372        32
   63131     66411        23
   63158     66438        23
   63440     66720        29
   64603     67858        22
   64795     68074        44
   64849     68128        24
   64917     68196        43
   64961     68240        38
   65000     68279        48
   65061     68339        31
   65196     68474        38
   65244     68522        38
   65439     68712        29
   66464     69853        30
   66536     69925        22
   66741     70114        29
   66774     70147        23
   66810     70183        26
   66962     70353        48
   67013     70404        35
   67183     70621        79
   68097     71571        21
   68202     71682        35
   68623     72076        66
   68711     72164        52
   68764     72217        33
   69035     72506        20
   69168     72641        26
   69250     72723        31
   69358     72831        20
   69394     72867        27
   69480     72952        20
   69582     73054        26
   69699     73195        20
   69721     73217        21
   70232     73682        52
   70315     73765        46
   70555     74003        47
   70627     74075        22
   71312     74731        26
   71400     74819        35
   71472     74891        23
   71559     74978        20
   71598     75017        20
   71655     75074        28
   71684     75103        20
   71922     75381        28
   72353     75926        31
   72407     75980        30
   72440     76013        20
   72467     76040        20
   72734     76257        24
   72759     76282        28
   72891     76415        29
   72952     76469        30
   73014     76531        23
   73044     76561        28
   73103     76620        32
   73136     76653        44
   73211     76728        23
   73258     76775        52
   73337     76854        23
   73367     76884        20
   73409     76926        23
   73433     76950        38
   73514     77031        23
   73541     77058        32
   73598     77115        20
   73664     77181        23
   73703     77220        41
   73745     77262        29
   73775     77292        50
   73850     77367        20
   73871     77388        23
   73934     77451        35
   74012     77529        38
   74111     77628        26
   74138     77655        23
   74165     77682        53
   74219     77736        35
   74342     77859        29
   74378     77895        23
   74405     77922        41
   74465     77982        20
   74650     78110        23
   74691     78151        22
   74714     78174        20
   74798     78264        38
   74837     78303        38
   74876     78342        23
   74921     78387        30
   74990     78459        42
   75048     78516        37
   75136     78604        20
   75707     79168        22
   75944     79396        23
   76246     79692        20
   76267     79713        38
   76306     79752        20
   76333     79779        23
   76366     79812        29
   76414     79860        23
   76459     79905        20
   76510     79956        20
   76552     79998        44
   76636     80082        20
   76822     80268        26
   76868     80314        20
   76931     80371        22
   77059     80492        36
   77250     80689        21
   77389     80811        21
   77803     81190        54
   77868     81255        28
   77909     81296        20
   77930     81317        20
   77963     81350        20
   77984     81371        30
   78122     81509        20
   78158     81545        38
   78209     81596        23
   78242     81629        23
   78320     81707        23
   78396     81788        31
   78612     82007        39
   78976     82371        26
   79003     82398        29
   79052     82447        32
   79279     82674        22
   79489     82884        24
   79525     82920        20
   79581     82978        25
   79645     83042        22
   79705     83102        29
   79740     83137        27
   79780     83177        20
   80185     83575        26
   80250     83640        27
   80408     83851        22
   80484     83927        33
   80741     84163        29
   80798     84220        44
   81025     84453        21
   81088     84516        21
   81122     84550        22
   81388     84827        20
   81409     84848        20
   81445     84884        35
   81576     85015        22
   81643     85082        24
   81673     85112        23
   81907     85344        23
   82018     85455        32
   82110     85547        21
   82174     85611        23
   82216     85653        24
   82257     85694        31
   82874     86325        21
   83218     86652        20
   83253     86682        20
   83518     86948        25
   83560     86990        20
   83744     87174        30
   83997     87427        49
   84258     87723        41
   84406     87871        20
   84755     88080        39
   84923     88248        35
   85280     88402        22
   85303     88425        36
   85340     88462        32
   85373     88495        35
   85409     88531        20
   85454     88576        21
   85476     88598        34
   85535     88657        32
   85568     88690        97
   85673     88795        50
   85786     88908        66
   85853     88975        72
   85926     89048        40
   85989     89113        37
   86027     89151        31
   86113     89241        23
   86137     89265        41
   86180     89308        23
   86204     89332       121
   86327     89455       103
   86476     89604        82
   86559     89687        30
   86618     89746        33
   86652     89780        39
   86728     89862        66
   86798     89932        27
   86826     89960        20
   86851     89985        71
   86937     90071        23
   86999     90133        20
   87107     90240        40
   87152     90285        20
   87173     90306        20
   87194     90327        46
   87262     90395        37
   87312     90465        22
   87335     90488        61
   87424     90577        30
   87514     90667        24
   87593     90746        28
   87623     90776        36
   87774     90927        27
   87809     90962        21
   87855     91008        49
   87905     91058        34
   88144     91297        26
   88203     91356        22
   88234     91387        77
   88315     91468        22
   88354     91507        55
   88420     91573        21
   88453     91606        75
   88589     91736        31
   88625     91829        27
   88661     91865        53
   88720     91924        55
   88776     91980        22
   88809     92013        25
   88838     92042        20
   88863     92067        69
   88933     92137        23
   88974     92178        26
   89001     92205        22
   89062     92266        59
   89122     92326        23
   89219     92423        25
   89250     92454        48
   89370     92574        36
   89407     92611        56
   89470    155132        20
   89487     92691        56
   89581     92785        39
   89630     92840        21
   89667     92877        62
   89762     92972        46
   89929     93145        25
   89961     93171        59
   90095     93305        22
   90134     93344        42
   90191     93401        37
   90235     93445        29
   90265     93475        58
   90341     93551        23
   90402     93612        60
   90528     93738        39
   90574     93784        25
   90620     93830        37
   90676     93886        33
   90716     93920        58
   90792     93996        42
   90835     94039        42
   90944     94148        29
   91005     94209        21
   91035     94239        62
   91135     94345        33
   91181     94391        35
   91255     94459        43
   91315     94519        26
   91342     94546        21
   91381     94585        21
   91403     94607        26
   91434     94635        56
   91549     94750        22
   91572     94773        30
   91603     94804        46
   91690     94891        42
   91733     94934        49
   91800     95001        25
   91826     95027        45
   91872     95073        62
   91935     95136        63
   92002     95203        46
   92049     95250        23
   92091     95292       136
   92422     95620        67
   92490     95688        39
   92533     95731        34
   92569     95767       122
   92702     95900        35
   92738     95936        35
   92785     95983        20
   92873     96071       156
   93028     96235        97
   93189     96396        67
   93289     96553        36
   93326     96590        32
   93395     96665        38
   93462     96882        45
   93516     96936        43
   93562     96982        37
   93661     97081        28
   93690     97110        24
   93714     97125        30
   93770     97181        32
   93811     97222        30
   93848     97259        27
   93949     97354        21
   93975     97380        21
   94023     97434        23
   94049     97460        33
   94096     97502        23
   94142     97547        20
   94226     97624        47
   94301     97705        27
   94349     97753        39
   94389     97793        34
   94440     97837        24
   94472     97869        32
   94571     97959        36
   94608     97996        28
   94637     98025        25
   94693     98085        31
   94736     98129        25
   94774     98167        50
   94956     98236        87
   95044     98324        56
   95116     98396        27
   95180     98460        25
   95396     98694        24
   95448     98746        27
   95468    149021        42
   95534     98839        24
   95565     98870        33
   95640     98946        45
   95700     99006        23
   95751     99057        44
   95816     99122        33
   95850     99156        31
   95895     99201        51
   95955     99261        72
   96038     99344        54
   96103     99409        40
   96153     99459        88
   96242     99548        54
   96297     99603       290
   96599     99908        27
   96625     99928        68
   96694     99997        24
   96746    100034        54
   96801    100089        95
   96969    100240        39
   97025    100296        23
   97064    100335        46
   97122    100393        30
   97168    100439        67
   97242    100513        59
   97315    100586        25
   97342    100613        28
   97371    100642        53
   97425    100696        35
   97479    100750       113
   97605    100876        41
   97647    100918        39
   97687    100958        58
   97794    101065        34
   97829    101100        38
   97890    101161        25
   97926    101203        36
   97973    101250        24
   97998    101275        48
   98052    101329        20
   98085    101357        47
   98172    101441        23
   98196    101465        80
   98297    101566        36
   98334    101603        38
   98388    101657        83
   98472    101741        40
   98513    101782       149
   98665    101934        35
   98709    101973        39
   98771    102039        48
   98830    102098        34
   98865    102133        23
   98889    102157        46
   98936    102204        28
   98967    102236        36
   99027    102296        31
   99078    102347        27
   99117    102375        57
   99175    102433        64
   99244    102502       137
   99394    102652       163
   99558    102816        22
   99581    102839        20
   99631    102889        20
   99652    102910        21
   99694    102953        33
   99850    103127        20
   99983    103257        22
  100155    103415        27
  100175    103441        21
  100197    103463        39
  100248    103514        47
  100347    103612        32
  100407    103696        41
  100565    103829        39
  100727    103986        51
  100783    104042        40
  100841    104094        33
  100918    104350        21
  100942    104374        25
  100968    104400        25
  101007    104438        22
  101030    104461        29
  101109    104541        24
  101133    104573        32
  101201    104642        78
  101335    104776        27
  101404    104845        21
  101433    104874        21
  101471    104912       171
  101654    105095       262
  101917    105358        26
  101944    105385        41
  101986    105427        59
  102046    105487       168
  102232    105673       222
  102455    105896        20
  102476    105917       109
  102586    106027       108
  102710    106151        67
  102778    106219       116
  102904    106345        21
  102926    106367        88
  103021    106456        20
  103112    106548        21
  103134    106570        44
  103236    106673        24
  103289    106724       117
  103407    106842        39
  103479    106913        29
  103509    106943        20
  103530    106964        44
  103592    107026        81
  103668    107107        21
  103690    107129        77
  103768    107208        32
  103836    107276        59
  103913    107355        45
  103962    107403        43
  104004    107440        65
  104071    107511        26
  104098    107538        37
  104138    107579        21
  104160    107601        24
  104186    107627        25
  104222    107663        24
  104259    107695        68
  104329    107770        27
  104378    107812        92
  104471    107905        98
  104568    108000        38
  104607    108039        36
  104676    108108        45
  104722    108154        41
  104776    108208        52
  104829    108261        30
  104876    108309        31
  104921    108354        30
  104952    108385        26
  104978    108404        25
  105011    108437        33
  105065    108495        26
  105097    108527        73
  105171    108601        30
  105213    108642        59
  105291    108727        47
  105339    108775        45
  105414    108844        67
  105482    108912       162
  105645    109075        66
  105711    109137        26
  105762    109188       120
  105909    109335        46
  105986    109414       102
  106089    109517       278
  106377    109805       186
  106564    109992        63
  106628    110056        42
  106679    110107       248
  106928    110356        31
  106980    110408        60
  107041    110469       275
  107313    110742       130
  107445    110874       120
  107566    110995       498
  108065    111494       174
  108250    111679        49
  108301    111727        20
  108371    111797        56
  108508    111929        31
  108547    135833        35
  108573    111989        23
  108662    112077        94
  108757    112172        35
  108793    112208        23
  108908    112318        31
  108958    112368        24
  109014    112428        36
  109051    112465        58
  109168    112578        29
  109320    112743        29
  109374    112801        20
  109395    112822        28
  109496    112927        27
  109562    112999        25
  109588    113025        43
  109705    113157        56
  109762    113214        43
  109865    113317        29
  109922    113375        31
  109960    113413        32
  110074    113486        21
  110157    113574        22
  110223    113640        77
  110363    113789        70
  110434    113860        43
  110481    113907        25
  110531    113951        65
  110609    114029        44
  110654    114074        20
  110675    114095        23
  110759    114197        65
  111004    114448        30
  111035    114479        20
  122384    121730        20
  129417    133045        21
  129470    133098        38
  129704    133323        20
  129725    133344        30
  129935    133560        65
  130061    133704        23
  130085    133728        20
  130106    133749        44
  130163    133806        65
  130253    133890        25
  130282    133919        43
  130326    133963        70
  130459    134105        77
  130580    134226        22
  130664    134315        21
  130767    134377        32
  130806    134416        31
  130865    134476        29
  130954    134565        43
  130998    134609        56
  131128    134754        43
  131172    134798        25
  131236    134868        27
  131336    134972        28
  131365    135001        20
  131410    135050        29
  131562    135215        29
  131650    135299        58
  131709    135358        36
  131777    135430        24
  131820    135473        31
  131943    135591        23
  131967    135615        35
  132003    135651        94
  132163    135810        23
  132177    111954        35
  132220    135862        31
  132332    135969        56
  132438    136075        20
  132460    136094        49
  132520    136154       174
  132695    136329       498
  133194    136828       120
  133316    136950       130
  133443    137078       275
  133719    137354        60
  133800    137435        31
  133832    137467       248
  134089    137724        42
  134132    137767        63
  134196    137831       186
  134392    138027       278
  134671    138306       102
  134804    138441        46
  134877    138514       120
  135022    138659        26
  135048    138681        66
  135115    138748       162
  135278    138911        67
  135375    139002        45
  135421    139048        47
  135487    139121        59
  135558    139191        30
  135589    139222        73
  135668    139301        26
  135715    139352        33
  135756    139393        25
  135781    139411        26
  135808    139438        30
  135852    139482        31
  135900    139531        30
  135931    139562        52
  135996    139627        41
  136038    139669        45
  136116    139747        36
  136153    139784        38
  136190    139819        98
  136289    139918        92
  136403    140025        27
  136432    140059        68
  136513    140135        24
  136548    140170        25
  136575    140197        24
  136600    140222        21
  136624    140247        37
  136662    140285        26
  136690    140317        65
  136754    140376        43
  136801    140422        45
  136864    140487        59
  136959    140582        32
  136992    140616        77
  137070    140694        21
  137086    140715        81
  137185    140814        44
  137230    140859        20
  137251    140880        29
  137313    140941        39
  137353    140981       117
  137499    141125        24
  137581    141208        44
  137626    141253        21
  137718    141346        20
  137745    141367        88
  137834    141456        21
  137865    141487       116
  137982    141604        67
  138065    141687       108
  138174    141796       109
  138284    141906        20
  138305    141927       222
  138545    142167       168
  138714    142336        59
  138774    142396        41
  138816    142438        26
  138843    142465       262
  139117    142739       171
  139305    142927        21
  139334    142956        21
  139397    143019        27
  139480    143102        78
  139594    143217        32
  139626    143257        24
  139700    143332        29
  139730    143362        22
  139766    143397        25
  139792    143423        25
  139820    143451        21
  139885    143695        33
  139936    143740        40
  139981    143785        51
  140155    143954        39
  140311    144085        41
  140380    144178        32
  140464    144261        47
  140523    144320        39
  140563    144360        21
  140577    144380        27
  140754    144543        22
  140889    144675        20
  141032    144836        33
  141086    144891        21
  141108    144913        20
  141158    144963        20
  141179    144984        22
  141202    145007       163
  141378    145183       137
  141520    145325        64
  141585    145390        57
  141654    145448        27
  141701    145495        31
  141756    145550        36
  141795    145590        28
  141824    145619        46
  141871    145666        23
  141895    145690        34
  141940    145735        48
  142011    145810        39
  142059    145853        35
  142097    145891       149
  142247    146041        40
  142288    146082        83
  142387    146181        38
  142426    146220        36
  142483    146277        80
  142564    146358        23
  142627    146418        47
  142687    146473        20
  142713    146499        48
  142762    146548        24
  142797    146583        36
  142844    146636        25
  142892    146684        38
  142931    146723        34
  143014    146806        58
  143073    146865        39
  143113    146905        41
  143167    146959       113
  143299    147091        35
  143335    147127        53
  143389    147181        28
  143419    147211        25
  143458    147250        59
  143524    147316        67
  143607    147399        30
  143649    147441        46
  143711    147503        23
  143751    147543        39
  143863    147638        95
  143959    147734        54
  144041    147801        24
  144066    147826        68
  144133    147887        27
  144172    147929       290
  144463    148220        54
  144518    148275        88
  144616    148373        40
  144667    148424        54
  144732    148489        72
  144813    148570        51
  144878    148635        31
  144910    148667        33
  144964    148721        44
  145036    148793        23
  145074    148831        45
  145161    148919        33
  145201    148959        24
  145249     98759        42
  145284    149049        27
  145339    149104        24
  145554    149337        25
  145616    149399        27
  145659    149442        56
  145716    149499        87
  145935    149605        50
  145998    149668        25
  146035    149706        31
  146097    149772        25
  146123    149798        28
  146152    149827        36
  146255    149921        32
  146295    149961        24
  146336    149995        34
  146371    150030        39
  146431    150090        27
  146486    150151        47
  146597    150255        20
  146640    150297        23
  146677    150329        33
  146713    150365        23
  146763    150421        21
  146789    150447        21
  146884    150536        27
  146918    150570        30
  146957    150609        32
  147015    150667        30
  147045    150688        24
  147070    150713        28
  147160    150803        37
  147200    150843        43
  147252    150895        45
  147326    151119        38
  147401    151200        32
  147434    151233        36
  147503    151359        67
  147634    151490        97
  147730    151595       156
  147954    151819        20
  147986    151851        35
  148022    151887        35
  148068    151933       122
  148192    152057        34
  148230    152095        39
  148270    152135        67
  148532    152394       136
  148687    152549        23
  148711    152573        46
  148761    152623        63
  148825    152687        62
  148888    152750        45
  148934    152796        25
  148977    152839        49
  149027    152889        42
  149110    152972        46
  149157    153019        30
  149188    153050        22
  149269    153131        56
  149330    153189        26
  149357    153216        21
  149396    153255        21
  149418    153277        26
  149461    153320        43
  149543    153396        35
  149591    153444        33
  149662    153521        62
  149733    153592        21
  149786    153645        29
  149882    153741        42
  149925    153784        42
  149985    153844        58
  150050    153903        33
  150102    153955        37
  150160    154013        25
  150192    154045        39
  150297    154150        60
  150395    154248        23
  150436    154289        58
  150495    154348        29
  150531    154384        37
  150583    154436        42
  150642    154495        22
  150739    154592        59
  150805    154652        25
  150951    154804        46
  151030    154883        62
  151108    154961        21
  151139    154998        39
  151216    155075        56
  151269     92670        20
  151296    155155        56
  151353    155212        36
  151461    155320        48
  151515    155374        25
  151614    155473        23
  151638    155497        59
  151736    155595        22
  151759    155618        26
  151803    155662        23
  151827    155686        69
  151901    155760        20
  151925    155784        25
  151961    155820        22
  151984    155843        55
  152045    155904        53
  152107    155966        27
  152139    156055        31
  152231    156141        75
  152318    156228        21
  152350    156260        55
  152422    156332        22
  152448    156358        77
  152534    156444        22
  152589    156499        26
  152820    156730        34
  152855    156765        49
  152929    156839        21
  152958    156868        27
  153100    157010        36
  153138    157048        28
  153221    157131        24
  153305    157215        30
  153363    157273        61
  153425    157335        22
  153460    157390        37
  153519    157449        46
  153566    157496        20
  153587    157517        20
  153612    157542        40
  153740    157669        20
  153799    157728        23
  153837    157766        71
  153913    157842        20
  153934    157863        27
  153965    157894        66
  154068    158003        39
  154108    158043        33
  154170    158105        30
  154201    158136        82
  154329    158264       103
  154434    158369       121
  154556    158491        23
  154581    158516        41
  154623    158558        23
  154701    158640        31
  154733    158672        37
  154793    158734        40
  154834    158775        72
  154907    158848        66
  155036    158977        50
  155094    159035        97
  155192    159133        32
  155249    159190        34
  155284    159225        21
  155330    159271        20
  155351    159292        35
  155387    159328        32
  155420    159361        36
  155457    159398        22
  155590         1        76
