> gi|442568454|gb|KC180796.1|
      17       560        24
      58       601        36
     170       713        41
     215       758        44
     278       821        38
     317       860        41
     359       902        32
     401       944        65
     467      1010        41
     524      1067        20
     578      1121        20
     602      1145        32
     644      1187        20
     676      1219        81
     773      1316        26
     800      1343        26
     827      1370        20
     848      1391        25
     878      1421        47
     935      1478        32
     968      1511        35
    1013      1556        39
    1055      1598        34
    1301      1894        52
    1390      1983        45
    1816      2342        20
    1942      2468        23
    2615      3144        21
    2872      3395        26
    3247      3763        23
    3910      4355        20
    3937      4382        25
    4024      4469        26
    5384      6167        51
    6800      7597        27
    6831      7628        32
    7213      8015        31
    7360      8162        50
    7821      8594        24
    7915      8688        22
    8085      8863        28
    8114      8892        23
    8141      8919        27
    9314      9720        41
    9954     10402        26
    9986     10434        27
   10022     10478        64
   10234     10791        47
   10282     10839        32
   10565     11285        28
   10699     11419        25
   10751     11471        32
   10784     11504        23
   10808     11528        26
   10871     11591        70
   10942     11662        21
   10967     11687        53
   11060     11780        21
   11085     11805        22
   11108     11828        25
   11204     11924        23
   11279     11999        23
   11387     12107        50
   11489     12209        68
   11558     12278        29
   11672     12392        35
   11708     12428        59
   11819     12539        35
   11855     12575        22
   11881     12601        24
   11951     12671        40
   12167     12866        41
   12324     13023        24
   12453     13152        34
   12489     13188        21
   12538     13237        21
   12565     13264        26
   13053     13710        26
   13127     13778        35
   13175     13839        21
   13276     13941        30
   13322     13987        47
   13396     14061        37
   13937     14655        23
   14003     14721        29
   14054     14772        23
   14102     14820        20
   14132     14850        20
   14153     14871        21
   14730     16007        38
   14769     16046        53
   14853     16130        35
   14892     16169        29
   14922     16199        25
   14967     16244        23
   15066     16343        23
   15093     16370        20
   15153     16430        35
   15243     16520        26
   15318     16595        23
   15378     16655        20
   15507     16789        23
   15728     16975        30
   15759     17006        20
   15780     17027        29
   15810     17057        20
   15831     17078        35
   15887     17134        30
   15930     17177        22
   16095     17342        26
   16131     17378        20
   16229     17476        27
   16257     17504        24
   16282     17529        34
   16343     17590        36
   16874     18139        26
   16961     18226        22
   17088     18353        22
   17177     18442        26
   17324     18589        38
   17363     18628        23
   17402     18667        35
   17468     18733        23
   17587     18849        21
   17978     19252        24
   18307     19575        30
   18491     19759        20
   18512     19780        35
   18613     19881        29
   18674     19942        35
   18710     19978        23
   18794     20062        32
   18971     20239        32
   19463     20731        28
   19541     20818        34
   19633     20910        35
   19691     20968        23
   19759     21036        24
   19787     21064        32
   19832     21109        47
   19934     21211        21
   20048     21325        28
   20201     21481        20
   20222     21502        32
   20285     21565        50
   20342     21622        35
   20446     21726        23
   20470     21750        26
   20528     21808        26
   20642     21922        26
   20693     21973        20
   21225     22492        28
   21389     22656        22
   21485     22752        45
   21531     22798        56
   21606     22873        20
   21648     22915        23
   21825     23092        20
   21903     23170        20
   21948     23215        23
   21990     23257        32
   22026     23293        41
   22068     23335        20
   22089     23356        86
   22245     23512        22
   22302     23569        28
   22403     23670        21
   22467     23734        20
   22533     23800        21
   22557     23824        55
   22676     23935        33
   23187     24501        34
   23265     24578        20
   23304     24616        31
   23378     24690        35
   23431     24743        39
   23483     24795        26
   23576     24888        23
   23615     24927        50
   23693     25005        22
   23783     25095        49
   23847     25159        42
   23931     25243        33
   23965     25277        44
   24043     25355        53
   24121     25433        31
   24199     25511        29
   24235     25547        23
   24291     25603        45
   24378     25690        77
   24547     25859        21
   24652     25964        21
   24691     26003        23
   24801     26113        28
   24831     26143        21
   24931     26243        38
   24995     26307        21
   25123     26435        26
   25150     26462        30
   25296     26608        27
   25408     26720        26
   25498     26810        20
   25567     26879        24
   25753     27071        23
   25852     27170        23
   26008     27326        20
   26139     27457        49
   26189     27507        46
   26248     27566        23
   26293     27611        35
   26372     27690        22
   26407     27725        59
   26522     27840        25
   26599     27917        59
   26679     27997        20
   26725     28043        22
   26748     28066        36
   26785     28103        42
   26844     28162        27
   27956     29586        27
   27990     29620        27
   28791     30505        41
   28833     30547        35
   30057     31600        22
   30083     31626        32
   30116     31659        20
   30336     31854        25
   30946     32803        54
   31330     33314        36
   31367     33351        50
   31473     33453        57
   32312     34449        78
   33356     35929        52
   33426     35999        25
   33464     36037        29
   33530     36103        20
   33551     36124        20
   33572     36145        29
   33638     36211        20
   33674     36247        20
   33743     36316        38
   33782     36355        50
   33833     36406        68
   33944     36517        23
   33968     36541        32
   34037     36610        23
   34073     36646        32
   34142     36715        63
   34206     36779        35
   34256     36829        38
   34340     36913        41
   34388     36961        80
   34469     37042        42
   34557     37130        59
   34635     37208        20
   34672     37245        25
   34731     37304        29
   34770     37343        32
   34806     37379        20
   34839     37412        32
   34872     37445        23
   34896     37469        30
   34947     37520        20
   34974     37547        26
   35022     37595        32
   35055     37628        32
   35088     37661        45
   35208     37781        32
   35313     37886        23
   35337     37910        53
   35457     38030        23
   35574     38147        41
   35628     38201        77
   35748     38321        26
   35787     38360        28
   35956     38625        32
   35992     38666        28
   36021     38695        23
   36441     39062        24
   36571     39192        26
   36609     39230        27
   36951     40063        33
   37177     40307        47
   37397     40530        21
   37425     40558        23
   37621     40754        25
   37931     41057        20
   37952     41078        26
   37979     41105        56
   38051     41177        53
   38105     41231        23
   38129     41255        34
   38170     41296        30
   38216     41342        59
   38282     41408        44
   38360     41486        20
   38417     41543        23
   38516     41642        29
   38612     41738        20
   38651     41777        26
   38780     41906        47
   38828     41954        32
   38885     42011        35
   38930     42056        32
   39035     42161        44
   39137     42263        46
   39206     42332        20
   39245     42371        20
   39329     42455        23
   39494     42620        32
   39527     42653        23
   39602     42728        20
   39743     42869        53
   39814     42940        42
   39962     43088        86
   40048     43177        46
   40095     43224        92
   40230     43359        20
   40251     43380        23
   40314     43443        20
   40353     43482        23
   40377     43506        20
   40473     43602        23
   40500     43629        35
   40536     43665        20
   40647     43776        22
   40692     43821        23
   40716     43845        35
   40923     44052        38
   41001     44130        50
   41106     44235        20
   41133     44262        23
   41193     44322        59
   41253     44382        37
   41307     44436        34
   41409     44538        26
   41494     44623        34
   41535     44664        59
   41684     44813        26
   41715     44844        29
   41772     44901        38
   41838     44967        32
   41871     45000        26
   41898     45027        20
   42003     45132        32
   42048     45177        32
   42090     45219        26
   42141     45270        20
   42171     45300        23
   42195     45324        29
   42291     45420        24
   42316     45445        33
   42429     45554        29
   42478     45603        35
   42653     46052        23
   42789     46197        20
   42831     46239        35
   42867     46275        35
   42943     46351        54
   43094     46540        20
   43152     46597        23
   43234     46674        23
   43258     46698        24
   43507     46933        24
   43538     46963        21
   43606     47046        42
   43649     47089        26
   43745     47185        26
   43772     47212        24
   43803     47243        43
   43881     47320        42
   44195     47634        20
   44375     47818        20
   44433     47876        24
   44576     48051        37
   44621     48096        48
   44716     48191        23
   45208     49015        94
   45619     49398        21
   45839     49612        22
   45866     49639        35
   45917     49690        20
   45938     49711        23
   46151     49924        26
   46181     49954        29
   46584     50184        80
   46873     45813        21
   47398     51522        39
   47442     51566        32
   47510     51634        22
   47576     51717        22
   47969     51995        23
   47993     52019        43
   48037     52063        26
   48064     52090        33
   48277     52304        54
   49239     53252        40
   49280     53293        29
   49339     53352        23
   49378     53391        30
   49505     53518        26
   49541     53554        21
   49762     53759        31
   49795     53792        27
   49833     53830        30
   49987     53984        38
   50101     54098        29
   50131     54128        35
   50173     54170        22
   50196     54193        24
   50221     54218        29
   50508     54504        22
   50544     54540        26
   50571     54567        41
   50768     54764        20
   51543     55371        23
   51617     55449        27
   51709     55518        32
   51761     55570        26
   51818     55627        24
   52042     55853        20
   52168     55978        42
   52228     56049        22
   52364     56181        24
   52389     56206        60
   52468     56287        20
   52684     56561        26
   52823     56700        22
   52914     56791        27
   52948     56825        20
   52973     56850        31
   53032     56909        31
   53097     56974        20
   53139     57016        26
   53196     57073        20
   53217     57094        20
   53253     57130        35
   53307     57184        20
   53331     57208        33
   53385     57262        29
   53426     57303        39
   53466     57343        20
   53502     57379        29
   53547     57424        29
   53580     57457        20
   53637     57514        26
   53700     57577        20
   53745     57622        20
   53784     57661        35
   53919     57796        20
   53979     57856        23
   54036     57913        23
   54084     57961        20
   54108     57985        29
   54138     58015        29
   54225     58102        20
   54285     58162        32
   54318     58195        47
   54410     58287        32
   54619     58498        25
   54991     58892        38
   55131     59037        27
   55307     59190        72
   55380     59263        21
   55435     59318        32
   55525     59408        35
   55567     59450        27
   55657     59540        35
   55693     59576        32
   55783     59666        20
   55894     59777        32
   55960     59843        42
   56003     59886        21
   56059     59942        20
   56119     60002        41
   56161     60044        22
   56184     60067        21
   56233     60116        41
   56299     60182        32
   56485     60368        29
   56629     60512        20
   56668     60551        20
   57702     61385        21
   58101     61868        26
   58359     62114        38
   58434     62189        33
   58468     62223        22
   58686     62441        20
   58806     62561        30
   58837     62592        22
   58875     62630        26
   59043     62798        23
   59070     62825        26
   59097     62852        21
   59752     50499        21
   59884     63706        62
   60244     64102        23
   60348     64207        21
   60416     64275        28
   60511     64370        34
   60624     64483        49
   60757     64616        22
   60851     64710        27
   60882     64741        20
   61399     15658        20
   61657     65801        25
   61683     65827        25
   61987     66131        23
   62042     66186        42
   62115     66259        25
   62248     66392        21
   62282     66426        20
   62542     66650        26
   62660     66762        26
   62726     66828        38
   62801     66903        23
   62841     66943        27
   63092     67194        32
   63131     67233        23
   63158     67260        23
   63440     67542        29
   64539     68630        23
   64603     68694        22
   64795     68910        44
   64849     68964        24
   64917     69032        43
   64961     69076        38
   65000     69115        48
   65061     69175        31
   65196     69310        38
   65244     69358        38
   65442     69551        26
   66464     70688        30
   66536     70760        22
   66741     70944        29
   66774     70977        23
   66810     71013        26
   66962     71184        48
   67013     71235        35
   67183     71453        79
   68097     72468        21
   68202     72573        35
   68623     72966        66
   68711     73054        52
   68764     73107        33
   69035     73396        20
   69168     73531        26
   69252     73615        29
   69358     73721        20
   69394     73757        27
   69480     73842        20
   69582     73944        26
   69699     74085        20
   70232     74571        52
   70315     74654        46
   70555     74892        47
   70627     74964        22
   71312     75621        26
   71400     75707        35
   71472     75779        23
   71508     75815        22
   71559     75866        20
   71598     75905        20
   71655     75962        28
   71684     75991        20
   71922     76277        28
   72353     76823        31
   72407     76877        30
   72440     76910        20
   72467     76937        20
   72734     77154        24
   72759     77179        28
   72891     77312        29
   72952     77366        30
   73014     77428        23
   73044     77458        28
   73103     77517        32
   73136     77550        44
   73211     77625        23
   73277     77691        33
   73337     77751        23
   73367     77781        20
   73409     77823        23
   73433     77847        38
   73514     77928        23
   73541     77955        32
   73598     78012        20
   73664     78078        23
   73703     78117        41
   73745     78159        29
   73775     78189        50
   73850     78264        20
   73871     78285        23
   73934     78348        35
   74012     78426        38
   74111     78525        26
   74138     78552        23
   74165     78579        53
   74219     78633        35
   74342     78756        29
   74378     78792        23
   74405     78819        41
   74465     78879        20
   74650     79007        23
   74691     79048        22
   74714     79071        20
   74803     79166        33
   74837     79200        38
   74876     79239        23
   74921     79284        30
   74990     79356        42
   75048     79413        37
   75136     79501        20
   75707     80065        22
   75944     80293        23
   76246     80589        20
   76267     80610        38
   76306     80649        20
   76333     80676        23
   76366     80709        29
   76414     80757        23
   76459     80802        20
   76510     80853        20
   76552     80895        44
   76636     80979        20
   76822     81165        26
   76868     81211        20
   76931     81268        22
   77059     81389        36
   77250     81586        21
   77389     81708        21
   77803     82087        54
   77868     82152        28
   77909     82193        20
   77930     82214        20
   77963     82247        20
   77984     82268        30
   78122     82406        20
   78158     82442        38
   78209     82493        23
   78242     82526        23
   78320     82604        23
   78396     82685        31
   78612     82904        39
   78976     83268        26
   79003     83295        29
   79052     83344        32
   79279     83571        22
   79489     83781        24
   79525     83817        20
   79581     83875        25
   79637     83931        30
   79705     83999        29
   79740     84034        27
   79780     84074        20
   80185     84471        26
   80250     84536        27
   80408     84747        22
   80484     84823        33
   80741     85059        29
   80798     85116        44
   81025     85349        21
   81088     85412        21
   81122     85446        22
   81388     85723        20
   81409     85744        20
   81445     85780        26
   81576     85911        22
   81643     85978        24
   81673     86008        23
   81907     86240        23
   82018     86351        32
   82110     86443        21
   82174     86507        23
   82216     86549        24
   82257     86590        31
   82568     86888        25
   82874     87218        21
   83218     87539        20
   83253     87569        20
   83518     87837        25
   83560     87879        20
   83744     88063        30
   83997     88316        49
   84258     88613        41
   84406     88761        20
   84755     88970        39
   84935     89150        23
   85280     89301        22
   85309     89330        30
   85340     89361        32
   85373     89394        35
   85409     89430        20
   85454     89475        21
   85476     89497        34
   85535     89556        32
   85568     89589        97
   85673     89694        50
   85786     89807        66
   85853     89874        72
   85926     89947        40
   85989     90012        37
   86027     90050        31
   86113     90140        20
   86137     90164        41
   86180     90207        23
   86204     90231       121
   86327     90354       103
   86476     90503        82
   86559     90586        30
   86618     90645        33
   86652     90679        39
   86728     90761        66
   86798     90831        27
   86826     90859        20
   86851     90884        71
   86937     90970        23
   86999     91032        20
   87107     91139        33
   87152     91184        20
   87173     91205        20
   87194     91226        46
   87262     91294        37
   87312     91364        22
   87335     91387        61
   87424     91476        30
   87514     91566        24
   87593     91645        28
   87629     91681        30
   87774     91826        27
   87809     91861        21
   87855     91907        49
   87905     91957        34
   88144     92196        26
   88203     92255        22
   88234     92286        77
   88315     92367        22
   88354     92406        55
   88420     92472        21
   88453     92505        75
   88589     92635        31
   88625     92728        35
   88661     92764        53
   88720     92823        55
   88776     92879        22
   88809     92912        25
   88838     92941        20
   88863     92966        69
   88933     93036        23
   88974     93077        26
   89001     93104        22
   89062     93165        59
   89122     93225        23
   89219     93322        25
   89250     93353        48
   89370     93473        36
   89407     93510        56
   89470    155999        20
   89487     93590        56
   89572     93675        48
   89628     93737        23
   89667     93776        62
   89762     93871        46
   89929     94044        25
   89961     94070        59
   90095     94204        22
   90134     94243        42
   90191     94300        37
   90235     94344        29
   90265     94374        58
   90341     94450        23
   90402     94511        60
   90528     94637        39
   90574     94683        25
   90620     94729        37
   90676     94785        33
   90716     94819        58
   90792     94895        42
   90835     94938        42
   90944     95047        29
   91005     95108        21
   91035     95138        62
   91135     95244        33
   91181     95290        35
   91255     95358        43
   91315     95418        26
   91342     95445        21
   91381     95484        21
   91403     95506        26
   91434     95534        56
   91549     95649        22
   91572     95672        30
   91603     95703        46
   91690     95790        42
   91733     95833        49
   91800     95900        25
   91826     95926        45
   91872     95972        62
   91935     96035        63
   92002     96102        46
   92049     96149        23
   92091     96191       136
   92422     96519        67
   92490     96587        39
   92533     96630        34
   92569     96666       122
   92702     96799        35
   92738     96835        35
   92785     96882        20
   92873     96970       156
   93028     97134        97
   93189     97295        67
   93289     97452        36
   93326     97489        32
   93395     97564        38
   93462     97781        45
   93516     97835        43
   93562     97881        37
   93661     97980        28
   93690     98009        24
   93714     98024        30
   93770     98080        32
   93811     98121        30
   93848     98158        27
   93949     98253        21
   93975     98279        21
   94023     98333        23
   94049     98359        33
   94096     98401        23
   94142     98446        20
   94226     98523        47
   94304     98607        24
   94349     98652        39
   94389     98692        34
   94440     98736        24
   94472     98768        32
   94571     98858        36
   94608     98895        26
   94637     98924        25
   94693     98984        31
   94736     99028        25
   94774     99066        50
   94956     99135        87
   95044     99223        56
   95116     99295        27
   95180     99359        25
   95396     99593        24
   95448     99645        27
   95468    149888        42
   95534     99738        24
   95565     99769        33
   95640     99845        45
   95700     99905        23
   95751     99956        44
   95816    100021        33
   95850    100055        31
   95895    100100        51
   95955    100160        72
   96038    100243        54
   96103    100308        40
   96153    100358        88
   96242    100447        54
   96297    100502       288
   96599    100807        27
   96625    100827        68
   96694    100896        24
   96746    100933        54
   96801    100988        95
   96969    101139        39
   97025    101195        23
   97064    101234        46
   97122    101292        30
   97168    101338        67
   97242    101412        59
   97315    101485        25
   97342    101512        28
   97371    101541        53
   97425    101595        35
   97479    101649       113
   97605    101775        41
   97647    101817        39
   97687    101857        58
   97794    101964        34
   97829    101999        38
   97890    102060        25
   97926    102102        36
   97973    102149        24
   97998    102174        48
   98052    102228        20
   98085    102256        47
   98172    102340        23
   98196    102364        80
   98297    102465        36
   98334    102502        38
   98388    102556        83
   98472    102640        40
   98513    102681       149
   98665    102833        35
   98709    102872        39
   98771    102938        48
   98830    102997        34
   98865    103032        23
   98889    103056        46
   98936    103103        28
   98967    103135        36
   99027    103195        31
   99078    103246        27
   99117    103274        57
   99186    103343        53
   99244    103401       137
   99394    103551       163
   99558    103715        22
   99581    103738        20
   99631    103788        20
   99652    103809        28
   99694    103851        33
   99850    104025        20
   99983    104155        22
  100155    104313        27
  100175    104339        21
  100197    104361        39
  100248    104412        47
  100347    104510        32
  100407    104594        41
  100565    104727        39
  100727    104884        51
  100783    104940        40
  100841    104992        33
  100918    105248        21
  100942    105272        25
  100968    105298        25
  101007    105336        22
  101030    105359        29
  101109    105439        24
  101133    105471        32
  101201    105540        78
  101335    105674        27
  101404    105743        21
  101433    105772        21
  101471    105810       171
  101654    105993       262
  101917    106256        26
  101944    106283        41
  101986    106325        59
  102046    106385       168
  102232    106571       222
  102455    106794        20
  102476    106815       109
  102586    106925       108
  102710    107049        67
  102778    107117       125
  102904    107243        21
  102926    107265        88
  103021    107354        20
  103112    107446        21
  103134    107468        44
  103236    107571        24
  103289    107622       117
  103407    107740        39
  103479    107811        29
  103509    107841        20
  103530    107862        44
  103592    107924        81
  103668    108005        21
  103690    108027        77
  103768    108106        32
  103836    108174        59
  103913    108253        45
  103962    108301        43
  104004    108338        65
  104071    108409        26
  104098    108436        37
  104138    108477        21
  104160    108499        24
  104186    108525        25
  104222    108561        24
  104259    108593        68
  104329    108668        27
  104374    108706        96
  104471    108803        98
  104568    108898        38
  104607    108937        36
  104676    109006        45
  104722    109052        41
  104776    109106        52
  104829    109159        30
  104876    109207        31
  104921    109252        30
  104952    109283        26
  104978    109302        25
  105011    109335        33
  105065    109393        26
  105097    109425        73
  105171    109499        30
  105213    109540        59
  105291    109625        47
  105339    109673        45
  105414    109742        67
  105482    109810       162
  105645    109973        66
  105711    110035        26
  105762    110086       120
  105927    110251        28
  105986    110312       102
  106089    110415       278
  106377    110703       186
  106564    110890        63
  106628    110954        42
  106679    111005       248
  106928    111254        31
  106980    111306        60
  107041    111367       275
  107313    111640       130
  107445    111772       120
  107566    111893       498
  108065    112392       174
  108250    112577        49
  108301    112625        20
  108371    112695        56
  108508    112827        31
  108547    136701        35
  108573    112887        23
  108662    112975        94
  108757    113070        35
  108793    113106        23
  108908    113216        31
  108958    113266        24
  109014    113327        36
  109051    113364        58
  109168    113477        29
  109320    113639        29
  109374    113697        20
  109395    113718        28
  109496    113823        27
  109562    113895        25
  109588    113921        43
  109705    114053        56
  109762    114110        43
  109865    114213        29
  109922    114271        31
  109960    114309        32
  110074    114382        21
  110157    114470        22
  110223    114536        77
  110363    114685        70
  110434    114756        43
  110481    114803        25
  110531    114847        65
  110609    114925        44
  110654    114970        20
  110675    114991        23
  110759    115093        65
  111004    115344        30
  111035    115375        20
  122384    122611        20
  129417    133915        21
  129470    133968        38
  129704    134193        20
  129725    134214        30
  129935    134430        65
  130061    134574        23
  130085    134598        20
  130106    134619        44
  130163    134676        65
  130253    134760        25
  130282    134789        43
  130326    134833        70
  130459    134975        77
  130580    135096        22
  130664    135185        21
  130767    135247        32
  130806    135286        31
  130865    135346        29
  130954    135435        43
  130998    135479        56
  131128    135624        43
  131172    135668        25
  131236    135738        27
  131336    135842        28
  131365    135871        20
  131410    135920        29
  131562    136082        29
  131650    136166        58
  131709    136225        36
  131777    136298        24
  131820    136341        31
  131943    136459        23
  131967    136483        35
  132003    136519        94
  132163    136678        23
  132177    112852        35
  132220    136730        31
  132332    136837        56
  132438    136943        20
  132460    136962        49
  132520    137022       174
  132695    137197       498
  133194    137696       120
  133316    137818       130
  133443    137946       275
  133719    138222        60
  133800    138303        31
  133832    138335       248
  134089    138592        42
  134132    138635        63
  134196    138699       186
  134392    138895       278
  134671    139174       102
  134804    139309        28
  134877    139382       120
  135022    139527        26
  135048    139549        66
  135115    139616       162
  135278    139779        67
  135375    139870        45
  135421    139916        47
  135487    139989        59
  135558    140059        30
  135589    140090        73
  135668    140169        26
  135715    140220        33
  135756    140261        25
  135781    140279        26
  135808    140306        30
  135852    140350        31
  135900    140399        30
  135931    140430        52
  135996    140495        41
  136038    140537        45
  136116    140615        36
  136153    140652        38
  136190    140687        98
  136289    140786        96
  136403    140893        27
  136432    140927        68
  136513    141003        24
  136548    141038        25
  136575    141065        24
  136600    141090        21
  136624    141115        37
  136662    141153        26
  136690    141185        65
  136754    141244        43
  136801    141290        45
  136864    141355        59
  136959    141450        32
  136992    141484        77
  137070    141562        21
  137086    141583        81
  137185    141682        44
  137230    141727        20
  137251    141748        29
  137313    141809        39
  137353    141849       117
  137499    141993        24
  137581    142076        44
  137626    142121        21
  137718    142214        20
  137745    142235        88
  137834    142324        21
  137856    142346       125
  137982    142472        67
  138065    142555       108
  138174    142664       109
  138284    142774        20
  138305    142795       222
  138545    143035       168
  138714    143204        59
  138774    143264        41
  138816    143306        26
  138843    143333       262
  139117    143607       171
  139305    143795        21
  139334    143824        21
  139397    143887        27
  139480    143970        78
  139594    144085        32
  139626    144125        24
  139700    144200        29
  139730    144230        22
  139766    144265        25
  139792    144291        25
  139820    144319        21
  139885    144563        33
  139936    144608        40
  139981    144653        51
  140155    144822        39
  140311    144953        41
  140380    145046        32
  140464    145129        47
  140523    145188        39
  140563    145228        21
  140577    145248        27
  140754    145411        22
  140889    145543        20
  141032    145704        33
  141079    145751        28
  141108    145780        20
  141158    145830        20
  141179    145851        22
  141202    145874       163
  141378    146050       137
  141520    146192        53
  141585    146257        57
  141654    146315        27
  141701    146362        31
  141756    146417        36
  141795    146457        28
  141824    146486        46
  141871    146533        23
  141895    146557        34
  141940    146602        48
  142011    146677        39
  142059    146720        35
  142097    146758       149
  142247    146908        40
  142288    146949        83
  142387    147048        38
  142426    147087        36
  142483    147144        80
  142564    147225        23
  142627    147285        47
  142687    147340        20
  142713    147366        48
  142762    147415        24
  142797    147450        36
  142844    147503        25
  142892    147551        38
  142931    147590        34
  143014    147673        58
  143073    147732        39
  143113    147772        41
  143167    147826       113
  143299    147958        35
  143335    147994        53
  143389    148048        28
  143419    148078        25
  143458    148117        59
  143524    148183        67
  143607    148266        30
  143649    148308        46
  143711    148370        23
  143751    148410        39
  143863    148505        95
  143959    148601        54
  144041    148668        24
  144066    148693        68
  144133    148754        27
  144174    148798       288
  144463    149087        54
  144518    149142        88
  144616    149240        40
  144667    149291        54
  144732    149356        72
  144813    149437        51
  144878    149502        31
  144910    149534        33
  144964    149588        44
  145036    149660        23
  145074    149698        45
  145161    149786        33
  145201    149826        24
  145249     99658        42
  145284    149916        27
  145339    149971        24
  145554    150204        25
  145616    150266        27
  145659    150309        56
  145716    150366        87
  145935    150472        50
  145998    150535        25
  146035    150573        31
  146097    150639        25
  146125    150667        26
  146152    150694        36
  146255    150788        32
  146295    150828        24
  146336    150862        34
  146371    150897        39
  146431    150957        24
  146486    151018        47
  146597    151122        20
  146640    151164        23
  146677    151196        33
  146713    151232        23
  146763    151288        21
  146789    151314        21
  146884    151403        27
  146918    151437        30
  146957    151476        32
  147015    151534        30
  147045    151555        24
  147070    151580        28
  147160    151670        37
  147200    151710        43
  147252    151762        45
  147326    151986        38
  147401    152067        32
  147434    152100        36
  147503    152226        67
  147634    152357        97
  147730    152462       156
  147954    152686        20
  147986    152718        35
  148022    152754        35
  148068    152800       122
  148192    152924        34
  148230    152962        39
  148270    153002        67
  148532    153261       136
  148687    153416        23
  148711    153440        46
  148761    153490        63
  148825    153554        62
  148888    153617        45
  148934    153663        25
  148977    153706        49
  149027    153756        42
  149110    153839        46
  149157    153886        30
  149188    153917        22
  149269    153998        56
  149330    154056        26
  149357    154083        21
  149396    154122        21
  149418    154144        26
  149461    154187        43
  149543    154263        35
  149591    154311        33
  149662    154388        62
  149733    154459        21
  149786    154512        29
  149882    154608        42
  149925    154651        42
  149985    154711        58
  150050    154770        33
  150102    154822        37
  150160    154880        25
  150192    154912        39
  150297    155017        60
  150395    155115        23
  150436    155156        58
  150495    155215        29
  150531    155251        37
  150583    155303        42
  150642    155362        22
  150739    155459        59
  150805    155519        25
  150951    155671        46
  151030    155750        62
  151108    155828        23
  151139    155865        48
  151216    155942        56
  151269     93569        20
  151296    156022        56
  151353    156079        36
  151461    156187        48
  151515    156241        25
  151614    156340        23
  151638    156364        59
  151736    156462        22
  151759    156485        26
  151803    156529        23
  151827    156553        69
  151901    156627        20
  151925    156651        25
  151961    156687        22
  151984    156710        55
  152045    156771        53
  152099    156825        35
  152139    156922        31
  152231    157008        75
  152318    157095        21
  152350    157127        55
  152422    157199        22
  152448    157225        77
  152534    157311        22
  152589    157366        26
  152820    157597        34
  152855    157632        49
  152929    157706        21
  152958    157735        27
  153100    157877        30
  153138    157915        28
  153221    157998        24
  153305    158082        30
  153363    158140        61
  153425    158202        22
  153460    158257        37
  153519    158316        46
  153566    158363        20
  153587    158384        20
  153619    158416        33
  153740    158536        20
  153799    158595        23
  153837    158633        71
  153913    158709        20
  153934    158730        27
  153965    158761        66
  154068    158870        39
  154108    158910        33
  154170    158972        30
  154201    159003        82
  154329    159131       103
  154434    159236       121
  154556    159358        23
  154581    159383        41
  154626    159428        20
  154701    159507        31
  154733    159539        37
  154793    159601        40
  154834    159642        72
  154907    159715        66
  155036    159844        50
  155094    159902        97
  155192    160000        32
  155249    160057        34
  155284    160092        21
  155330    160138        20
  155351    160159        35
  155387    160195        32
  155420    160228        30
  155457    160265        22
  155588         1        78
