> gi|705244307|gb|KM078036.1|
     158       145        29
     188       175        20
     257       244        47
     308       295        26
     353       340        26
     385       372        21
     410       397        30
     482       469        68
     569       556        20
     626       613        26
     653       640        20
     695       682        49
     745       732        24
     779       766        34
     827       814        29
     911       898        31
     962       949        26
     995       982        68
    1088      1075        20
    1115      1102        49
    1217      1219        32
    1380      1381        52
    1469      1473        26
    1712      1708        23
    1965      1961        33
    2102      2098        23
    2276      2272        20
    2576      2572        24
    2666      2662        20
    2792      2788        29
    3613      3659        31
    3867      4041        70
    4004      4193        20
    4633      4972        22
    4672      5011        22
    4702      5041        25
    4735      5074        21
    4760      5099        50
    5100      5470        22
    5499      5820        45
    5545      5866        21
    5619      5932        22
    6308      6869        28
    6337      6898        29
    6512      7061        30
    6875      7436        25
    6901      7462        21
    7339      7928        29
    7543      8166        28
    7577      8200        21
    7599      8222        28
    8646     33046        39
    8736     33136        20
    8766     33166        38
    8859     33259        20
    8928     33328        20
    8970     33370        26
    9029     33429        21
    9111     33511        27
    9228     33628        47
    9360     33760        20
    9402     33802        38
    9441     33841        50
    9585     33985        41
    9681     34081        26
    9708     34108        27
    9832     34232        32
    9865     34265        26
   10123     34523        56
   10225     34625        20
   10246     34646        29
   10294     34694        35
   10357     34757        20
   10480     34880        22
   10579     34979        68
   10678     35078        29
   10732     35132        20
   10811     35211        34
   10879     35279        32
   10924     35324        27
   10957     35357        24
   11044     35444        31
   11262     35644        37
   11301     35688        48
   11710     36086        47
   11818     36194        39
   11869     36245        23
   12711     36820        28
   14726     31961        26
   14767     32002        35
   29499    122904        21
   36428     36929        23
   36452     36953        36
   36614     37119        24
   36772     37268        25
   36811     37307        26
   37013     37499        38
   37052     37538        53
   37136     37622        32
   37193     37679        86
   37289     37775        37
   37343     37829        41
   37403     37889        23
   37441     37927        30
   37472     37958        38
   37589     38075        26
   37616     38102        35
   37745     38231        25
   37802     38288        23
   37865     38351        41
   37922     38408        80
   38042     38528        23
   38066     38552        20
   38087     38573        40
   38144     38630        41
   38234     38720        22
   38271     38757        22
   38351     38837        20
   38429     38915        21
   38486     38972        32
   38648     39134        23
   38758     39244        39
   38816     39302        23
   38869     39355        20
   38900     39386        26
   38927     39413        20
   38972     39458        47
   39047     39533        32
   39080     39566        20
   39116     39602        62
   39200     39686        21
   39222     39708        20
   39276     39762        29
   39330     39816        50
   39381     39867        40
   39438     39924        41
   39480     39966        26
   39555     40041        26
   39588     40074        68
   39663     40149        31
   39705     40191        23
   39774     40260        23
   39855     40341        23
   39879     40365        38
   39966     40452        38
   40017     40503        22
   40128     40614        24
   40197     40683        35
   40233     40719        20
   40254     40740        20
   40293     40779        23
   40317     40803        21
   40422     40908        20
   40539     41025        20
   40719     41205        20
   40755     41241        32
   40896     41382        20
   40929     41415        26
   40982     41468        62
   41070     41556        20
   41091     41577        23
   41148     41634        44
   41295     41781        65
   41445     41931        33
   42211     42534        29
   42283     42606        23
   42323     42651        48
   42563     42921        22
   42642     43001        29
   42962     43313        20
   43005     43356        63
   43099     43450        20
   43132     43483        50
   43197     43548        21
   43222     43573        33
   43256     43607        20
   43316     43673        30
   43563     43915        25
   43793     44133        30
   43846     44186        22
   44759     45117        52
   44813     45172        39
   45344     45708        32
   45403     45767        30
   45461     45825        23
   45560     45924        20
   45581     45945        20
   45719     46083        20
   45776     46143        30
   46098     46485        38
   46771     47444        23
   46820     47493        37
   46864     47537        20
   46929     47618        43
   47304     47947        31
   47360     48003        20
   47386     48029        28
   47719     48385        20
   47773     48439        66
   48408     49277        27
   48511     49380        25
   48568     49437        20
   48665     49534        22
   48727     49596        33
   48792     49661        25
   49196     50069        20
   49241     50114        23
   49292     50165        20
   49331     50204        35
   49367     50240        23
   49433     50306        35
   49481     50354        26
   49523     50396        32
   49562     50435        29
   49661     50534        20
   49735     50614        24
   49894     50773        22
   50053     50932        31
   51007     52392        36
   51064     52449        30
   51124     52509        22
   51213     52607        31
   51249     52643        25
   51333     52722        41
   51616     53001        20
   51885     53230        25
   51911     53256        31
   52222     53641        20
   52291     53710        21
   52363     53779        32
   52521     53937        23
   52623     54039        20
   52662     54078        28
   52691     54107        30
   52749     54165        30
   52787     54203        30
   52854     54270        20
   52971     54387        20
   53024     54440        36
   53061     54477        23
   53103     54519        23
   53211     54627        26
   53301     54717        23
   53328     54744        20
   53544     54960        30
   53619     55035        35
   53733     55149        32
   53817     55233        22
   54405     55966        21
   54737     56168        30
   54846     56277        31
   54918     56349        20
   54957     56388        47
   55086     56517        26
   55177     56608        28
   55212     56643        20
   55269     56700        26
   55368     56799        20
   55476     56907        26
   55542     56973        32
   55591     57022        40
   55635     57066        47
   55770     57201        24
   55800     57231        20
   55890     57321        23
   55917     57348        20
   55956     57387        20
   56003     57434        24
   56067     57498        20
   57902     60878        23
   58386     61423        20
   58552     61589        26
   58692     61729        26
   58780     61814        53
   58834     61868        22
   59496     62492        31
   59648     62644        32
   59724     62720        29
   59789     62785        20
   59857     62853        20
   59987     62983        23
   60215     63190        21
   60271     63247        24
   60347     63323        44
   60392     63368        29
   60482     63458        21
   60528     63504        22
   60590     63566        20
   60659     63635        21
   60730     63706        21
   60785     63761        26
   60848     63824        32
   60986     63962        26
   61013     63989        32
   61110     64086        22
   61169     64145        48
   62142     65312        26
   62192     65362        30
   62278     65448        21
   62300     65470       106
   62425     65598        34
   62523     65696        25
   62549     65722        40
   62677     65850        20
   62698     65871       112
   64016     66925        21
   64244     67161        32
   64369     67289        24
   64478     67394        82
   64685     67646        32
   64718     67679        24
   64743     67704        28
   65006     67954        26
   65119     68115        20
   65140     68136        20
   65218     68214        43
   65693     68720        22
   66351     69163        34
   66388     69200        31
   66438     69250        27
   67200     70012        22
   67286     70120        23
   67413     70249        26
   67601     70439        22
   67624     70462        27
   67689     70528        40
   67915     71104        21
   67987     71176        20
   68266     71418        45
   68846     73515        21
   69298     73957        52
   69381     74040        26
   69492     74151        26
   69525     74184        30
   69561     74220        35
   69696     74355        41
   69864     74523        26
   69943     74602        37
   69981     74640        47
   70032     74691        47
   70089     74748        20
   70143     74802        24
   70200     74859        32
   70233     74892        65
   70299     74958        20
   70356     75015        44
   70584     75243        35
   70644     75303        20
   70674     75333        47
   70729     75388        53
   70992     75661        21
   71026     75695        32
   71180     75848        32
   71234     75902        20
   71392     76073        21
   71567     76248        29
   71764     76437        22
   71835     76504        20
   72297     77003        21
   72422     77135        29
   72485     77203        32
   72542     77260        35
   72578     77296        21
   72644     77362        20
   72671     77389        26
   72716     77434        23
   72740     77458        53
   72794     77512        20
   72884     77602        20
   73073     77791        29
   73103     77821        26
   73243     77974        23
   73323     78056        25
   73605     78356        22
   73709     78450        21
   73838     78575        22
   74004     78743        22
   74043     78782        20
   74104     78849        26
   74158     78903        20
   74179     78924        50
   74419     79164        32
   74490     79235        36
   74619     79358        21
   74988     79730        23
   75034     79776        21
   75126     79868        20
   75162     79904        26
   75232     79974        24
   75445     80193        20
   75466     80214        45
   75585     80333        38
   75669     80417        29
   75708     80456        36
   75987     80728        20
   76281     80983        24
   76789     81345        21
   77155     81710        27
   77264     81819        20
   77402     81945        31
   77657     82293        22
   77680     82316        20
   77737     82373        26
   77902     82538        23
   77970     82603        27
   78016     82649        25
   78277     82923        20
   78343     82989        44
   78430     83076        23
   78532     83178        36
   78602     83247        37
   78707    115304        20
   79002     83669        22
   79247     83872        29
   79472     84130        20
   79583     84268        30
   79780     84488        20
   79960     84668        20
   80144     84858        24
   80385     85030        27
   80431     85076        43
   80818     85502        20
   81167     85790        21
   81371     85994        26
   81463     86090        86
   81604     86219        26
   81631     86246        21
   81653     86268        55
   81716     86331        22
   81781     86396        27
   81809     86424        63
   81880     86495        29
   81910     86525        26
   81937     86552        20
   82021     86636        30
   82057     86674        33
   82091     86708        29
   82125     86742        27
   82153     86770        35
   82188     86800        22
   82211     86823        32
   82245     86857        41
   82287     86899        41
   82369     86985        26
   82414     87030       103
   82518     87134        30
   82549     87165        32
   82582     87198        23
   82608     87224       122
   82747     87363       133
   82938     87554        20
   83002     87618        23
   83126     87742        25
   83251     87867        39
   83346     87962        21
   83368     87984        22
   83409     88020        25
   83450     88061        23
   83472     88078        27
   83558     88160        23
   83591     88193        66
   83827     92943        29
   83996     93106        35
   84065     93175        24
   84106     93225        22
   84129     93248        35
   84231     93776        25
   84409     93954        22
   84763     94301        38
   85018     94518        27
   85067     95633        25
   85129     95691        48
   85200     95762        38
   85244     95806        31
   85980    147169        20
   86006     96194        39
   86046     96234        90
   86137     96325        33
   86361     96534        30
   86509     96692        29
   86539     96722        33
   86576     96757        86
   86663     96844        20
   86699     96880        83
   86783     96964        20
   86806     96987        68
   86883     97064        37
   86921     97102        22
   86957     97138        20
   86978     97159       108
   87087     97268       121
   87212     97393        49
   87275     97456        73
   87356     97537        32
   87389     97570        29
   87419     97600        27
   87462     97643        62
   87532     97713        47
   87607     97776        51
   87676     97840        31
   87742     97905        86
   87860     98023        23
   87884     98047        63
   87948     98111        71
   88031     98194        43
   88097     98256        32
   88143     98302        41
   88193     98352        69
   88269     98428        29
   88299     98458        69
   88369     98528        21
   88391     98550        21
   88413     98572        80
   88494     98653        88
   88602     98761       164
   88767     98926        29
   88797     98956        31
   88829     98988       102
   88969     99137        44
   89031     99199        24
   89090     99258        39
   89140     99318        30
   89198     99380        28
   89227     99409        31
   89282     99464        20
   89303     99485        44
   89479     99658        21
   89502     99681        39
   89554     99733        29
   89605     99784        22
   89628     99807        23
   89656     99835        48
   89705     99884        24
   89739     99920        45
   89785     99966        52
   89853    100034        68
   89948    100129        45
   89994    100175       109
   90133    100315        28
   90176    100358       147
   90332    100514        24
   90362    100544        40
   90403    100585       110
   90543    100725        24
   90571    100753        42
   90719    100901        24
   90886    101072        30
   90964    101347        21
   91076    101464        34
   91111    101499        22
   91134    101522        20
   91164    101558        34
   91199    101593        53
   91276    101675        33
   91462    101803        22
   91546    101886        22
   91611    101951        20
   91633    101973        21
   91695    102047        32
   91748    102117        20
   91825    102196        33
   91859    102230        46
   91912    102283        37
   91952    102327        53
   92019    102395        33
   92053    102429        20
   92113    102489        54
   92250    102645        78
   92397    102791        25
   92461    102852        23
   92527    102919        94
   92622    103014        25
   92648    103040        92
   92751    103143        36
   92788    103180       150
   92957    103349        22
   92980    103372       223
   93206    103598        90
   93297    103689        37
   93345    103737       161
   93507    103899        26
   93541    103933        60
   93602    103994        34
   93638    104031        23
   93697    104090        48
   93746    104139        20
   93767    104160        71
   93839    104232        41
   93881    104274        37
   93986    104378        73
   94067    104465        22
   94111    104508        45
   94159    104560        41
   94344    104737        83
   94428    104821        32
   94461    104854        42
   94509    104902        22
   94530    104919        46
   94577    104966        51
   94630    105018        54
   94685    105073        22
   94716    105104        60
   94777    105165        48
   94843    105232        28
   94933    105463        61
   95061    105589        29
   95091    105619        44
   95138    105665        35
   95174    105701        68
   95258    105785        20
   95289    105815        65
   95355    105881        22
   95378    105904        46
   95437    105963        36
   95510    106039        62
   95573    106102        52
   95626    106155        38
   95672    106193        29
   95702    106223        42
   95751    106272        25
   95810    106339        68
   95879    106408        24
   95911    106441        20
   95941    106471        49
   95997    106522        99
   96099    106624        85
   96219    106738        25
   96245    106764        26
   96280    106797        46
   96340    106857        94
   96473    106988       142
   96616    107131        20
   96661    107176       161
   96853    107365        22
   96880    107392        70
   96950    107457        34
   96985    107492        34
   97020    107527        33
   97066    107573        72
   97139    107646        83
   97227    107734       166
   97403    107910        37
   97441    107948        32
   97482    107989        43
   97526    108033        42
   97590    108097        32
   97623    108130        33
   97662    108169        79
   97742    108249        27
   97772    108279        39
   97835    108342        28
   97986    108424       159
   98162    108599        61
   98224    108661        53
   98291    108728       218
   98510    108947        30
   98555    108992        21
   98577    109014        27
   98630    109068        96
   98733    109171        39
   98788    109226       102
   98891    109329        50
   98952    109390        30
   98983    109421        55
   99039    109477        20
   99060    109498        61
   99122    109560        30
   99173    109611        34
   99236    109675        26
   99271    109710        22
   99331    109780        50
   99447    109875        20
   99510    133412        28
   99610    110050        62
   99679    110119        45
   99738    110178        28
   99813    110243        21
   99974    110443        74
  100088    110557        32
  100169    110991        42
  100227    111043        21
  100317    111116        48
  100366    111165        31
  100431    111230        34
  100492    111291        29
  100600    111400        31
  100783    111565        41
  103431    113467        27
  103607    113643        20
  103671    113707        54
  103726    113762        20
  103784    113820        30
  103815    113851        28
  103844    113880        35
  104036    114072        20
  104244    114280        25
  104270    114306        38
  104360    114396        28
  104389    114425        21
  104457    114493        21
  104605    114641        24
  104809    114845        26
  105747    115567        20
  105780    115600        26
  106664    116603        31
  107000    116942        22
  107177    117125        37
  107218    117166        24
  107569    117514        38
  107671    117616        23
  108051    118020        20
  108123    118092        23
  108147    118116        41
  108243    118212        29
  108555    118524        23
  108642    118611        29
  108720    118689        20
  108741    118710        21
  108927    118896        20
  108966    118935        29
  109146    119115        25
  109404    119373        30
  109462    119423        22
  109539    119544        21
  109634    119643        20
  109880    119896        20
  110405    120267        28
  110434    120296        23
  110554    120416        21
  110803    120644        26
  110848    120689        29
  110943    120784        21
  111109    120950        29
  111181    121022        23
  111747    121486        36
  111828    121567        32
  111918    121657        41
  112017    121756        33
  112226    121958        22
  112279    122011        37
  112609    122332        32
  112741    122464        36
  113541    123315        24
  113670    123439        24
  113782    123592        24
  113819    123629        24
  114180    123990        23
  114336    124149        24
  114387    124200        28
  114423    124236        24
  114523    124336        36
  115063    124876        20
  115282    125095        38
  115423    125236        20
  115700    125497        20
  115854    125651        22
  115881    125681        21
  116385    126288        28
  117041    131754        41
  117234    131929        31
  117344    132040        29
  117400    132096        34
  117468    132164        31
  117500    132196        48
  117617    132296        21
  117654    132327        42
  117745    132771        32
  117817    132843        74
  118031    133096        21
  118099    133154        28
  118141    133196        45
  118193    133248        62
  118327    109920        28
  118398    133465        20
  118484    133530        50
  118572    133628        22
  118603    133659        26
  118658    133715        34
  118713    133770        30
  118744    133801        61
  118806    133863        20
  118827    133884        55
  118883    133940        30
  118924    133981        50
  118975    134032       102
  119093    134150        39
  119139    134196        96
  119261    134319        27
  119289    134347        21
  119325    134383        30
  119356    134414       218
  119588    134646        53
  119642    134700        61
  119720    134777       159
  120002    134990        28
  120054    135042        39
  120096    135084        27
  120124    135112        79
  120209    135197        33
  120243    135231        32
  120297    135285        42
  120340    135328        43
  120392    135380        32
  120425    135413        37
  120472    135460       166
  120643    135631        83
  120727    135715        72
  120812    135800        33
  120846    135834        34
  120881    135869        34
  120915    135898        70
  120990    135973        22
  121043    136023       161
  121229    136209        20
  121250    136230       142
  121431    136409        94
  121539    136517        46
  121594    136570        26
  121621    136597        25
  121681    136651        85
  121769    136739        99
  121875    136840        49
  121934    136899        20
  121962    136928        24
  121987    136953        68
  122089    137063        25
  122121    137095        42
  122164    137138        29
  122201    137167        38
  122240    137206        52
  122293    137259        62
  122392    137361        36
  122441    137410        46
  122488    137457        22
  122511    137480        65
  122587    137555        20
  122623    137591        68
  122692    137660        35
  122730    137697        44
  122775    137742        29
  122871    137836        61
  122994    138100        28
  123040    138147        48
  123089    138196        60
  123158    138265        22
  123181    138288        54
  123237    138343        51
  123289    138395        46
  123334    138436        22
  123362    138464        42
  123405    138507        32
  123438    138540        83
  123665    138759        41
  123709    138807        45
  123776    138873        22
  123806    138909        73
  123947    139049        37
  123985    139087        41
  124027    139129        71
  124099    139201        20
  124120    139222        48
  124204    139306        23
  124229    139332        34
  124264    139367        60
  124332    139435        26
  124359    139462       161
  124531    139634        37
  124569    139672        90
  124662    139765       223
  124886    139989        22
  124927    140030       150
  125078    140181        36
  125125    140228        92
  125218    140321        25
  125244    140347        94
  125381    140485        23
  125443    140544        25
  125537    140637        78
  125698    140817        54
  125792    140911        20
  125813    140932        33
  125860    140980        53
  125916    141040        37
  125960    141084        46
  126007    141131        33
  126097    141223        20
  126138    141281        32
  126211    141366        21
  126234    141389        20
  126297    141452        22
  126381    141535        22
  126556    141652        33
  126613    141714        53
  126667    141768        34
  126711    141818        20
  126732    141839        22
  126755    141862        34
  126880    141992        21
  126949    142258        30
  127122    142435        24
  127252    142565        42
  127298    142611        24
  127352    142665       110
  127463    142776        40
  127509    142822        24
  127542    142855       147
  127704    143017        28
  127762    143076       109
  127872    143186        45
  127944    143258        68
  128028    143342        52
  128081    143395        45
  128136    143452        24
  128161    143477        48
  128214    143530        23
  128238    143554        22
  128282    143598        29
  128324    143640        39
  128365    143681        21
  128518    143831        44
  128563    143876        20
  128607    143920        31
  128639    143952        28
  128695    144012        30
  128736    144063        39
  128810    144137        24
  128852    144179        44
  128934    144270       102
  129037    144373        31
  129069    144405        29
  129099    144435       164
  129283    144619        88
  129372    144708        80
  129453    144789        21
  129475    144811        21
  129497    144833        69
  129567    144903        29
  129603    144939        69
  129681    145017        41
  129736    145072        32
  129791    145123        43
  129846    145178        71
  129918    145250        63
  129982    145314        23
  130037    145369        86
  130158    145489        31
  130207    145533        51
  130286    145600        47
  130341    145655        62
  130419    145733        27
  130447    145761        29
  130477    145791        32
  130517    145831        73
  130604    145918        49
  130657    145971       121
  130779    146093       108
  130888    146202        20
  130922    146236        22
  130945    146259        37
  130991    146305        68
  131062    146376        20
  131083    146397        83
  131182    146496        20
  131203    146517        86
  131293    146605        33
  131327    146639        29
  131474    146796        30
  131695    147002        33
  131729    147036        90
  131820    147127        39
  131865     96171        20
  132590    147523        31
  132627    147560        38
  132688    147621        48
  132773    147702        25
  132820    148815        27
  133064    149021        38
  133434    149384        22
  133609    149559        25
  133701    150077        35
  133737    150113        22
  133776    150161        24
  133834    150219        35
  134009    150388        29
  134208    155101        66
  134284    155177        23
  134366    155255        27
  134392    155276        23
  134431    155315        25
  134475    155354        22
  134840    155719        23
  134907    155786        20
  134985    155864       133
  135135    156014       122
  135260    156139        23
  135284    156163        32
  135317    156196        30
  135348    156227       103
  135470    156349        26
  135537    156420        41
  135579    156462        41
  135622    156505        32
  135655    156538        22
  135677    156555        35
  135713    156591        27
  135745    156623        29
  135775    156653        33
  135814    156694        30
  135908    156788        20
  135929    156809        26
  135956    156836        29
  135993    156873        63
  136057    156937        27
  136127    157007        22
  136157    157037        55
  136213    157093        21
  136235    157115        26
  136316    157184        86
  136468    157340        26
  136677    157549        21
